0.0430974	1	34	1404
0.0459696	2	36	1406
0.0463456	3	37	206
0.0493136	4	40	1406
0.0521856	5	43	1406
0.0525616	6	43	206
0.0555296	7	46	1406
0.0584016	8	49	1406
0.0587776	9	49	206
0.0617456	10	52	1406
0.0646176	11	55	1406
0.0649936	12	52	206
0.0679616	13	55	1406
0.0708336	14	54	1406
0.103702	15	30	206
0.10667	16	33	1406
0.11351	17	33	1406
0.117134	18	31	206
0.120102	19	34	1406
0.124942	20	33	1406
0.125598	21	30	206
0.12919	22	33	1406
0.132158	23	33	1406
0.133438	24	31	206
0.13703	25	34	1406
0.14003	26	34	1406
0.140438	27	31	206
0.143406	28	34	1406
0.146278	29	34	1406
0.146654	30	31	206
0.15003	31	34	1406
0.15303	32	34	1406
0.153438	33	31	206
0.156406	34	34	1406
0.159278	35	34	1406
0.159654	36	31	206
0.162622	37	34	1406
0.165494	38	34	1406
0.16587	39	31	206
0.168899	40	33	1406
0.171771	41	34	1406
0.172147	42	33	206
0.175115	43	36	1406
0.177987	44	36	1406
0.178835	45	34	206
0.181803	46	37	1406
0.187547	47	41	1406
0.187923	48	39	206
0.190891	49	42	1406
0.193763	50	43	1406
0.194139	51	42	206
0.197107	52	44	1406
0.199979	53	44	1406
0.203227	54	46	206
0.206195	55	49	1406
0.209067	56	50	1406
0.209443	57	48	206
0.212411	58	50	1406
0.215283	59	51	1406
0.216131	60	50	206
0.219099	61	53	1406
0.224843	62	56	1406
0.225219	63	55	206
0.228187	64	58	1406
0.233931	65	60	1406
0.234309	66	59	207
0.237279	67	62	1407
0.240625	68	63	1407
0.243875	69	64	207
0.246845	70	67	1407
0.249719	71	68	1407
0.250097	72	67	207
0.255939	73	71	1407
0.258813	74	72	1407
0.259191	75	71	207
0.262633	76	74	1407
0.268379	77	78	1407
0.268757	78	76	207
0.274599	79	81	1407
0.277473	80	82	1407
0.278323	81	80	207
0.281293	82	83	1407
0.287039	83	88	1407
0.287417	84	86	207
0.290387	85	89	1407
0.293261	86	91	1407
0.296511	87	91	207
0.299481	88	94	1407
0.302355	89	96	1407
0.302733	90	94	207
0.305703	91	97	1407
0.309049	92	100	1407
0.312299	93	101	207
0.315269	94	104	1407
0.318143	95	106	1407
0.321393	96	104	207
0.324363	97	107	1407
0.327237	98	109	1407
0.330959	99	110	207
0.333929	100	113	1407
0.336803	101	115	1407
0.337181	102	114	207
0.340151	103	117	1407
0.343025	104	119	1407
0.346275	105	119	207
0.349245	106	122	1407
0.352119	107	124	1407
0.352497	108	122	207
0.355467	109	125	1407
0.358813	110	127	1407
0.362063	111	126	207
0.365033	112	129	1407
0.370779	113	133	1407
0.371157	114	132	207
0.374127	115	135	1407
0.377001	116	137	1407
0.377851	117	135	207
0.380821	118	138	1407
0.386567	119	143	1407
0.386945	120	141	207
0.389915	121	144	1407
0.392789	122	146	1407
0.396039	123	147	207
0.399009	124	150	1407
0.401883	125	151	1407
0.405605	126	151	207
0.408575	127	154	1407
0.411449	128	156	1407
0.414699	129	156	207
0.417669	130	159	1407
0.420543	131	161	1407
0.424265	132	160	207
0.427235	133	163	1407
0.430109	134	165	1407
0.433359	135	166	207
0.436329	136	169	1407
0.439203	137	171	1407
0.439581	138	169	207
0.442551	139	172	1407
0.445425	140	174	1407
0.449147	141	173	207
0.454989	142	178	1407
0.457863	143	180	1407
0.458241	144	179	207
0.461211	145	182	1407
0.461589	147	175	207
0.464559	148	178	1407
0.467433	149	180	1407
0.467811	150	179	207
0.470781	151	182	1407
0.479871	155	181	1407
0.483593	156	179	207
0.486563	157	182	1407
0.489437	158	182	1407
0.489815	159	178	207
0.492785	160	181	1407
0.496131	161	179	1407
0.499381	162	179	207
0.503199	165	174	207
0.506169	166	177	1407
0.509043	167	177	1407
0.512293	168	177	207
0.515263	169	180	1407
0.518137	170	179	1407
0.521859	171	176	207
0.524829	172	179	1407
0.527703	173	179	1407
0.530953	174	176	207
0.533923	175	179	1407
0.536797	176	179	1407
0.537175	177	173	207
0.540145	178	176	1407
0.546367	179	180	1407
0.546745	180	176	207
0.549715	181	179	1407
0.552589	182	179	1407
0.552967	183	173	207
0.555937	184	176	1407
0.561685	185	179	1407
0.562063	186	177	207
0.565033	187	180	1407
0.567907	188	179	1407
0.571633	189	176	207
0.574603	190	179	1407
0.580351	191	180	1407
0.580729	192	176	207
0.583699	193	179	1407
0.586573	194	179	1407
0.586951	195	176	207
0.589921	196	179	1407
0.596143	197	180	1407
0.596521	198	176	207
0.599491	199	179	1407
0.602365	200	180	1407
0.602743	201	173	207
0.605713	202	176	1407
0.611461	203	180	1407
0.615187	204	177	207
0.618157	205	180	1407
0.621031	206	180	1407
0.621409	207	174	207
0.624379	208	177	1407
0.627253	209	177	1407
0.630505	210	173	207
0.633475	211	176	1407
0.636349	212	176	1407
0.640075	213	174	207
0.643045	214	177	1407
0.645919	215	176	1407
0.646297	216	174	207
0.649267	217	177	1407
0.655015	218	180	1407
0.661615	219	176	207
0.664585	220	179	1407
0.667459	221	180	1407
0.667837	222	176	207
0.670807	223	179	1407
0.673685	224	181	1409
0.677033	225	183	1407
0.677411	226	180	207
0.680381	227	183	1407
0.683255	228	183	1407
0.686133	229	177	1409
0.686515	230	176	209
0.689489	231	179	1409
0.689867	232	178	207
0.692837	233	181	1407
0.695711	234	179	1407
0.699437	235	180	207
0.702407	236	183	1407
0.705281	237	183	1407
0.706133	238	180	207
0.711981	240	178	1409
0.714859	241	180	1409
0.717733	242	181	1407
0.718111	243	179	207
0.721081	244	182	1407
0.727303	245	182	1407
0.736399	248	182	1407
0.739651	249	182	207
0.745497	251	181	1407
0.745875	252	179	207
0.748845	253	182	1407
0.751719	254	181	1407
0.755445	255	179	207
0.758417	256	182	1408
0.761293	257	182	1408
0.767517	260	181	1408
0.770771	261	179	208
0.773743	262	182	1408
0.776619	263	181	1408
0.776999	264	178	208
0.779971	265	181	1408
0.786573	267	176	208
0.789545	268	179	1408
0.795769	269	182	1408
0.796149	270	180	208
0.799121	271	183	1408
0.801997	272	181	1408
0.802377	273	176	208
0.805349	274	179	1408
0.811099	275	182	1408
0.811479	276	179	208
0.814451	277	182	1408
0.817327	278	182	1408
0.821055	279	180	208
0.826901	281	178	1408
0.827281	282	176	208
0.830253	283	179	1408
0.833129	284	179	1408
0.833509	285	176	208
0.836481	286	179	1408
0.842705	287	179	1408
0.843085	288	177	208
0.846057	289	180	1408
0.848933	290	175	1408
0.849313	291	173	208
0.852285	292	176	1408
0.858035	293	179	1408
0.861763	294	176	208
0.864735	295	179	1408
0.867611	296	173	1408
0.867991	297	170	208
0.870963	298	173	1408
0.876713	299	176	1408
0.877093	300	174	208
0.880065	301	177	1408
0.882941	302	175	1408
0.886669	303	176	208
0.889641	304	179	1408
0.892517	305	179	1408
0.892897	306	176	208
0.895869	307	179	1408
0.898745	308	179	1408
0.901999	309	179	208
0.904971	310	182	1408
0.907847	311	182	1408
0.911575	312	179	208
0.914547	313	182	1408
0.917903	315	173	1411
0.918283	316	165	208
0.921255	317	167	1408
0.924131	318	161	1408
0.933147	319	160	211
0.936125	320	162	1411
0.948111	321	165	1411
0.948491	322	156	208
0.951463	323	157	1408
0.960945	324	157	211
0.963923	325	159	1411
0.973021	326	160	1408
0.978779	327	155	1411
0.985385	328	153	208
0.988357	329	155	1408
0.997455	330	155	1408
0.997835	331	145	208
1.00081	332	147	1408
1.00991	333	147	1411
1.01566	334	144	1408
1.01939	335	139	208
1.02236	336	140	1408
1.02811	337	137	1408
1.03184	338	131	208
1.03481	339	133	1408
1.04056	340	129	1408
1.04094	341	120	208
1.04391	342	122	1408
1.05014	343	120	1408
1.05339	344	113	208
1.05636	345	115	1408
1.06547	346	115	1411
1.07169	347	110	1408
1.07494	348	102	208
1.07792	349	103	1408
1.08702	350	102	1408
1.0874	351	91	208
1.09325	352	95	1408
1.10569	353	96	1408
1.11182	354	97	208
1.11527	355	100	1408
1.12389	356	103	1408
1.12762	357	102	208
1.13347	358	107	1408
1.14256	359	111	1408
1.14917	360	112	208
1.15214	361	115	1408
1.16124	362	118	1408
1.16784	363	119	208
1.17081	364	122	1408
1.17991	365	125	1408
1.18364	366	124	208
1.18661	367	126	1408
1.19571	368	130	1408
1.19609	369	126	208
1.19906	370	129	1408
1.20481	371	130	1408
1.20854	372	130	208
1.21151	373	132	1408
1.21726	374	134	1408
1.21764	375	131	208
1.22061	376	133	1408
1.22683	377	135	1408
1.23009	378	135	208
1.23306	379	138	1408
1.23594	380	136	1408
1.23966	381	136	208
1.24264	382	138	1408
1.24839	383	140	1408
1.24877	384	137	208
1.25174	385	139	1408
1.25461	386	138	1408
1.25834	387	138	208
1.26131	388	141	1408
1.26706	389	143	1408
1.26744	390	139	208
1.27042	391	141	1408
1.27951	392	147	1408
1.28324	393	147	208
1.28621	394	149	1408
1.29531	395	154	1408
1.29857	396	153	208
1.30154	397	156	1408
1.30441	398	155	1408
1.30814	399	155	208
1.31399	400	159	1408
1.31686	401	159	1408
1.32059	402	159	208
1.32644	403	164	1408
1.33266	404	166	1408
1.33592	405	165	208
1.33889	406	168	1408
1.34511	407	171	1408
1.34884	408	170	208
1.35469	409	176	1408
1.36044	410	178	1408
1.36416	411	178	208
1.36714	412	180	1408
1.37374	414	178	208
1.37671	415	181	1408
1.38284	417	179	208
1.38581	418	182	1408
1.40737	422	182	1408
1.41062	423	181	208
1.41695	425	182	1408
1.42356	426	182	208
1.42786	429	177	208
1.43083	430	179	1408
1.43658	431	180	1408
1.44319	432	180	208
1.44664	434	179	1408
1.4499	435	177	208
1.45287	436	180	1408
1.4591	437	181	1408
1.45948	438	178	208
1.46245	439	180	1408
1.46618	441	175	208
1.46915	442	178	1408
1.47826	443	181	1408
1.48151	444	181	208
1.48784	446	178	1408
1.49444	447	178	208
1.49742	448	181	1408
1.50077	449	175	1408
1.50402	450	173	208
1.507	451	175	1408
1.51322	452	178	1408
1.51648	453	172	208
1.51945	454	175	1408
1.52568	455	177	1408
1.52894	456	172	208
1.53191	457	175	1408
1.54101	458	179	1408
1.54474	459	176	208
1.54772	460	179	1408
1.55059	461	175	1408
1.5572	462	173	208
1.56017	463	176	1408
1.56592	464	175	1408
1.56966	465	172	208
1.57263	466	175	1408
1.57839	467	175	1411
1.58461	468	178	1408
1.59037	469	178	1411
1.59075	470	175	208
1.59372	471	177	1408
1.60906	472	172	1411
1.6128	473	172	211
1.61578	474	174	1411
1.62153	475	176	1408
1.62441	476	175	1411
1.63151	477	178	208
1.63448	478	181	1408
1.63736	479	180	1408
1.6436	480	182	1411
1.65021	482	181	208
1.65702	485	180	1411
1.66075	486	179	208
1.66411	489	175	208
1.67043	490	180	1408
1.67993	493	178	208
1.6829	494	180	1408
1.68577	495	177	1408
1.69489	496	177	1411
1.69862	497	178	208
1.74761	499	167	1408
1.75374	500	163	208
1.75671	501	166	1408
1.76006	502	164	1408
1.7662	503	164	208
1.76917	504	167	1408
1.7754	505	167	1408
1.77865	506	164	208
1.78162	507	167	1408
1.7845	508	164	1408
1.78488	509	159	208
1.78833	510	162	1408
1.79408	511	155	1408
1.79734	512	152	208
1.80031	513	155	1408
1.80318	514	152	1408
1.80404	515	148	208
1.80701	516	150	1408
1.81276	517	148	1408
1.81314	518	144	208
1.81612	519	146	1408
1.82187	520	146	1408
1.82475	521	143	1411
1.82811	522	141	1411
1.83387	523	141	1411
1.83675	524	138	1411
1.84251	525	139	1411
1.84289	526	133	208
1.84586	527	136	1408
1.84874	528	133	1411
1.85451	529	133	1411
1.85738	530	131	1408
1.86112	531	129	208
1.8641	532	132	1408
1.86697	533	128	1408
1.86735	534	123	208
1.87032	535	126	1408
1.88185	536	95	1411
1.88761	537	95	1408
1.88799	538	88	208
1.89096	539	91	1408
1.89672	540	90	1408
1.8971	541	85	208
1.90007	542	87	1408
1.90583	543	86	1408
1.90957	544	84	208
1.91542	545	89	1408
1.92117	546	89	1408
1.92778	547	88	208
1.93075	548	90	1408
1.93698	549	90	1408
1.94071	550	88	208
1.94656	551	93	1408
1.95231	552	93	1408
1.95604	553	91	208
1.96189	554	95	1408
1.96812	555	96	1408
1.97137	556	92	208
1.9777	557	97	1408
1.98345	558	97	1408
1.98718	559	95	208
1.99015	560	97	1408
1.99926	561	100	1408
2.00251	562	97	208
2.00548	563	99	1408
2.01459	564	101	1408
2.01832	565	99	208
2.02129	566	101	1408
2.02704	567	101	1408
2.03365	568	101	208
2.03662	569	103	1408
2.04285	570	103	1408
2.04658	571	101	208
2.05243	572	106	1408
2.05818	573	105	1408
2.06192	574	102	208
2.06776	575	107	1408
2.07399	576	107	1408
2.07725	577	105	208
2.0807	578	107	1408
2.08932	579	110	1408
2.09306	580	107	208
2.09603	581	109	1408
2.10513	582	112	1408
2.10839	583	109	208
2.11136	584	111	1408
2.12046	585	114	1408
2.1242	586	112	208
2.12717	587	114	1408
2.13292	588	113	1408
2.13953	589	113	208
2.1425	590	115	1408
2.14873	591	115	1408
2.15534	592	116	208
2.15831	593	118	1408
2.16406	594	118	1408
2.16779	595	115	208
2.17364	596	120	1408
2.17987	597	119	1408
2.1836	598	117	208
2.18945	599	122	1408
2.1952	600	122	1408
2.19893	601	119	208
2.2019	602	121	1408
2.21101	603	125	1408
2.21426	604	122	208
2.21724	605	124	1408
2.22634	606	126	1408
2.23007	607	124	208
2.23304	608	126	1408
2.24215	609	129	1408
2.2454	610	126	208
2.24838	611	128	1408
2.2546	612	128	1408
2.26121	613	128	208
2.26418	614	131	1408
2.26994	615	129	1408
2.27654	616	130	208
2.27952	617	132	1408
2.28574	618	132	1408
2.289	619	130	208
2.29245	620	132	1408
2.30108	621	135	1408
2.30481	622	131	208
2.31066	623	136	1408
2.31688	624	136	1408
2.32014	625	134	208
2.32311	626	136	1408
2.33222	627	139	1408
2.33595	628	136	208
2.33892	629	138	1408
2.34802	630	141	1408
2.35128	631	138	208
2.35425	632	140	1408
2.36048	633	140	1408
2.36709	634	141	208
2.37006	635	143	1408
2.37581	636	142	1408
2.37954	637	140	208
2.38539	638	145	1408
2.39162	639	144	1408
2.39823	640	145	208
2.4012	641	147	1408
2.40695	642	146	1408
2.41068	643	144	208
2.41366	644	146	1408
2.42276	645	149	1408
2.42649	646	146	208
2.42946	647	149	1408
2.43809	648	151	1408
2.44182	649	148	208
2.4448	650	150	1408
2.45102	651	151	1408
2.45716	652	151	208
2.46013	653	153	1408
2.46923	654	156	1408
2.47296	655	152	208
2.47594	656	154	1408
2.48216	657	155	1408
2.4883	658	155	208
2.49127	659	157	1408
2.4975	660	157	1408
2.5041	661	158	208
2.50708	662	160	1408
2.51283	663	158	1408
2.51656	664	156	208
2.52241	665	161	1408
2.52864	666	161	1408
2.53189	667	158	208
2.53534	668	161	1408
2.54397	669	163	1408
2.5477	670	161	208
2.55067	671	163	1408
2.55978	672	165	1408
2.56303	673	163	208
2.566	674	165	1408
2.57511	675	168	1408
2.57884	676	165	208
2.58181	677	167	1408
2.58804	678	168	1408
2.59417	679	167	208
2.59714	680	170	1408
2.60337	681	169	1408
2.60998	682	169	208
2.61295	683	171	1408
2.6187	684	171	1408
2.62531	685	172	208
2.62828	686	174	1408
2.63451	687	174	1408
2.63777	688	170	208
2.64409	689	176	1408
2.64984	690	175	1408
2.65358	691	173	208
2.65655	692	175	1408
2.66565	693	178	1408
2.66891	694	175	208
2.67523	695	176	1408
2.68146	696	176	1408
2.68759	697	176	208
2.69056	698	178	1408
2.69967	699	181	1408
2.7034	700	179	208
2.70637	701	179	1408
2.71548	702	181	1408
2.71873	703	178	208
2.72506	704	183	1408
2.73166	706	177	208
2.73751	707	179	1408
2.74374	708	182	1408
2.74412	709	180	208
2.74709	710	183	1408
2.74997	711	181	1408
2.7562	713	182	1408
2.75907	714	182	1408
2.75993	715	179	208
2.7629	716	182	1408
2.76616	718	179	208
2.7696	719	180	1408
2.77248	720	180	1408
2.77286	721	177	208
2.77918	723	180	1408
2.77956	724	177	208
2.78541	725	180	1408
2.78829	726	180	1408
2.78914	727	178	208
2.79212	728	181	1408
2.79499	729	179	1408
2.79872	730	180	208
2.8017	732	180	1408
2.80495	733	179	208
2.80878	736	177	208
2.81463	737	181	1408
2.8175	738	181	1408
2.82124	739	181	208
2.82421	741	181	1408
2.82459	742	178	208
2.83091	743	182	1408
2.83379	744	182	1408
2.83704	745	182	208
2.84002	747	182	1408
2.84375	748	182	208
2.84672	749	182	1408
2.8496	750	182	1408
2.85582	753	181	1408
2.85908	754	182	208
2.86205	755	183	1408
2.8654	756	183	1408
2.86578	757	180	208
2.86876	759	179	1408
2.87249	760	177	208
2.87546	761	180	1408
2.88169	762	176	1408
2.8883	763	177	208
2.89127	764	180	1408
2.89702	765	177	1408
2.90363	766	174	208
2.9066	767	177	1408
2.91283	768	176	1408
2.91944	769	174	208
2.92241	770	177	1408
2.93151	771	176	1408
2.93727	772	176	1411
2.941	773	174	208
2.94397	774	176	1408
2.95308	775	180	1408
2.95346	776	176	208
2.95643	777	179	1408
2.96305	779	177	211
2.96352	780	177	208
2.96649	781	180	1408
2.97022	783	177	208
2.9732	784	180	1408
2.99717	785	166	1411
3.00342	786	165	1411
3.00917	787	167	1411
3.01494	788	168	1411
3.0207	789	170	1411
3.02646	790	171	1411
3.03269	791	173	1408
3.05044	792	165	1411
3.05082	793	165	211
3.0538	794	168	1411
3.05753	795	165	208
3.0605	796	168	1408
3.06626	797	168	1411
3.0725	798	168	1408
3.07575	799	166	208
3.0816	800	171	1408
3.08783	801	171	1408
3.09109	802	170	208
3.09406	803	172	1408
3.09981	804	172	1408
3.10355	805	170	208
3.10652	806	173	1408
3.11228	807	173	1408
3.11554	808	171	208
3.11851	809	173	1408
3.12427	810	173	1408
3.12752	811	171	208
3.13097	812	173	1408
3.13672	813	174	1408
3.13998	814	171	208
3.14295	815	174	1408
3.15206	816	178	1408
3.15291	817	173	208
3.16164	818	178	1408
3.16499	819	176	1408
3.17075	820	177	1411
3.17113	821	173	208
3.17457	822	175	1408
3.18321	823	178	1411
3.18944	824	179	1408
3.19269	825	177	208
3.19566	826	179	1408
3.20477	827	177	1408
3.2085	828	175	208
3.21147	829	178	1408
3.21722	830	178	1408
3.22383	831	178	208
3.22969	832	179	1408
3.23591	833	179	1408
3.23917	834	177	208
3.24214	835	180	1408
3.25747	836	177	1408
3.25833	837	173	208
3.26418	838	178	1408
3.26705	839	176	1408
3.27031	840	174	208
3.27376	841	176	1408
3.27951	842	177	1408
3.28612	843	175	208
3.28909	844	178	1408
3.29532	845	178	1408
3.30145	846	177	208
3.30442	847	180	1408
3.31065	848	180	1408
3.31391	849	177	208
3.31688	850	180	1408
3.32311	851	181	1408
3.32636	852	178	208
3.32933	853	181	1408
3.33556	854	181	1408
3.33594	855	174	208
3.33891	856	177	1408
3.34802	857	181	1408
3.35175	858	178	208
3.35472	859	181	1408
3.36047	860	178	1408
3.36708	861	176	208
3.37005	862	179	1408
3.37628	863	179	1408
3.37954	864	177	208
3.38251	865	179	1408
3.38874	866	180	1408
3.39199	867	178	208
3.39497	868	180	1408
3.40119	869	182	1408
3.40205	870	177	208
3.40502	871	180	1408
3.41077	872	176	1408
3.41451	873	173	208
3.41748	874	176	1408
3.42324	875	176	1408
3.43272	876	173	208
3.43569	877	176	1408
3.44192	878	175	1408
3.44518	879	173	208
3.44815	880	176	1408
3.4606	881	173	1408
3.46386	882	169	208
3.46683	883	172	1408
3.47306	884	173	1408
3.47632	885	171	208
3.47976	886	173	1408
3.48552	887	174	1408
3.49212	888	173	208
3.4951	889	176	1408
3.50085	890	175	1408
3.50746	891	173	208
3.51043	892	176	1408
3.51666	893	176	1408
3.51991	894	173	208
3.52288	895	176	1408
3.52911	896	176	1408
3.53284	897	173	208
3.53582	898	176	1408
3.54444	899	179	1408
3.5453	900	175	208
3.55115	901	180	1408
3.5569	902	178	1408
3.56063	903	176	208
3.5636	904	179	1408
3.57271	905	182	1408
3.57596	906	175	208
3.57894	907	178	1408
3.58804	908	182	1408
3.5913	909	179	208
3.59427	910	182	1408
3.6005	911	182	1408
3.60376	912	178	208
3.60673	913	181	1408
3.61008	914	179	1408
3.61334	915	177	208
3.61966	916	182	1408
3.62541	917	183	1408
3.62627	918	179	208
3.63499	920	181	1408
3.6416	921	176	208
3.64457	922	179	1408
3.6508	923	178	1408
3.65695	924	178	208
3.65992	925	181	1408
3.66902	926	179	1408
3.67228	927	176	208
3.67525	928	179	1408
3.68148	929	178	1408
3.68809	930	179	208
3.69106	931	182	1408
3.69681	932	181	1408
3.70342	933	178	208
3.70639	934	181	1408
3.71262	935	181	1408
3.71923	936	179	208
3.7222	937	182	1408
3.72795	938	181	1408
3.73168	939	179	208
3.73465	940	182	1408
3.74041	941	181	1408
3.74414	942	179	208
3.75334	944	179	1408
3.75659	945	175	208
3.75957	946	178	1408
3.76579	947	178	1408
3.76905	948	176	208
3.77202	949	179	1408
3.78113	950	179	1408
3.78486	951	175	208
3.78783	952	178	1408
3.79358	953	175	1408
3.80019	954	176	208
3.80316	955	179	1408
3.80939	956	179	1408
3.81265	957	176	208
3.81562	958	179	1408
3.82185	959	179	1408
3.8251	960	176	208
3.82807	961	179	1408
3.8343	962	179	1408
3.84341	963	178	1411
3.84667	964	176	208
3.84964	965	178	1408
3.85299	966	176	1408
3.85625	967	175	208
3.85922	968	177	1408
3.86785	969	177	1408
3.87159	970	172	208
3.87456	971	175	1408
3.88366	972	178	1408
3.88692	973	175	208
3.88989	974	178	1408
3.89899	975	177	1408
3.90273	976	176	208
3.9057	977	178	1408
3.91193	978	175	1408
3.91806	979	176	208
3.92103	980	179	1408
3.92726	981	175	1408
3.93051	982	172	208
3.93349	983	175	1408
3.94259	984	178	1408
3.94632	985	176	208
3.94929	986	179	1408
3.95841	987	175	1411
3.96416	988	176	1408
3.96789	989	174	208
3.97086	990	176	1408
3.97661	991	177	1408
3.98034	992	175	208
3.98332	993	178	1408
3.98907	994	178	1408
3.9928	995	175	208
3.99577	996	178	1408
4.00152	997	178	1408
4.00813	998	175	208
4.0111	999	178	1408
4.01733	1000	178	1408
4.02059	1001	175	208
4.02356	1002	178	1408
4.02979	1003	178	1408
4.03304	1004	175	208
4.03602	1005	178	1408
4.05758	1006	168	1408
4.06131	1007	164	208
4.06428	1008	167	1408
4.07003	1009	166	1408
4.07664	1010	163	208
4.07961	1011	166	1408
4.08584	1012	165	1408
4.0891	1013	160	208
4.09207	1014	163	1408
4.0983	1015	162	1408
4.10203	1016	159	208
4.10788	1017	163	1408
4.11363	1018	162	1408
4.11736	1019	160	208
4.12033	1020	162	1408
4.12944	1021	164	1408
4.13269	1022	160	208
4.13566	1023	163	1408
4.14189	1024	162	1408
4.1485	1025	160	208
4.15147	1026	163	1408
4.15722	1027	162	1408
4.16383	1028	161	208
4.1668	1029	163	1408
4.17303	1030	164	1408
4.17629	1031	160	208
4.17926	1032	162	1408
4.18836	1033	164	1408
4.1921	1034	162	208
4.19507	1035	164	1408
4.20082	1036	162	1408
4.20455	1037	159	208
4.2104	1038	164	1408
4.21663	1039	164	1408
4.21988	1040	160	208
4.22286	1041	162	1408
4.22908	1042	162	1408
4.23234	1043	159	208
4.23531	1044	161	1408
4.24777	1045	160	1408
4.27594	1046	138	208
4.27891	1047	141	1408
4.28514	1048	141	1408
4.28839	1049	137	208
4.29472	1050	142	1408
4.30047	1051	141	1408
4.3042	1052	139	208
4.30717	1053	141	1408
4.3134	1054	140	1408
4.31953	1055	138	208
4.3225	1056	141	1408
4.32873	1057	140	1408
4.33534	1058	139	208
4.33831	1059	142	1408
4.34406	1060	141	1408
4.3478	1061	137	208
4.35364	1062	142	1408
4.35987	1063	141	1408
4.36313	1064	138	208
4.3661	1065	141	1408
4.37233	1066	140	1408
4.37894	1067	138	208
4.38191	1068	141	1408
4.38766	1069	140	1408
4.39427	1070	140	208
4.39724	1071	142	1408
4.40347	1072	142	1408
4.40672	1073	138	208
4.4097	1074	140	1408
4.4188	1075	141	1408
4.43786	1076	128	208
4.44084	1077	131	1408
4.44706	1078	131	1408
4.45367	1079	129	208
4.45664	1080	132	1408
4.4624	1081	131	1408
4.46613	1082	128	208
4.4691	1083	130	1408
4.47485	1084	129	1408
4.48146	1085	129	208
4.48443	1086	131	1408
4.49066	1087	130	1408
4.49727	1088	129	208
4.50024	1089	132	1408
4.50599	1090	130	1408
4.5126	1091	129	208
4.51557	1092	132	1408
4.5218	1093	131	1408
4.52506	1094	128	208
4.52803	1095	130	1408
4.53426	1096	130	1408
4.54086	1097	128	208
4.54384	1098	131	1408
4.54959	1099	130	1408
4.5562	1100	129	208
4.55917	1101	132	1408
4.5654	1102	131	1408
4.56865	1103	127	208
4.5721	1104	130	1408
4.58073	1105	132	1408
4.58446	1106	130	208
4.58743	1107	132	1408
4.59941	1108	129	1408
4.60314	1109	128	208
4.60612	1110	130	1408
4.61187	1111	130	1408
4.6156	1112	129	208
4.61857	1113	131	1408
4.62432	1114	132	1408
4.62806	1115	130	208
4.63103	1116	133	1408
4.63678	1117	132	1408
4.64051	1118	131	208
4.64348	1119	133	1408
4.64924	1120	134	1408
4.65297	1121	132	208
4.65594	1122	134	1408
4.66169	1123	134	1408
4.66542	1124	133	208
4.6684	1125	135	1408
4.67415	1126	136	1408
4.68076	1127	135	208
4.68373	1128	138	1408
4.68996	1129	138	1408
4.69321	1130	135	208
4.69618	1131	138	1408
4.70241	1132	138	1408
4.70902	1133	136	208
4.71199	1134	138	1408
4.71774	1135	138	1408
4.72435	1136	135	208
4.72732	1137	138	1408
4.73355	1138	138	1408
4.73681	1139	134	208
4.73978	1140	137	1408
4.74888	1141	138	1408
4.75262	1142	135	208
4.75559	1143	138	1408
4.76469	1144	135	1408
4.76842	1145	132	208
4.7714	1146	135	1408
4.78002	1147	139	1408
4.78376	1148	135	208
4.78673	1149	138	1408
4.79248	1150	138	1408
4.79621	1151	135	208
4.79918	1152	138	1408
4.80494	1153	138	1408
4.81154	1154	138	208
4.81452	1155	141	1408
4.82074	1156	141	1408
4.824	1157	138	208
4.82697	1158	140	1408
4.83608	1159	145	1408
4.83981	1160	141	208
4.84278	1161	144	1408
4.84901	1162	145	1408
4.85514	1163	142	208
4.85811	1164	145	1408
4.86722	1165	147	1408
4.87095	1166	144	208
4.87392	1167	147	1408
4.88015	1168	148	1408
4.88628	1169	144	208
4.88925	1170	147	1408
4.89836	1171	151	1408
4.90496	1172	147	208
4.90794	1173	150	1408
4.91416	1174	151	1408
4.91742	1175	148	208
4.92039	1176	151	1408
4.9295	1177	151	1408
4.9361	1178	151	208
4.93908	1179	153	1408
4.94818	1180	154	1408
4.95191	1181	150	208
4.95488	1182	152	1408
4.96399	1183	153	1408
4.9706	1184	153	208
4.97357	1185	155	1408
4.9798	1186	154	1408
4.98593	1187	153	208
4.9889	1188	155	1408
4.99513	1189	155	1408
5.00174	1190	154	208
5.00471	1191	156	1408
5.01094	1192	157	1408
5.01419	1193	156	208
5.02004	1194	161	1408
5.02627	1195	160	1408
5.03	1196	158	208
5.03297	1197	160	1408
5.0416	1198	162	1408
5.05156	1199	163	208
5.05453	1200	166	1408
5.06364	1201	166	1408
5.07024	1202	166	208
5.07322	1203	169	1408
5.07944	1204	169	1408
5.08893	1205	169	208
5.0919	1206	172	1408
5.101	1207	173	1408
5.11049	1208	172	208
5.11346	1209	175	1408
5.12256	1210	178	1408
5.12917	1211	179	208
5.13214	1212	182	1408
5.14125	1213	182	1408
5.14786	1214	178	208
5.15083	1215	181	1408
5.16041	1216	182	1408
5.16749	1217	173	208
5.17046	1218	176	1408
5.17957	1219	176	1408
5.1857	1220	176	208
5.18867	1221	179	1408
5.19778	1222	178	1408
5.19863	1223	173	208
5.2016	1224	176	1408
5.21071	1225	176	1408
5.21684	1226	175	208
5.21981	1227	178	1408
5.22892	1228	178	1408
5.23265	1229	176	208
5.23562	1230	179	1408
5.24185	1231	178	1408
5.24798	1232	176	208
5.25095	1233	179	1408
5.26053	1234	176	1408
5.26714	1235	174	208
5.27011	1236	177	1408
5.27874	1237	175	1408
5.2796	1238	170	208
5.28257	1239	173	1408
5.29455	1240	172	1408
5.2978	1241	166	208
5.30078	1242	169	1408
5.30988	1243	166	1408
5.31649	1244	164	208
5.31946	1245	167	1408
5.32569	1246	163	1408
5.3323	1247	161	208
5.33527	1248	164	1408
5.34102	1249	161	1408
5.34763	1250	157	208
5.3506	1251	160	1408
5.35683	1252	156	1408
5.36344	1253	154	208
5.36641	1254	157	1408
5.37551	1255	157	1408
5.38165	1256	154	208
5.38462	1257	157	1408
5.39086	1258	157	1408
5.39699	1259	156	208
5.39996	1260	159	1408
5.40906	1261	160	1408
5.41567	1262	156	208
5.41864	1263	159	1408
5.42487	1264	159	1408
5.42813	1265	157	208
5.4311	1266	160	1408
5.4402	1267	159	1408
5.44729	1268	157	208
5.45026	1269	160	1408
5.45889	1270	158	1408
5.4655	1271	157	208
5.46847	1272	160	1408
5.4747	1273	160	1408
5.48418	1274	160	208
5.48715	1275	163	1408
5.49338	1276	163	1408
5.49999	1277	160	208
5.50296	1278	163	1408
5.51206	1279	163	1408
5.51532	1280	160	208
5.51829	1281	163	1408
5.5274	1282	162	1408
5.534	1283	163	208
5.53698	1284	165	1408
5.54608	1285	166	1408
5.54981	1286	163	208
5.55278	1287	166	1408
5.56189	1288	165	1408
5.5685	1289	163	208
5.57147	1290	166	1408
5.58057	1291	166	1408
5.58383	1292	163	208
5.5868	1293	166	1408
5.5959	1294	165	1408
5.60251	1295	163	208
5.60548	1296	166	1408
5.61459	1297	166	1408
5.61832	1298	164	208
5.62129	1299	167	1408
5.6304	1300	169	1408
5.63413	1301	164	208
5.6371	1302	167	1408
5.64908	1303	169	1408
5.65281	1304	164	208
5.65578	1305	167	1408
5.66441	1306	166	1408
5.67102	1307	167	208
5.67399	1308	169	1408
5.68357	1309	166	1408
5.6897	1310	166	208
5.69268	1311	169	1408
5.70178	1312	168	1408
5.70839	1313	166	208
5.71136	1314	169	1408
5.71759	1315	169	1408
5.7242	1316	167	208
5.72717	1317	170	1408
5.73627	1318	169	1408
5.74288	1319	166	208
5.74585	1320	169	1408
5.7516	1321	169	1408
5.75821	1322	167	208
5.76118	1323	170	1408
5.77029	1324	169	1408
5.7769	1325	166	208
5.77987	1326	169	1408
5.78897	1327	172	1408
5.7927	1328	166	208
5.79568	1329	169	1408
5.80766	1330	172	1408
5.81139	1331	167	208
5.81436	1332	170	1408
5.82346	1333	172	1408
5.83007	1334	170	208
5.83304	1335	173	1408
5.8388	1336	171	1408
5.84588	1337	166	208
5.84885	1338	169	1408
5.85748	1339	172	1408
5.86409	1340	170	208
5.86706	1341	173	1408
5.87616	1342	172	1408
5.8799	1343	166	208
5.88287	1344	169	1408
5.89197	1345	169	1408
5.89858	1346	167	208
5.90155	1347	170	1408
5.91066	1348	169	1408
5.91439	1349	167	208
5.91736	1350	170	1408
5.92599	1351	168	1408
5.93307	1352	167	208
5.93604	1353	170	1408
5.94467	1354	169	1408
5.95128	1355	170	208
5.95425	1356	173	1408
5.96336	1357	172	1408
5.96996	1358	169	208
5.97294	1359	172	1408
5.98204	1360	173	1408
5.98577	1361	166	208
5.98874	1362	169	1408
5.99785	1363	172	1408
6.00446	1364	167	208
6.00743	1365	170	1408
6.01366	1366	169	1408
6.02026	1367	167	208
6.02324	1368	170	1408
6.03234	1369	169	1408
6.03847	1370	170	208
6.04144	1371	172	1408
6.05055	1372	172	1408
6.05716	1373	170	208
6.06013	1374	173	1408
6.06923	1375	172	1408
6.07584	1376	169	208
6.07881	1377	172	1408
6.08504	1378	173	1408
6.08877	1379	166	208
6.09174	1380	169	1408
6.10085	1381	169	1408
6.10746	1382	167	208
6.11043	1383	170	1408
6.11906	1384	172	1408
6.12566	1385	169	208
6.12864	1386	172	1408
6.13774	1387	171	1408
6.14435	1388	170	208
6.14732	1389	173	1408
6.15642	1390	172	1408
6.16016	1391	167	208
6.16313	1392	170	1408
6.17223	1393	169	1408
6.17884	1394	166	208
6.18181	1395	169	1408
6.18804	1396	170	1408
6.19465	1397	167	208
6.19762	1398	170	1408
6.20625	1399	169	1408
6.21286	1400	169	208
6.21583	1401	172	1408
6.22493	1402	171	1408
6.23154	1403	169	208
6.23451	1404	172	1408
6.24362	1405	172	1408
6.25022	1406	170	208
6.2532	1407	173	1408
6.25942	1408	169	1408
6.26603	1409	167	208
6.269	1410	170	1408
6.27811	1411	170	1408
6.28184	1412	166	208
6.28481	1413	169	1408
6.29344	1414	172	1408
6.30005	1415	170	208
6.30302	1416	173	1408
6.31212	1417	172	1408
6.31873	1418	169	208
6.3217	1419	172	1408
6.33081	1420	172	1408
6.33454	1421	167	208
6.33751	1422	170	1408
6.34662	1423	169	1408
6.35322	1424	167	208
6.3562	1425	170	1408
6.36242	1426	169	1408
6.37191	1427	169	208
6.37488	1428	172	1408
6.38111	1429	170	1408
6.38724	1430	169	208
6.39021	1431	172	1408
6.39932	1432	172	1408
6.40592	1433	169	208
6.4089	1434	172	1408
6.418	1435	173	1408
6.42461	1436	169	208
6.42758	1437	172	1408
6.43381	1438	169	1408
6.44042	1439	167	208
6.44339	1440	170	1408
6.45249	1441	169	1408
6.45622	1442	167	208
6.4592	1443	170	1408
6.4683	1444	169	1408
6.47443	1445	166	208
6.4774	1446	169	1408
6.48651	1447	172	1408
6.49312	1448	170	208
6.49609	1449	173	1408
6.50519	1450	172	1408
6.5118	1451	169	208
6.51477	1452	172	1408
6.52388	1453	172	1408
6.52761	1454	167	208
6.53058	1455	170	1408
6.53681	1456	169	1408
6.54629	1457	170	208
6.54926	1458	173	1408
6.55549	1459	169	1408
6.56162	1460	169	208
6.5646	1461	172	1408
6.57418	1462	170	1408
6.58031	1463	169	208
6.58328	1464	172	1408
6.59238	1465	172	1408
6.59899	1466	169	208
6.60196	1467	172	1408
6.60819	1468	170	1408
6.6148	1469	166	208
6.61777	1470	169	1408
6.62688	1471	169	1408
6.63061	1472	167	208
6.63358	1473	170	1408
6.64268	1474	169	1408
6.64929	1475	167	208
6.65226	1476	170	1408
6.66089	1477	171	1408
6.6675	1478	169	208
6.67047	1479	172	1408
6.67958	1480	172	1408
6.68618	1481	170	208
6.68916	1482	173	1408
6.69826	1483	172	1408
6.70199	1484	166	208
6.70496	1485	169	1408
6.71407	1486	170	1408
6.72068	1487	167	208
6.72365	1488	170	1408
6.7294	1489	169	1408
6.73601	1490	170	208
6.73898	1491	172	1408
6.74808	1492	169	1408
6.75469	1493	169	208
6.75766	1494	172	1408
6.76677	1495	172	1408
6.77338	1496	169	208
6.77635	1497	172	1408
6.78258	1498	169	1408
6.78918	1499	167	208
6.79216	1500	170	1408
6.80126	1501	169	1408
6.80787	1502	169	208
6.81084	1503	172	1408
6.81707	1504	170	1408
6.82368	1505	167	208
6.82665	1506	170	1408
6.83528	1507	172	1408
6.84188	1508	169	208
6.84486	1509	172	1408
6.85396	1510	171	1408
6.86057	1511	170	208
6.86354	1512	173	1408
6.87264	1513	172	1408
6.87638	1514	167	208
6.87935	1515	170	1408
6.88845	1516	169	1408
6.89506	1517	167	208
6.89803	1518	170	1408
6.90426	1519	169	1408
6.91087	1520	166	208
6.91384	1521	169	1408
6.92294	1522	169	1408
6.92908	1523	170	208
6.93205	1524	173	1408
6.94115	1525	172	1408
6.94776	1526	169	208
6.95073	1527	172	1408
6.95984	1528	172	1408
6.96644	1529	170	208
6.96942	1530	173	1408
6.97564	1531	169	1408
6.98225	1532	170	208
6.98522	1533	173	1408
6.99145	1534	169	1408
7.00094	1535	169	208
7.00391	1536	172	1408
7.01014	1537	170	1408
7.01627	1538	169	208
7.01924	1539	172	1408
7.02834	1540	172	1408
7.03495	1541	169	208
7.03792	1542	172	1408
7.04703	1543	173	1408
7.05364	1544	169	208
7.05661	1545	172	1408
7.06284	1546	169	1408
7.06944	1547	167	208
7.07242	1548	170	1408
7.07864	1549	169	1408
7.08525	1550	167	208
7.08822	1551	170	1408
7.09733	1552	169	1408
7.10346	1553	169	208
7.10643	1554	172	1408
7.11554	1555	172	1408
7.12214	1556	169	208
7.12512	1557	172	1408
7.13422	1558	172	1408
7.14083	1559	169	208
7.1438	1560	171	1408
7.15003	1561	170	1408
7.15664	1562	167	208
7.15961	1563	169	1408
7.16871	1564	169	1408
7.17532	1565	169	208
7.17829	1566	171	1408
7.18452	1567	169	1408
7.21556	1568	157	208
7.21854	1569	160	1408
7.22476	1570	156	1408
7.23137	1571	154	208
7.23434	1572	157	1408
7.24345	1573	157	1408
7.24718	1574	155	208
7.25303	1575	160	1408
7.25926	1576	157	1408
7.26539	1577	157	208
7.26836	1578	159	1408
7.27746	1579	159	1408
7.28407	1580	157	208
7.28705	1581	160	1408
7.29615	1582	160	1408
7.30276	1583	157	208
7.30573	1584	160	1408
7.31196	1585	156	1408
7.31856	1586	154	208
7.32154	1587	157	1408
7.33064	1588	157	1408
7.33437	1589	154	208
7.33734	1590	157	1408
7.34597	1591	156	1408
7.35306	1592	155	208
7.35603	1593	158	1408
7.36466	1594	156	1408
7.37126	1595	157	208
7.37424	1596	159	1408
7.39915	1597	151	1408
7.4024	1598	148	208
7.40538	1599	150	1408
7.41448	1600	150	1408
7.41821	1601	145	208
7.42118	1602	148	1408
7.43029	1603	147	1408
7.43354	1604	144	208
7.43699	1605	146	1408
7.44562	1606	147	1408
7.45223	1607	145	208
7.4552	1608	148	1408
7.4643	1609	147	1408
7.47091	1610	144	208
7.47388	1611	147	1408
7.48299	1612	147	1408
7.48672	1613	144	208
7.48969	1614	147	1408
7.50502	1615	145	1408
7.50876	1616	141	208
7.51173	1617	144	1408
7.52036	1618	144	1408
7.52744	1619	141	208
7.53041	1620	144	1408
7.53952	1621	145	1408
7.54565	1622	141	208
7.54862	1623	144	1408
7.57018	1624	141	1408
7.57391	1625	138	208
7.57688	1626	140	1408
7.58599	1627	141	1408
7.58924	1628	139	208
7.59222	1629	141	1408
7.60132	1630	141	1408
7.60793	1631	141	208
7.6109	1632	143	1408
7.62	1633	145	1408
7.62374	1634	141	208
7.62671	1635	141	1408
7.63869	1636	144	1408
7.64242	1637	141	208
7.64539	1638	142	1408
7.6545	1639	141	1408
7.6611	1640	142	208
7.66408	1641	144	1408
7.67606	1642	141	1408
7.68266	1643	141	208
7.68564	1644	143	1408
7.69186	1645	141	1408
7.69847	1646	141	208
7.70432	1647	144	1408
7.71342	1648	144	1408
7.71716	1649	142	208
7.72013	1650	142	1408
7.73834	1651	138	1408
7.74207	1652	136	208
7.74792	1653	140	1408
7.75414	1654	138	1408
7.76075	1655	138	208
7.76372	1656	140	1408
7.77283	1657	141	1408
7.77608	1658	138	208
7.78241	1659	141	1408
7.79151	1660	141	1408
7.79477	1661	138	208
7.79774	1662	140	1408
7.8102	1663	142	1408
7.81345	1664	139	208
7.81642	1665	141	1408
7.82553	1666	141	1408
7.83214	1667	141	208
7.83511	1668	141	1408
7.84756	1669	141	1408
7.85082	1670	138	208
7.85714	1671	142	1408
7.8629	1672	141	1408
7.86663	1673	138	208
7.87583	1674	141	1408
7.88493	1675	141	1408
7.88819	1676	139	208
7.89116	1677	141	1408
7.90984	1678	141	1408
7.9131	1679	139	208
7.91942	1680	141	1408
7.92853	1681	144	1408
7.93514	1682	144	208
7.94098	1683	147	1408
7.95009	1684	148	1408
7.9567	1685	148	208
7.96302	1686	151	1408
7.97212	1687	151	1408
7.97873	1688	151	208
7.9817	1689	153	1408
7.99416	1690	154	1408
8.00029	1691	154	208
8.00326	1692	156	1408
8.01285	1693	157	1408
8.01898	1694	156	208
8.0253	1695	160	1408
8.0344	1696	157	1408
8.04101	1697	158	208
8.04398	1698	156	1408
8.05309	1699	160	1408
8.05634	1700	156	208
8.05932	1701	158	1408
8.06555	1702	158	1408
8.07215	1703	157	208
8.078	1704	160	1408
8.08423	1705	160	1408
8.09706	1706	158	208
8.10291	1707	159	1408
8.10914	1708	160	1408
8.11575	1709	157	208
8.1216	1710	156	1408
8.12782	1711	156	1408
8.13443	1712	154	208
8.14028	1713	154	1408
8.14651	1714	153	1408
8.14977	1715	147	208
8.15609	1716	148	1408
8.16184	1717	147	1408
8.16845	1718	144	208
8.17477	1719	144	1408
8.18052	1720	144	1408
8.18426	1721	141	208
8.1901	1722	141	1408
8.19633	1723	141	1408
8.20294	1724	138	208
8.20879	1725	137	1408
8.21502	1726	138	1408
8.21827	1727	134	208
8.2246	1728	138	1408
8.23035	1729	138	1408
8.23696	1730	137	208
8.23993	1731	137	1408
8.24903	1732	141	1408
8.25276	1733	137	208
8.26484	1734	137	1408
8.27107	1735	138	1408
8.27768	1736	137	208
8.28352	1737	138	1408
8.29263	1738	141	1408
8.29636	1739	138	208
8.30221	1740	138	1408
8.31131	1741	141	1408
8.31504	1742	138	208
8.32089	1743	141	1408
8.32712	1744	141	1408
8.33373	1745	141	208
8.33958	1746	141	1408
8.34868	1747	144	1408
8.35241	1748	141	208
8.35826	1749	144	1408
8.36449	1750	144	1408
8.3711	1751	144	208
8.37694	1752	143	1408
8.38605	1753	147	1408
8.38978	1754	143	208
8.39275	1755	144	1408
8.40186	1756	147	1408
8.40511	1757	144	208
8.41431	1758	147	1408
8.42054	1759	147	1408
8.42715	1760	147	208
8.43012	1761	148	1408
8.4421	1762	148	1408
8.44583	1763	144	208
8.45503	1764	148	1408
8.46078	1765	147	1408
8.46739	1766	145	208
8.47372	1767	147	1408
8.48282	1768	150	1408
8.48943	1769	148	208
8.4924	1770	147	1408
8.5015	1771	150	1408
8.50476	1772	146	208
8.51396	1773	150	1408
8.52019	1774	151	1408
8.5268	1775	148	208
8.53265	1776	150	1408
8.53887	1777	150	1408
8.54548	1778	150	208
8.55133	1779	150	1408
8.56043	1780	153	1408
8.56704	1781	151	208
8.57049	1782	151	1408
8.57912	1783	154	1408
8.58285	1784	150	208
8.5887	1785	153	1408
8.5978	1786	153	1408
8.60441	1787	154	208
8.61073	1788	153	1408
8.61648	1789	153	1408
8.62357	1790	151	208
8.62942	1791	154	1408
8.63852	1792	153	1408
8.64513	1793	154	208
8.65098	1794	153	1408
8.66008	1795	157	1408
8.66669	1796	154	208
8.67301	1797	154	1408
8.68212	1798	157	1408
8.68537	1799	153	208
8.6917	1800	157	1408
8.7008	1801	156	1408
8.70406	1802	154	208
8.71326	1803	157	1408
8.71948	1804	157	1408
8.72609	1805	157	208
8.73194	1806	156	1408
8.73817	1807	157	1408
8.74478	1808	154	208
8.75062	1809	153	1408
8.75973	1810	157	1408
8.76346	1811	154	208
8.76931	1812	157	1408
8.77554	1813	157	1408
8.78214	1814	155	208
8.79134	1815	157	1408
8.7971	1816	157	1408
8.80083	1817	154	208
8.81003	1818	157	1408
8.81578	1819	156	1408
8.82239	1820	154	208
8.82871	1821	153	1408
8.83782	1822	156	1408
8.84443	1823	154	208
8.85027	1824	154	1408
8.85938	1825	156	1408
8.86598	1826	153	208
8.86896	1827	153	1408
8.87806	1828	157	1408
8.88467	1829	154	208
8.89099	1830	156	1408
8.9001	1831	157	1408
8.90335	1832	154	208
8.91255	1833	156	1408
8.91878	1834	156	1408
8.92539	1835	157	208
8.93124	1836	157	1408
8.94034	1837	158	1408
8.94407	1838	153	208
8.94992	1839	156	1408
8.95902	1840	158	1408
8.96276	1841	152	208
8.96861	1842	156	1408
8.97771	1843	156	1408
8.98432	1844	155	208
8.98729	1845	156	1408
9.01508	1846	148	1408
9.02504	1847	145	208
9.02801	1848	147	1408
9.03711	1849	148	1408
9.04372	1850	144	208
9.04669	1851	146	1408
9.0558	1852	147	1408
9.06528	1853	144	208
9.06825	1854	146	1408
9.07736	1855	147	1408
9.08732	1856	145	208
9.09029	1857	147	1408
9.09939	1858	148	1408
9.106	1859	145	208
9.10897	1860	146	1408
9.11808	1861	148	1408
9.12468	1862	144	208
9.12766	1863	146	1408
9.13676	1864	147	1408
9.14337	1865	145	208
9.14922	1866	150	1408
9.15545	1867	148	1408
9.16493	1868	147	208
9.1679	1869	149	1408
9.18658	1870	141	1408
9.19607	1871	138	208
9.19904	1872	140	1408
9.20815	1873	141	1408
9.21475	1874	138	208
9.2182	1875	141	1408
9.22683	1876	141	1408
9.23679	1877	138	208
9.23976	1878	140	1408
9.24887	1879	141	1408
9.25835	1880	138	208
9.2618	1881	140	1408
9.27042	1882	141	1408
9.27703	1883	138	208
9.28336	1884	143	1408
9.28959	1885	141	1408
9.29907	1886	142	208
9.30204	1887	144	1408
9.31114	1888	145	1408
9.31775	1889	138	208
9.3236	1890	143	1408
9.3327	1891	144	1408
9.33931	1892	141	208
9.34229	1893	143	1408
9.35762	1894	141	1408
9.36758	1895	138	208
9.37055	1896	140	1408
9.37965	1897	141	1408
9.38626	1898	138	208
9.38923	1899	140	1408
9.39834	1900	141	1408
9.40782	1901	138	208
9.41079	1902	140	1408
9.4199	1903	141	1408
9.42986	1904	138	208
9.43283	1905	140	1408
9.44193	1906	141	1408
9.45142	1907	138	208
9.45439	1908	140	1408
9.46349	1909	141	1408
9.4701	1910	138	208
9.47355	1911	140	1408
9.48218	1912	141	1408
9.49214	1913	139	208
9.49798	1914	143	1408
9.50421	1915	142	1408
9.51082	1916	138	208
9.51667	1917	143	1408
9.52913	1918	142	1408
9.53861	1919	138	208
9.54158	1920	140	1408
9.55068	1921	141	1408
9.55729	1922	138	208
9.56026	1923	140	1408
9.56937	1924	141	1408
9.57933	1925	139	208
9.5823	1926	141	1408
9.5914	1927	142	1408
9.60089	1928	138	208
9.60386	1929	140	1408
9.61296	1930	140	1408
9.62292	1931	138	208
9.6259	1932	140	1408
9.635	1933	142	1408
9.64161	1934	138	208
9.64746	1935	143	1408
9.65656	1936	144	1408
9.66652	1937	138	208
9.66949	1938	140	1408
9.6786	1939	141	1408
9.6852	1940	139	208
9.69105	1941	144	1408
9.70016	1942	141	1408
9.71012	1943	139	208
9.71309	1944	141	1408
9.72219	1945	142	1408
9.73168	1946	141	208
9.73465	1947	143	1408
9.74375	1948	144	1408
9.75371	1949	141	208
9.75668	1950	143	1408
9.76579	1951	144	1408
9.77527	1952	142	208
9.77824	1953	144	1408
9.78735	1954	144	1408
9.79731	1955	142	208
9.80028	1956	144	1408
9.80938	1957	144	1408
9.81887	1958	141	208
9.82184	1959	143	1408
9.83095	1960	144	1408
9.84091	1961	141	208
9.84388	1962	143	1408
9.85298	1963	144	1408
9.86246	1964	141	208
9.86544	1965	143	1408
9.87454	1966	144	1408
9.8845	1967	141	208
9.88747	1968	143	1408
9.89658	1969	144	1408
9.90606	1970	142	208
9.90903	1971	144	1408
9.91814	1972	145	1408
9.9281	1973	142	208
9.93107	1974	144	1408
9.94017	1975	145	1408
9.94966	1976	141	208
9.95263	1977	143	1408
9.96173	1978	144	1408
9.97169	1979	141	208
9.97466	1980	143	1408
9.98377	1981	144	1408
9.99325	1982	142	208
9.99622	1983	144	1408
10.0053	1984	144	1408
10.0153	1985	142	208
10.0183	1986	144	1408
10.0274	1987	144	1408
10.0368	1988	141	208
10.0432	1989	147	1408
10.0494	1990	145	1408
10.0589	1991	141	208
10.0647	1992	146	1408
10.0738	1993	147	1408
10.0804	1994	141	208
10.0868	1995	146	1408
10.093	1996	144	1408
10.1025	1997	141	208
10.1083	1998	146	1408
10.1174	1999	147	1408
10.1274	2000	145	208
10.1304	2001	147	1408
10.1395	2002	148	1408
10.149	2003	144	208
10.1519	2004	146	1408
10.161	2005	148	1408
10.171	2006	144	208
10.174	2007	146	1408
10.1831	2008	148	1408
10.1925	2009	144	208
10.1955	2010	146	1408
10.2046	2011	147	1408
10.2146	2012	141	208
10.2204	2013	146	1408
10.2295	2014	147	1408
10.2361	2015	142	208
10.2425	2016	147	1408
10.2487	2017	145	1408
10.2582	2018	142	208
10.264	2019	147	1408
10.2703	2020	145	1408
10.2797	2021	141	208
10.2861	2022	147	1408
10.2923	2023	145	1408
10.3047	2024	144	208
10.3076	2025	146	1408
10.3167	2026	147	1408
10.3233	2027	141	208
10.3263	2028	144	1408
10.3359	2029	144	1408
10.3482	2030	144	208
10.3512	2031	147	1408
10.3603	2032	147	1408
10.3703	2033	145	208
10.3733	2034	148	1408
10.3824	2035	148	1408
10.3918	2036	141	208
10.3948	2037	144	1408
10.4044	2038	145	1408
10.4139	2039	141	208
10.4169	2040	144	1408
10.426	2041	146	1408
10.4354	2042	141	208
10.4384	2043	144	1408
10.4475	2044	146	1408
10.4575	2045	141	208
10.4604	2046	144	1408
10.4696	2047	146	1408
10.479	2048	142	208
10.482	2049	145	1408
10.4916	2050	145	1408
10.5011	2051	145	208
10.504	2052	147	1408
10.5131	2053	145	1408
10.5226	2054	141	208
10.529	2055	146	1408
10.5381	2056	145	1408
10.5475	2057	143	208
10.5505	2058	145	1408
10.5601	2059	144	1408
10.6223	2060	123	208
10.6253	2061	125	1408
10.6377	2062	125	1408
10.6443	2063	123	208
10.6473	2064	125	1408
10.6593	2065	125	1408
10.6659	2066	122	208
10.6688	2067	124	1408
10.6813	2068	122	1408
10.6879	2069	119	208
10.6938	2070	124	1408
10.7029	2071	122	1408
10.7099	2072	119	208
10.7158	2073	124	1408
10.7747	2074	107	1408
10.7785	2075	102	208
10.7843	2076	107	1408
10.7963	2077	107	1408
10.8029	2078	104	208
10.8059	2079	106	1408
10.8183	2080	107	1408
10.8249	2081	104	208
10.8279	2082	106	1408
10.837	2083	107	1408
10.8465	2084	107	208
10.8495	2085	109	1408
10.8586	2086	109	1408
10.8652	2087	107	208
10.8686	2088	108	1408
10.8806	2089	111	1408
10.8872	2090	109	208
10.8902	2091	111	1408
10.9117	2092	107	1408
10.9183	2093	105	208
10.9213	2094	107	1408
10.9304	2095	107	1408
10.937	2096	105	208
10.9429	2097	109	1408
10.952	2098	109	1408
10.9586	2099	107	208
10.9616	2100	108	1408
10.9707	2101	108	1408
10.9773	2102	106	208
10.9836	2103	111	1408
10.9927	2104	111	1408
10.9993	2105	109	208
11.0023	2106	110	1408
11.0143	2107	113	1408
11.0209	2108	110	208
11.0238	2109	112	1408
11.0329	2110	112	1408
11.0396	2111	110	208
11.0459	2112	114	1408
11.055	2113	114	1408
11.0616	2114	112	208
11.0646	2115	114	1408
11.0737	2116	114	1408
11.0803	2117	112	208
11.0861	2118	117	1408
11.0952	2119	117	1408
11.1018	2120	114	208
11.1082	2121	119	1408
11.1173	2122	119	1408
11.1239	2123	116	208
11.1268	2124	118	1408
11.1359	2125	118	1408
11.1426	2126	116	208
11.1484	2127	120	1408
11.1575	2128	120	1408
11.1641	2129	118	208
11.1671	2130	120	1408
11.1795	2131	123	1408
11.1862	2132	121	208
11.1891	2133	122	1408
11.1982	2134	122	1408
11.2048	2135	119	208
11.2107	2136	124	1408
11.2198	2137	124	1408
11.2264	2138	122	208
11.2298	2139	124	1408
11.2418	2140	127	1408
11.2484	2141	124	208
11.2514	2142	126	1408
11.2605	2143	126	1408
11.27	2144	126	208
11.273	2145	128	1408
11.2854	2146	132	1408
11.2949	2147	132	208
11.2979	2148	133	1408
11.3103	2149	137	1408
11.3169	2150	134	208
11.3228	2151	139	1408
11.3324	2152	140	1408
11.3419	2153	140	208
11.3477	2154	144	1408
11.3573	2155	145	1408
11.3668	2156	145	208
11.3697	2157	147	1408
11.3817	2158	150	1408
11.3917	2159	151	208
11.3975	2160	155	1408
11.4066	2161	155	1408
11.4166	2162	156	208
11.4196	2163	158	1408
11.4315	2164	161	1408
11.4381	2165	159	208
11.4445	2166	164	1408
11.4565	2167	167	1408
11.4631	2168	165	208
11.4694	2169	169	1408
11.4814	2170	172	1408
11.488	2171	169	208
11.4943	2172	175	1408
11.5034	2173	175	1408
11.5129	2174	175	208
11.5159	2175	176	1408
11.525	2176	176	1408
11.5287	2177	171	208
11.5345	2178	176	1408
11.5408	2179	173	1408
11.5474	2180	171	208
11.5503	2181	172	1408
11.5595	2182	172	1408
11.5627	2183	166	208
11.5662	2184	169	1408
11.5748	2185	168	1408
11.5814	2186	166	208
11.5844	2187	168	1408
11.5935	2188	168	1408
11.5972	2189	162	208
11.603	2190	167	1408
11.6093	2191	164	1408
11.6097	2192	155	208
11.6126	2193	157	1408
11.6155	2194	151	1408
11.6159	2195	142	208
11.6189	2196	143	1408
11.6217	2197	137	1408
11.6221	2198	129	208
11.6251	2199	131	1408
11.628	2200	124	1408
11.6283	2201	116	208
11.6313	2202	117	1408
11.6342	2203	111	1408
11.6346	2204	102	208
11.6375	2205	104	1408
11.6404	2206	98	1408
11.6408	2207	89	208
11.6438	2208	91	1408
11.6557	2209	93	1408
11.6624	2210	91	208
11.6653	2211	93	1408
11.6744	2212	93	1408
11.681	2213	91	208
11.684	2214	93	1408
11.6931	2215	93	1408
11.6997	2216	90	208
11.7027	2217	91	1408
11.7118	2218	91	1408
11.7184	2219	89	208
11.7214	2220	91	1408
11.7305	2221	91	1408
11.7371	2222	89	208
11.7401	2223	90	1408
11.7492	2224	90	1408
11.7558	2225	88	208
11.7587	2226	89	1408
11.7679	2227	90	1408
11.7682	2228	82	208
11.7712	2229	84	1408
11.7741	2230	78	1408
11.7745	2231	69	208
11.7774	2232	71	1408
11.7803	2233	65	1408
11.7807	2234	56	208
11.7837	2235	58	1408
11.7865	2236	52	1408
11.7869	2237	44	208
11.7899	2238	45	1408
11.799	2239	46	1408
11.8056	2240	44	208
11.8086	2241	46	1408
11.8177	2242	46	1408
11.8243	2243	44	208
11.8277	2244	46	1408
11.8397	2245	49	1408
11.843	2246	44	208
11.8464	2247	47	1408
11.8584	2248	50	1408
11.865	2249	48	208
11.868	2250	49	1408
11.8771	2251	50	1408
11.8837	2252	48	208
11.8895	2253	52	1408
11.8986	2254	53	1408
11.9052	2255	51	208
11.9082	2256	53	1408
11.9173	2257	53	1408
11.9239	2258	51	208
11.9274	2259	53	1408
11.9394	2260	57	1408
11.946	2261	55	208
11.9489	2262	56	1408
11.958	2263	58	1408
11.9613	2264	55	208
11.9647	2265	57	1408
11.9734	2266	59	1408
11.98	2267	59	208
11.983	2268	61	1408
11.9921	2269	64	1408
11.9958	2270	61	208
11.9988	2271	63	1408
12.0079	2272	65	1408
12.0116	2273	63	208
12.0174	2274	68	1408
12.0232	2275	67	1408
12.0298	2276	67	208
12.0328	2277	69	1408
12.0419	2278	71	1408
12.0456	2279	69	208
12.0486	2280	71	1408
12.0577	2281	73	1408
12.0609	2282	70	208
12.0673	2283	76	1408
12.0735	2284	75	1408
12.0796	2285	75	208
12.0826	2286	77	1408
12.0917	2287	79	1408
12.0954	2288	77	208
12.0984	2289	79	1408
12.1075	2290	81	1408
12.1112	2291	79	208
12.1171	2292	84	1408
12.1228	2293	83	1408
12.1295	2294	83	208
12.1324	2295	85	1408
12.1415	2296	88	1408
12.1453	2297	86	208
12.1482	2298	88	1408
12.1573	2299	91	1408
12.1606	2300	88	208
12.164	2301	91	1408
12.1727	2302	92	1408
12.1764	2303	91	208
12.1823	2304	96	1408
12.1885	2305	96	1408
12.1917	2306	93	208
12.1952	2307	96	1408
12.2038	2308	98	1408
12.2104	2309	99	208
12.2134	2310	101	1408
12.2196	2311	102	1408
12.2229	2312	99	208
12.2263	2313	102	1408
12.235	2314	104	1408
12.2387	2315	102	208
12.2445	2316	107	1408
12.2508	2317	107	1408
12.2574	2318	108	208
12.2603	2319	111	1408
12.2661	2320	111	1408
12.2698	2321	108	208
12.2757	2322	113	1408
12.2819	2323	113	1408
12.2885	2324	114	208
12.2915	2325	116	1408
12.2972	2326	116	1408
12.301	2327	114	208
12.3068	2328	119	1408
12.313	2329	120	1408
12.3196	2330	120	208
12.3226	2331	122	1408
12.3284	2332	122	1408
12.335	2333	122	208
12.338	2334	124	1408
12.3442	2335	126	1408
12.3508	2336	126	208
12.3538	2337	128	1408
12.36	2338	128	1408
12.3661	2339	129	208
12.3691	2340	131	1408
12.3782	2341	134	1408
12.3819	2342	131	208
12.3849	2343	134	1408
12.3907	2344	134	1408
12.3973	2345	135	208
12.4002	2346	137	1408
12.4093	2347	140	1408
12.4131	2348	138	208
12.416	2349	140	1408
12.4251	2350	143	1408
12.4284	2351	141	208
12.4314	2352	143	1408
12.4376	2353	143	1408
12.4442	2354	144	208
12.4472	2355	146	1408
12.4534	2356	147	1408
12.4595	2357	147	208
12.4625	2358	149	1408
12.4687	2359	149	1408
12.4753	2360	150	208
12.4783	2361	152	1408
12.4845	2362	153	1408
12.4907	2363	153	208
12.4937	2364	155	1408
12.4999	2365	155	1408
12.5065	2366	157	208
12.5095	2367	159	1408
12.5157	2368	159	1408
12.5218	2369	159	208
12.5248	2370	162	1408
12.531	2371	163	1408
12.5376	2372	163	208
12.5406	2373	165	1408
12.5464	2374	166	1408
12.553	2375	166	208
12.5559	2376	168	1408
12.5622	2377	169	1408
12.5654	2378	167	208
12.5717	2379	172	1408
12.5775	2380	172	1408
12.5812	2381	170	208
12.5842	2382	173	1408
12.5933	2383	176	1408
12.5999	2384	176	208
12.6029	2385	178	1408
12.6086	2386	179	1408
12.6124	2387	177	208
12.6182	2388	181	1408
12.6273	2389	181	1408
12.6339	2390	177	208
12.6374	2391	180	1408
12.6531	2393	177	208
12.6561	2394	179	1408
12.6652	2395	178	1408
12.6718	2396	175	208
12.6747	2397	177	1408
12.6838	2398	176	1408
12.6876	2399	173	208
12.6934	2400	178	1408
12.6992	2401	177	1408
12.7029	2402	173	208
12.7088	2403	178	1408
12.715	2404	177	1408
12.7182	2405	174	208
12.7246	2406	179	1408
12.7303	2407	178	1408
12.734	2408	175	208
12.737	2409	177	1408
12.7432	2410	176	1408
12.7494	2411	175	208
12.7524	2412	177	1408
12.7615	2413	179	1408
12.7652	2414	176	208
12.7682	2415	178	1408
12.7739	2416	176	1408
12.7805	2417	176	208
12.7835	2418	178	1408
12.7897	2419	177	1408
12.7963	2420	176	208
12.7993	2421	178	1408
12.8051	2422	177	1408
12.8117	2423	176	208
12.8146	2424	178	1408
12.8209	2425	177	1408
12.8241	2426	174	208
12.8304	2427	179	1408
12.8362	2428	178	1408
12.8399	2429	174	208
12.8429	2430	176	1408
12.852	2431	179	1408
12.8553	2432	175	208
12.8582	2433	177	1408
12.8673	2434	179	1411
12.8736	2435	178	1408
12.8802	2436	178	208
12.8831	2437	180	1408
12.8923	2438	182	1408
12.8955	2439	178	208
12.9047	2441	179	1408
12.9113	2442	179	208
12.9143	2443	181	1408
12.9234	2444	183	1408
12.9242	2445	177	208
12.9301	2446	182	1408
12.9363	2447	181	1408
12.9454	2449	182	1408
12.9512	2450	181	1408
12.9578	2451	180	208
12.9608	2452	182	1408
12.967	2453	181	1408
12.9736	2454	181	208
12.9766	2455	182	1408
12.9823	2456	181	1408
12.9861	2457	178	208
12.989	2458	180	1408
12.9981	2459	182	1408
13.0014	2460	178	208
13.0044	2461	180	1408
13.0135	2462	182	1408
13.0172	2463	179	208
13.0202	2464	181	1408
13.0259	2465	179	1408
13.0325	2466	179	208
13.0355	2467	181	1408
13.0417	2468	180	1408
13.0483	2469	180	208
13.0513	2470	182	1408
13.0571	2471	180	1408
13.0637	2472	179	208
13.0666	2473	181	1408
13.0729	2474	180	1408
13.0766	2475	176	208
13.0796	2476	178	1408
13.0853	2477	177	1408
13.0891	2478	174	208
13.0949	2479	178	1408
13.1011	2480	178	1408
13.1044	2481	173	208
13.1107	2482	176	1411
13.1198	2483	178	1408
13.1256	2484	177	1408
13.1293	2485	174	208
13.1351	2486	179	1408
13.1414	2487	177	1408
13.148	2488	176	208
13.151	2489	178	1408
13.1576	2490	178	211
13.1605	2491	180	1408
13.1638	2492	176	208
13.1701	2493	181	1408
13.1759	2494	179	1408
13.1825	2495	179	208
13.1855	2496	181	1408
13.1917	2497	180	1408
13.1983	2498	179	208
13.2013	2499	181	1408
13.2041	2500	177	1408
13.2074	2501	173	208
13.2108	2502	175	1408
13.2195	2503	176	1408
13.2232	2504	173	208
13.2262	2505	175	1408
13.2319	2506	173	1408
13.2357	2507	170	208
13.2415	2508	175	1408
13.2477	2509	174	1408
13.251	2510	169	208
13.2573	2511	175	1408
13.2631	2512	174	1408
13.2668	2513	170	208
13.2727	2514	175	1408
13.2789	2515	174	1408
13.2821	2516	171	208
13.2851	2517	173	1408
13.2942	2518	175	1408
13.2979	2519	171	208
13.3009	2520	173	1408
13.31	2521	176	1408
13.3133	2522	172	208
13.3162	2523	174	1408
13.3254	2524	175	1408
13.3286	2525	171	208
13.3321	2526	174	1408
13.3407	2527	175	1408
13.3473	2528	175	208
13.3503	2529	177	1408
13.3565	2530	176	1408
13.3602	2531	173	208
13.3661	2532	178	1408
13.3718	2533	176	1408
13.3784	2534	176	208
13.3814	2535	178	1408
13.3876	2536	177	1408
13.3914	2537	174	208
13.3972	2538	178	1408
13.4063	2539	180	1408
13.4096	2540	176	208
13.4126	2541	178	1408
13.4217	2542	180	1408
13.4225	2543	174	208
13.4284	2544	179	1408
13.4341	2545	178	1408
13.4407	2546	177	208
13.4437	2547	179	1408
13.4499	2548	178	1408
13.4561	2549	178	208
13.459	2550	180	1408
13.4619	2551	175	1408
13.4685	2552	174	208
13.4715	2553	176	1408
13.4777	2554	175	1408
13.4814	2555	172	208
13.4873	2556	177	1408
13.493	2557	176	1408
13.4968	2558	172	208
13.4997	2559	174	1408
13.5089	2560	176	1408
13.5121	2561	173	208
13.5151	2562	175	1408
13.5242	2563	177	1408
13.5279	2564	173	208
13.5309	2565	175	1408
13.5371	2566	174	1408
13.5432	2567	173	208
13.5462	2568	175	1408
13.5553	2569	177	1408
13.5591	2570	174	208
13.562	2571	176	1408
13.5678	2572	174	1408
13.5744	2573	174	208
13.5774	2574	176	1408
13.5836	2575	175	1408
13.5902	2576	175	208
13.5932	2577	177	1408
13.5989	2578	175	1408
13.6027	2579	172	208
13.6085	2580	176	1408
13.6147	2581	175	1408
13.6213	2582	175	208
13.6243	2583	177	1408
13.6301	2584	176	1408
13.6367	2585	175	208
13.6396	2586	177	1408
13.6459	2587	176	1408
13.6525	2588	176	208
13.6554	2589	178	1408
13.6612	2590	177	1408
13.6649	2591	173	208
13.6708	2592	178	1408
13.677	2593	178	1408
13.6836	2594	176	208
13.6866	2595	178	1408
13.6923	2596	177	1408
13.6961	2597	174	208
13.7019	2598	178	1408
13.7081	2599	178	1408
13.7114	2600	174	208
13.7144	2601	176	1408
13.7206	2602	175	1408
13.7272	2603	175	208
13.7302	2604	177	1408
13.7359	2605	175	1408
13.7425	2606	175	208
13.7455	2607	177	1408
13.7517	2608	175	1408
13.7584	2609	175	208
13.7613	2610	177	1408
13.7671	2611	176	1408
13.7737	2612	175	208
13.7767	2613	177	1408
13.7829	2614	176	1408
13.7861	2615	173	208
13.7891	2616	175	1408
13.7982	2617	177	1408
13.8019	2618	173	208
13.8049	2619	175	1408
13.814	2620	178	1408
13.8173	2621	174	208
13.8207	2622	175	1408
13.8294	2623	177	1408
13.8331	2624	174	208
13.8361	2625	176	1408
13.8452	2626	178	1408
13.8484	2627	174	208
13.8514	2628	176	1408
13.8576	2629	175	1408
13.8642	2630	175	208
13.8672	2631	177	1408
13.895	2632	162	1408
13.9016	2633	162	208
13.9046	2634	164	1408
13.9103	2635	163	1408
13.9169	2636	162	208
13.9199	2637	164	1408
13.9261	2638	164	1408
13.9294	2639	160	208
13.9328	2640	162	1408
13.9415	2641	164	1408
13.9452	2642	161	208
13.9482	2643	163	1408
13.9539	2644	161	1408
13.9605	2645	161	208
13.9635	2646	163	1408
13.9697	2647	161	1408
13.9763	2648	161	208
13.9793	2649	163	1408
13.9851	2650	162	1408
13.9917	2651	161	208
13.9946	2652	163	1408
14.0009	2653	162	1408
14.0046	2654	159	208
14.0104	2655	164	1408
14.0162	2656	163	1408
14.0199	2657	159	208
14.0229	2658	161	1408
14.032	2659	164	1408
14.0353	2660	159	208
14.0382	2661	161	1408
14.0473	2662	163	1408
14.0511	2663	160	208
14.054	2664	162	1408
14.0631	2665	164	1408
14.0789	2666	153	208
14.0818	2667	155	1408
14.0881	2668	154	1408
14.0947	2669	153	208
14.0976	2670	155	1408
14.1034	2671	153	1408
14.11	2672	152	208
14.113	2673	154	1408
14.1221	2674	157	1408
14.1258	2675	153	208
14.1288	2676	155	1408
14.1345	2677	154	1408
14.1411	2678	154	208
14.1441	2679	156	1408
14.1503	2680	155	1408
14.1569	2681	154	208
14.1599	2682	156	1408
14.1657	2683	155	1408
14.1723	2684	155	208
14.1752	2685	157	1408
14.1844	2686	158	1408
14.1881	2687	155	208
14.1911	2688	157	1408
14.1968	2689	155	1408
14.2034	2690	155	208
14.2064	2691	157	1408
14.2155	2692	159	1408
14.2192	2693	156	208
14.2251	2694	161	1408
14.2313	2695	160	1408
14.2379	2696	159	208
14.2409	2697	161	1408
14.25	2698	163	1408
14.2566	2699	162	208
14.2596	2700	164	1408
14.2749	2701	163	1408
14.2786	2702	160	208
14.2845	2703	165	1408
14.2936	2704	166	1408
14.3002	2705	166	208
14.3032	2706	168	1408
14.3094	2707	166	1408
14.3189	2708	166	208
14.3218	2709	168	1408
14.3309	2710	170	1408
14.3347	2711	167	208
14.3405	2712	172	1408
14.3463	2713	171	1408
14.3529	2714	170	208
14.3559	2715	172	1408
14.365	2716	174	1408
14.3716	2717	174	208
14.3745	2718	176	1408
14.3836	2719	178	1408
14.3903	2720	176	208
14.3932	2721	178	1408
14.4023	2722	180	1408
14.4061	2723	177	208
14.4119	2724	181	1408
14.4181	2725	181	1408
14.4219	2726	176	208
14.4248	2727	178	1408
14.4339	2728	178	1408
14.4406	2729	178	208
14.4435	2730	180	1408
14.4526	2731	182	1408
14.4592	2732	179	208
14.4622	2733	181	1408
14.4684	2734	179	1408
14.4818	2735	177	208
14.4876	2736	182	1408
14.5001	2737	177	1408
14.5067	2738	173	208
14.5096	2739	175	1408
14.5187	2740	177	1408
14.5287	2741	177	208
14.5317	2742	179	1408
14.5408	2743	179	1408
14.5474	2744	177	208
14.5504	2745	179	1408
14.5561	2746	178	1408
14.5627	2747	177	208
14.5657	2748	179	1408
14.5748	2749	179	1408
14.5814	2750	177	208
14.5844	2751	179	1408
14.5935	2752	180	1408
14.6001	2753	177	208
14.6031	2754	179	1408
14.6122	2755	180	1408
14.6188	2756	176	208
14.6217	2757	178	1408
14.628	2758	177	1408
14.6346	2759	177	208
14.6375	2760	179	1408
14.6433	2761	178	1408
14.6499	2762	176	208
14.6529	2763	178	1408
14.662	2764	179	1408
14.6715	2765	179	208
14.6744	2766	181	1408
14.6807	2767	180	1408
14.6906	2768	173	208
14.6936	2769	175	1408
14.7022	2770	172	1408
14.7055	2771	169	208
14.7085	2772	169	1408
14.7176	2773	169	1408
14.7242	2774	166	208
14.7272	2775	166	1408
14.7358	2776	165	1408
14.7395	2777	162	208
14.7454	2778	165	1408
14.7516	2779	165	1408
14.7549	2780	161	208
14.7612	2781	166	1408
14.7669	2782	162	1408
14.7735	2783	162	208
14.7765	2784	162	1408
14.7856	2785	162	1408
14.7894	2786	159	208
14.7923	2787	159	1408
14.8014	2788	159	1408
14.808	2789	160	208
14.811	2790	160	1408
14.8201	2791	162	1408
14.8234	2792	159	208
14.8297	2793	162	1408
14.8354	2794	162	1408
14.8392	2795	159	208
14.845	2796	163	1408
14.8541	2797	162	1408
14.8607	2798	159	208
14.8671	2799	163	1408
14.8728	2800	162	1408
14.8765	2801	156	208
14.8824	2802	159	1408
14.8915	2803	159	1408
14.8952	2804	158	208
14.8982	2805	160	1408
14.9073	2806	160	1408
14.9134	2807	159	208
14.9198	2808	162	1408
14.9289	2809	163	1408
14.9321	2810	162	208
14.9385	2811	163	1408
14.9442	2812	163	1408
14.9508	2813	164	208
14.9571	2814	166	1408
14.9629	2815	165	1408
14.9666	2816	163	208
14.9725	2817	166	1408
14.9816	2818	166	1408
14.9853	2819	165	208
14.9883	2820	166	1408
14.9974	2821	166	1408
15.0006	2822	162	208
15.007	2823	165	1408
15.0161	2824	166	1408
15.0193	2825	164	208
15.0256	2826	166	1408
15.0314	2827	166	1408
15.0351	2828	165	208
15.041	2829	165	1408
15.0501	2830	166	1408
15.0538	2831	163	208
15.0597	2832	162	1408
15.0688	2833	166	1408
15.0691	2834	161	208
15.0783	2835	166	1408
15.0846	2836	163	1408
15.0912	2837	161	208
15.0942	2838	163	1408
15.1033	2839	163	1408
15.1127	2840	162	208
15.1157	2841	164	1408
15.1248	2842	164	1408
15.1285	2843	159	208
15.1344	2844	163	1408
15.1435	2845	163	1408
15.1472	2846	158	208
15.1531	2847	163	1408
15.1593	2848	162	1408
15.1659	2849	161	208
15.1689	2850	163	1408
15.178	2851	165	1408
15.1812	2852	162	208
15.1842	2853	164	1408
15.1933	2854	166	1408
15.1971	2855	164	208
15.2029	2856	165	1408
15.212	2857	166	1408
15.2157	2858	163	208
15.2216	2859	166	1408
15.2278	2860	166	1408
15.2311	2861	163	208
15.2374	2862	166	1408
15.2465	2863	166	1408
15.2498	2864	163	208
15.2561	2865	167	1408
15.2652	2866	167	1408
15.2656	2867	161	208
15.2748	2868	166	1408
15.2805	2869	166	1408
15.2842	2870	163	208
15.2901	2871	166	1408
15.2992	2872	166	1408
15.3058	2873	163	208
15.3088	2874	163	1408
15.3179	2875	163	1408
15.3216	2876	161	208
15.3275	2877	163	1408
15.3366	2878	163	1408
15.3403	2879	161	208
15.3461	2880	163	1408
15.3524	2881	163	1408
15.359	2882	162	208
15.362	2883	163	1408
15.3711	2884	163	1408
15.3777	2885	163	208
15.3806	2886	165	1408
15.3897	2887	166	1408
15.393	2888	164	208
15.3993	2889	166	1408
15.4084	2890	166	1408
15.4117	2891	163	208
15.418	2892	167	1408
15.4238	2893	166	1408
15.4275	2894	163	208
15.4333	2895	166	1408
15.4424	2896	166	1408
15.4462	2897	164	208
15.452	2898	166	1408
15.4611	2899	166	1408
15.4649	2900	163	208
15.4707	2901	166	1408
15.4769	2902	166	1408
15.4802	2903	163	208
15.4865	2904	166	1408
15.4956	2905	166	1408
15.4989	2906	163	208
15.5052	2907	167	1408
15.5143	2908	167	1408
15.5147	2909	161	208
15.5239	2910	166	1408
15.5296	2911	163	1408
15.5334	2912	161	208
15.5392	2913	163	1408
15.5483	2914	166	1408
15.5521	2915	163	208
15.5579	2916	165	1408
15.567	2917	166	1408
15.5707	2918	163	208
15.5766	2919	166	1408
15.5857	2920	166	1408
15.5861	2921	161	208
15.5924	2922	163	1408
15.6015	2923	163	1408
15.6081	2924	164	208
15.6111	2925	163	1408
15.6202	2926	166	1408
15.6234	2927	162	208
15.6298	2928	166	1408
15.6389	2929	166	1408
15.6421	2930	164	208
15.6484	2931	166	1408
15.6575	2932	166	1408
15.6608	2933	160	208
15.6671	2934	166	1408
15.6729	2935	165	1408
15.6795	2936	163	208
15.6825	2937	165	1408
15.6916	2938	166	1408
15.6982	2939	163	208
15.7011	2940	165	1408
15.7102	2941	166	1408
15.7169	2942	163	208
15.7198	2943	165	1408
15.7261	2944	166	1408
15.7327	2945	163	208
15.7356	2946	165	1408
15.7447	2947	166	1408
15.7513	2948	163	208
15.7543	2949	165	1408
15.7634	2950	166	1408
15.7667	2951	160	208
15.773	2952	166	1408
15.7788	2953	163	1408
15.7854	2954	163	208
15.7883	2955	165	1408
15.7974	2956	166	1408
15.804	2957	163	208
15.807	2958	165	1408
15.8161	2959	166	1408
15.8227	2960	163	208
15.8257	2961	165	1408
15.8319	2962	163	1408
15.8385	2963	160	208
15.8415	2964	162	1408
15.8506	2965	163	1408
15.8572	2966	160	208
15.8602	2967	162	1408
15.8693	2968	165	1408
15.873	2969	161	208
15.8789	2970	165	1408
15.888	2971	166	1408
15.8946	2972	163	208
15.8976	2973	165	1408
15.9067	2974	166	1408
15.9099	2975	160	208
15.9162	2976	166	1408
15.922	2977	166	1408
15.9286	2978	163	208
15.9316	2979	165	1408
15.9407	2980	166	1408
15.9473	2981	163	208
15.9503	2982	165	1408
15.9594	2983	166	1408
15.9631	2984	160	208
15.9689	2985	164	1408
15.9752	2986	165	1408
15.9818	2987	163	208
15.9848	2988	165	1408
15.9939	2989	166	1408
16.0005	2990	163	208
16.0034	2991	165	1408
16.0125	2992	166	1408
16.0158	2993	160	208
16.0221	2994	166	1408
16.0279	2995	165	1408
16.0345	2996	163	208
16.0375	2997	165	1408
16.0466	2998	166	1408
16.0532	2999	163	208
16.0561	3000	165	1408
16.0652	3001	166	1408
16.0719	3002	163	208
16.0748	3003	165	1408
16.0811	3004	163	1408
16.0877	3005	160	208
16.0906	3006	162	1408
16.0997	3007	163	1408
16.1063	3008	160	208
16.1122	3009	165	1408
16.1184	3010	165	1408
16.125	3011	164	208
16.128	3012	166	1408
16.1371	3013	167	1408
16.1437	3014	163	208
16.1467	3015	165	1408
16.1558	3016	166	1408
16.159	3017	160	208
16.1654	3018	165	1408
16.1711	3019	165	1408
16.1777	3020	163	208
16.1807	3021	165	1408
16.1898	3022	166	1408
16.1964	3023	163	208
16.1994	3024	165	1408
16.2085	3025	166	1408
16.2122	3026	160	208
16.2181	3027	165	1408
16.2243	3028	165	1408
16.2309	3029	163	208
16.2339	3030	165	1408
16.243	3031	166	1408
16.2496	3032	163	208
16.2526	3033	165	1408
16.2617	3034	166	1408
16.2649	3035	160	208
16.2712	3036	166	1408
16.277	3037	165	1408
16.2836	3038	163	208
16.2866	3039	165	1408
16.2957	3040	166	1408
16.3023	3041	160	208
16.3057	3042	162	1408
16.3144	3043	165	1408
16.3181	3044	160	208
16.3239	3045	164	1408
16.3302	3046	163	1408
16.3368	3047	160	208
16.3426	3048	165	1408
16.3489	3049	163	1408
16.3555	3050	160	208
16.3613	3051	165	1408
16.3675	3052	165	1408
16.3741	3053	164	208
16.3771	3054	166	1408
16.3862	3055	167	1408
16.3928	3056	163	208
16.3958	3057	165	1408
16.4049	3058	166	1408
16.4082	3059	160	208
16.4145	3060	165	1408
16.4202	3061	165	1408
16.4268	3062	163	208
16.4298	3063	165	1408
16.4389	3064	165	1408
16.4455	3065	163	208
16.4485	3066	165	1408
16.4576	3067	166	1408
16.4613	3068	160	208
16.4672	3069	165	1408
16.4734	3070	165	1408
16.48	3071	164	208
16.483	3072	165	1408
16.4921	3073	167	1408
16.4987	3074	163	208
16.5017	3075	165	1408
16.5108	3076	166	1408
16.514	3077	160	208
16.5204	3078	165	1408
16.5261	3079	165	1408
16.5327	3080	160	208
16.5357	3081	162	1408
16.5448	3082	165	1408
16.5519	3083	160	208
16.5577	3084	165	1408
16.5635	3085	165	1408
16.5672	3086	160	208
16.5731	3087	165	1408
16.5793	3088	163	1408
16.5859	3089	160	208
16.5917	3090	165	1408
16.598	3091	162	1408
16.6046	3092	160	208
16.6104	3093	165	1408
16.6167	3094	165	1408
16.6233	3095	164	208
16.6262	3096	166	1408
16.6353	3097	166	1408
16.6391	3098	161	208
16.6449	3099	165	1408
16.654	3100	167	1408
16.6573	3101	160	208
16.6636	3102	165	1408
16.6694	3103	165	1408
16.676	3104	162	208
16.6789	3105	164	1408
16.688	3106	166	1408
16.6947	3107	163	208
16.6976	3108	165	1408
16.7067	3109	166	1408
16.7105	3110	160	208
16.7163	3111	165	1408
16.7225	3112	165	1408
16.7291	3113	164	208
16.7321	3114	166	1408
16.7412	3115	167	1408
16.7478	3116	160	208
16.7537	3117	165	1408
16.7599	3118	165	1408
16.7632	3119	160	208
16.7695	3120	165	1408
16.7752	3121	165	1408
16.7818	3122	160	208
16.7853	3123	163	1408
16.7939	3124	165	1408
16.801	3125	161	208
16.8069	3126	165	1408
16.8126	3127	165	1408
16.8163	3128	160	208
16.8222	3129	165	1408
16.8284	3130	163	1408
16.835	3131	160	208
16.8409	3132	164	1408
16.8471	3133	163	1408
16.8537	3134	160	208
16.8596	3135	165	1408
16.8658	3136	165	1408
16.8724	3137	163	208
16.8754	3138	165	1408
16.8845	3139	166	1408
16.8911	3140	164	208
16.894	3141	166	1408
16.9031	3142	167	1408
16.9064	3143	160	208
16.9127	3144	165	1408
16.9185	3145	165	1408
16.9251	3146	163	208
16.9281	3147	165	1408
16.9372	3148	166	1408
16.9438	3149	160	208
16.9472	3150	163	1408
16.9558	3151	165	1408
16.9596	3152	160	208
16.9654	3153	165	1408
16.9717	3154	165	1408
16.9783	3155	163	208
16.9812	3156	165	1408
16.9903	3157	166	1408
16.9969	3158	160	208
17.0028	3159	165	1408
17.009	3160	166	1408
17.0123	3161	160	208
17.0186	3162	165	1408
17.0244	3163	165	1408
17.031	3164	160	208
17.0339	3165	163	1408
17.043	3166	166	1408
17.0496	3167	160	208
17.0526	3168	163	1408
17.0617	3169	166	1408
17.0655	3170	160	208
17.0684	3171	163	1408
17.0775	3172	163	1408
17.0841	3173	160	208
17.0871	3174	163	1408
17.0962	3175	163	1408
17.1028	3176	160	208
17.1058	3177	163	1408
17.1149	3178	166	1408
17.1215	3179	163	208
17.1245	3180	166	1408
17.1336	3181	166	1408
17.1402	3182	163	208
17.1432	3183	166	1408
17.1523	3184	167	1408
17.1555	3185	160	208
17.1585	3186	163	1408
17.1676	3187	166	1408
17.1742	3188	163	208
17.1772	3189	166	1408
17.1863	3190	166	1408
17.1929	3191	160	208
17.1959	3192	163	1408
17.205	3193	165	1408
17.2087	3194	160	208
17.2117	3195	163	1408
17.2208	3196	166	1408
17.2274	3197	163	208
17.2304	3198	165	1408
17.2395	3199	165	1408
17.2461	3200	163	208
17.249	3201	164	1408
17.261	3202	167	1408
17.2676	3203	164	208
17.2706	3204	166	1408
17.2802	3205	167	1408
17.2897	3206	166	208
17.2926	3207	168	1408
17.3017	3208	168	1408
17.3083	3209	166	208
17.3142	3210	170	1408
17.3391	3211	166	1408
17.3457	3212	163	208
17.3487	3213	165	1408
17.3578	3214	166	1408
17.3644	3215	165	208
17.3674	3216	167	1408
17.3765	3217	168	1408
17.3831	3218	167	208
17.3861	3219	168	1408
17.398	3220	172	1408
17.4046	3221	169	208
17.4076	3222	171	1408
17.4167	3223	172	1408
17.4233	3224	171	208
17.4263	3225	173	1408
17.4354	3226	174	1408
17.442	3227	173	208
17.445	3228	173	1408
17.4541	3229	175	1408
17.464	3230	173	208
17.467	3231	175	1408
17.4761	3232	176	1408
17.4827	3233	172	208
17.4857	3234	174	1408
17.4977	3235	175	1408
17.5043	3236	173	208
17.5073	3237	175	1408
17.5197	3238	175	1408
17.5388	3239	169	208
17.5418	3240	171	1408
17.5509	3241	172	1408
17.5575	3242	170	208
17.5604	3243	172	1408
17.5724	3244	175	1408
17.5795	3245	173	208
17.5854	3246	178	1408
17.5945	3247	178	1408
17.6039	3248	175	208
17.6069	3249	177	1408
17.616	3250	179	1408
17.6197	3251	173	208
17.6256	3252	178	1408
17.6318	3253	175	1408
17.6384	3254	173	208
17.6414	3255	175	1408
17.6476	3256	172	1408
17.6538	3257	169	208
17.6567	3258	171	1408
17.6663	3259	169	1408
17.6724	3260	166	208
17.6754	3261	168	1408
17.6845	3262	169	1408
17.6911	3263	164	208
17.6941	3264	166	1408
17.7032	3265	166	1408
17.7036	3266	154	208
17.7066	3267	156	1408
17.7219	3268	150	1408
17.7285	3269	148	208
17.7315	3270	150	1408
17.7406	3271	150	1408
17.7505	3272	148	208
17.7535	3273	150	1408
17.7655	3274	150	1408
17.7721	3275	148	208
17.7751	3276	150	1408
17.7875	3277	150	1408
17.7941	3278	148	208
17.7971	3279	150	1408
17.8062	3280	151	1408
17.8128	3281	149	208
17.8158	3282	151	1408
17.8249	3283	152	1408
17.8315	3284	151	208
17.8345	3285	152	1408
17.8436	3286	153	1408
17.8502	3287	152	208
17.8532	3288	154	1408
17.8623	3289	155	1408
17.8689	3290	153	208
17.8718	3291	154	1408
17.8809	3292	155	1408
17.8847	3293	151	208
17.8905	3294	156	1408
17.8968	3295	154	1408
17.9034	3296	152	208
17.9092	3297	157	1408
17.9154	3298	154	1408
17.922	3299	152	208
17.9279	3300	156	1408
17.9341	3301	151	1408
17.9436	3302	148	208
17.9466	3303	150	1408
17.9557	3304	150	1408
17.9652	3305	148	208
17.9715	3306	153	1408
17.9777	3307	150	1408
17.9872	3308	151	208
17.9902	3309	153	1408
17.9993	3310	154	1408
18.0059	3311	151	208
18.0089	3312	153	1408
18.018	3313	153	1408
18.0246	3314	151	208
18.0304	3315	156	1408
18.0366	3316	153	1408
18.0461	3317	154	208
18.0491	3318	156	1408
18.0582	3319	157	1408
18.0619	3320	150	208
18.0678	3321	155	1408
18.074	3322	154	1408
18.0806	3323	152	208
18.0836	3324	154	1408
18.0927	3325	153	1408
18.0993	3326	152	208
18.1052	3327	157	1408
18.1143	3328	157	1408
18.118	3329	152	208
18.121	3330	154	1408
18.1301	3331	154	1408
18.1367	3332	151	208
18.1396	3333	153	1408
18.155	3334	153	1408
18.1582	3335	149	208
18.1617	3336	151	1408
18.1708	3337	150	1408
18.1803	3338	151	208
18.1832	3339	153	1408
18.1923	3340	154	1408
18.199	3341	150	208
18.2019	3342	152	1408
18.2139	3343	153	1408
18.2205	3344	152	208
18.2235	3345	154	1408
18.2326	3346	153	1408
18.2392	3347	151	208
18.2422	3348	153	1408
18.2513	3349	154	1408
18.2579	3350	152	208
18.2609	3351	154	1408
18.27	3352	155	1408
18.2766	3353	154	208
18.2795	3354	155	1408
18.292	3355	156	1408
18.2952	3356	151	208
18.2982	3357	153	1408
18.3073	3358	154	1408
18.3139	3359	152	208
18.3169	3360	154	1408
18.326	3361	156	1408
18.336	3362	150	208
18.3389	3363	152	1408
18.348	3364	154	1408
18.3513	3365	149	208
18.3576	3366	154	1408
18.3667	3367	153	1408
18.3733	3368	151	208
18.3763	3369	153	1408
18.3854	3370	153	1408
18.3949	3371	150	208
18.3979	3372	152	1408
18.407	3373	153	1408
18.4136	3374	151	208
18.4166	3375	153	1408
18.4257	3376	153	1408
18.4323	3377	151	208
18.4357	3378	153	1408
18.4443	3379	154	1408
18.4514	3380	151	208
18.4573	3381	156	1408
18.463	3382	154	1408
18.473	3383	150	208
18.476	3384	152	1408
18.4851	3385	154	1408
18.4917	3386	152	208
18.4946	3387	154	1408
18.5037	3388	155	1408
18.5075	3389	151	208
18.5133	3390	155	1408
18.5224	3391	153	1408
18.529	3392	151	208
18.532	3393	153	1408
18.5411	3394	154	1408
18.5477	3395	151	208
18.5507	3396	153	1408
18.5598	3397	153	1408
18.5664	3398	151	208
18.5723	3399	156	1408
18.5814	3400	154	1408
18.588	3401	150	208
18.5909	3402	152	1408
18.6	3403	154	1408
18.6066	3404	151	208
18.6096	3405	153	1408
18.6187	3406	153	1408
18.6253	3407	151	208
18.6317	3408	156	1408
18.6408	3409	153	1408
18.6474	3410	152	208
18.6503	3411	154	1408
18.6594	3412	153	1408
18.6661	3413	151	208
18.669	3414	153	1408
18.6781	3415	154	1408
18.6847	3416	151	208
18.6877	3417	153	1408
18.6968	3418	153	1408
18.7034	3419	151	208
18.7093	3420	156	1408
18.7155	3421	153	1408
18.7221	3422	151	208
18.728	3423	155	1408
18.7371	3424	157	1408
18.7408	3425	151	208
18.7438	3426	154	1408
18.7557	3427	153	1408
18.7623	3428	151	208
18.7653	3429	154	1408
18.7744	3430	153	1408
18.781	3431	151	208
18.784	3432	154	1408
18.7931	3433	154	1408
18.7997	3434	151	208
18.8027	3435	154	1408
18.8151	3436	154	1408
18.8218	3437	151	208
18.8247	3438	154	1408
18.8338	3439	153	1408
18.8404	3440	151	208
18.8434	3441	154	1408
18.8525	3442	153	1408
18.8591	3443	151	208
18.8621	3444	154	1408
18.8741	3445	157	1408
18.8778	3446	151	208
18.8808	3447	154	1408
18.8928	3448	153	1408
18.8965	3449	151	208
18.9023	3450	156	1408
18.9114	3451	153	1408
18.918	3452	151	208
18.921	3453	154	1408
18.9301	3454	156	1408
18.9367	3455	151	208
18.9397	3456	153	1408
18.9522	3457	155	1408
18.9588	3458	150	208
18.9646	3459	154	1408
18.9737	3460	152	1408
18.9803	3461	149	208
18.9867	3462	153	1408
18.9958	3463	151	1408
19.0024	3464	147	208
19.0053	3465	149	1408
19.0144	3466	150	1408
19.021	3467	149	208
19.024	3468	150	1408
19.0331	3469	151	1408
19.0397	3470	149	208
19.0427	3471	151	1408
19.0518	3472	151	1408
19.0584	3473	150	208
19.0614	3474	152	1408
19.0705	3475	153	1408
19.0771	3476	151	208
19.0801	3477	153	1408
19.0892	3478	154	1408
19.0929	3479	149	208
19.0988	3480	154	1408
19.1045	3481	151	1408
19.1111	3482	150	208
19.1146	3483	152	1408
19.1265	3484	156	1408
19.1332	3485	151	208
19.1361	3486	153	1408
19.1481	3487	154	1408
19.1547	3488	151	208
19.1577	3489	153	1408
19.1673	3490	151	1408
19.1739	3491	148	208
19.1797	3492	153	1408
19.1888	3493	153	1408
19.1954	3494	151	208
19.1984	3495	153	1408
19.2075	3496	153	1408
19.2141	3497	151	208
19.2171	3498	153	1408
19.2291	3499	157	1408
19.2328	3500	151	208
19.2386	3501	156	1408
19.2449	3502	153	1408
19.2544	3503	154	208
19.2573	3504	156	1408
19.2636	3505	153	1408
19.273	3506	154	208
19.276	3507	156	1408
19.2851	3508	157	1408
19.2889	3509	152	208
19.2918	3510	154	1408
19.3009	3511	154	1408
19.3075	3512	151	208
19.3134	3513	156	1408
19.3196	3514	153	1408
19.3291	3515	151	208
19.3321	3516	153	1408
19.3412	3517	154	1408
19.3478	3518	150	208
19.3508	3519	152	1408
19.3632	3520	154	1408
19.3698	3521	151	208
19.3728	3522	153	1408
19.3819	3523	153	1408
19.3885	3524	151	208
19.3915	3525	153	1408
19.4006	3526	153	1408
19.4101	3527	151	208
19.413	3528	153	1408
19.4221	3529	154	1408
19.4287	3530	152	208
19.4317	3531	154	1408
19.4408	3532	153	1408
19.4474	3533	152	208
19.4504	3534	154	1408
19.4595	3535	153	1408
19.4661	3536	151	208
19.4691	3537	153	1408
19.4782	3538	154	1408
19.4848	3539	152	208
19.4878	3540	154	1408
19.4969	3541	153	1408
19.5035	3542	152	208
19.5065	3543	154	1408
19.5156	3544	153	1408
19.5222	3545	151	208
19.5251	3546	153	1408
19.5342	3547	154	1408
19.5442	3548	151	208
19.5472	3549	153	1408
19.5563	3550	154	1408
19.5629	3551	151	208
19.5659	3552	153	1408
19.575	3553	153	1408
19.5816	3554	151	208
19.5845	3555	153	1408
19.5965	3556	153	1408
19.6031	3557	151	208
19.6061	3558	153	1408
19.6152	3559	154	1408
19.6218	3560	151	208
19.6248	3561	153	1408
19.6339	3562	153	1408
19.6405	3563	151	208
19.6468	3564	156	1408
19.653	3565	154	1408
19.6597	3566	151	208
19.6655	3567	156	1408
19.6717	3568	154	1408
19.6783	3569	152	208
19.6842	3570	157	1408
19.6904	3571	154	1408
19.697	3572	152	208
19.7029	3573	156	1408
19.7091	3574	154	1408
19.7157	3575	151	208
19.7216	3576	156	1408
19.7307	3577	153	1408
19.7373	3578	151	208
19.7402	3579	153	1408
19.7493	3580	154	1408
19.756	3581	150	208
19.7589	3582	152	1408
19.768	3583	154	1408
19.7775	3584	151	208
19.7805	3585	153	1408
19.7896	3586	153	1408
19.7962	3587	151	208
19.7992	3588	153	1408
19.8083	3589	154	1408
19.8149	3590	151	208
19.8179	3591	153	1408
19.8303	3592	154	1408
19.8369	3593	152	208
19.8399	3594	154	1408
19.849	3595	153	1408
19.8556	3596	152	208
19.8614	3597	153	1408
19.8706	3598	154	1408
19.8743	3599	150	208
19.8801	3600	153	1408
19.8892	3601	154	1408
19.893	3602	149	208
19.8988	3603	153	1408
19.9079	3604	154	1408
19.9117	3605	150	208
19.918	3606	150	1408
19.9266	3607	151	1408
19.9332	3608	150	208
19.9367	3609	150	1408
19.9453	3610	151	1408
19.9519	3611	149	208
19.9582	3612	151	1408
19.9673	3613	152	1408
19.9739	3614	150	208
19.9769	3615	150	1408
19.986	3616	152	1408
19.9926	3617	150	208
19.9956	3618	151	1408
