0.01	0
0.01	0
0.01	0
0.01	0
0.01	0
0.01	0
0.01	0
0.01	0
0.01	0
0.01	0
0.01	0
0.014	0
0.015	0
0.02	0
0.130924	92
0.131924	92
0.141013	270
0.150477	517
0.152445	585
0.161533	783
0.168533	783
0.169533	783
0.177533	783
0.184533	783
0.185533	783
0.192533	783
0.199533	783
0.200533	783
0.207533	783
0.215533	783
0.216533	783
0.223533	783
0.230533	783
0.231533	783
0.238554	989
0.244554	989
0.245554	989
0.250986	989
0.256986	989
0.257986	989
0.26389	989
0.26889	989
0.26989	989
0.27585	989
0.281442	989
0.281442	989
0.287282	989
0.293282	989
0.294282	989
0.29937	989
0.305962	989
0.306402	989
0.311402	989
0.318362	989
0.318362	989
0.3308	989
0.343242	989
0.343242	989
0.35903	989
0.368124	989
0.368124	989
0.383912	989
0.399228	989
0.399228	989
0.408794	989
0.41454	1024
0.41454	1024
0.421232	1057
0.430326	1072
0.430326	1072
0.436544	1110
0.441544	1110
0.441544	1110
0.446638	1129
0.45233	1195
0.45233	1195
0.45733	1195
0.462076	1195
0.462076	1195
0.47099	1195
0.476736	1207
0.476736	1207
0.48146	1220
0.486302	1220
0.486302	1220
0.492522	1228
0.502088	1251
0.502088	1251
0.511182	1262
0.515182	1262
0.516182	1262
0.52697	1262
0.542286	1262
0.542286	1262
0.551852	1262
0.560946	1291
0.560946	1291
0.573386	1322
0.577386	1322
0.577386	1322
0.58248	1322
0.589176	1322
0.589176	1322
0.594924	1322
0.607842	1322
0.607842	1322
0.61359	1322
0.620286	1322
0.620286	1322
0.626034	1334
0.63273	1341
0.63273	1341
0.638478	1359
0.645174	1360
0.645174	1360
0.65427	1373
0.658522	1373
0.658522	1373
0.662492	1383
0.669588	1397
0.669588	1397
0.676284	1398
0.682032	1398
0.682032	1398
0.69495	1398
0.704046	1398
0.704046	1398
0.710268	1400
0.719364	1435
0.719364	1435
0.723364	1435
0.735156	1444
0.735156	1444
0.741378	1458
0.750948	1467
0.750948	1467
0.762918	1467
0.769614	1479
0.769614	1479
0.773488	1526
0.77774	1526
0.77774	1526
0.78171	1534
0.78471	1534
0.785932	1534
0.789932	1534
0.794502	1550
0.794502	1550
0.803598	1550
0.80982	1550
0.80982	1550
0.816042	1550
0.822264	1550
0.822264	1550
0.828486	1550
0.834708	1550
0.834708	1550
0.847152	1550
0.853374	1550
0.853374	1550
0.859596	1550
0.865818	1550
0.865818	1550
0.87204	1550
0.878262	1550
0.878262	1550
0.890706	1550
0.896928	1569
0.896928	1569
0.90315	1569
0.909372	1569
0.909372	1569
0.915594	1594
0.918594	1594
0.919846	1594
0.922816	1627
0.928038	1653
0.928038	1653
0.931038	1653
0.93526	1653
0.93526	1653
0.943356	1662
0.947178	1662
0.947178	1662
0.952928	1662
0.956276	1731
0.956276	1731
0.959276	1731
0.962026	1731
0.963404	1731
0.96685	1731
0.9716	1735
0.974854	1749
0.977824	1809
0.980824	1809
0.980824	1809
0.98405	1809
0.987398	1809
0.987398	1809
0.990398	1809
0.993148	1809
0.996878	1809
0.999848	1809
1.0056	1809
1.00645	1809
1.00942	1809
1.01805	1809
1.02178	1809
1.02475	1809
1.0305	1809
1.03088	1809
1.03385	1809
1.04007	1809
1.04333	1809
1.0463	1809
1.05252	1809
1.05578	1809
1.05875	1809
1.06497	1809
1.06823	1809
1.0712	1809
1.07407	1809
1.0778	1809
1.08077	1900
1.08364	1900
1.08364	1900
1.0869	1900
1.08987	1900
1.09274	1908
1.09647	1908
1.09944	1959
1.09944	1959
1.10519	2002
1.10757	2002
1.10854	2036
1.11054	2036
1.11354	2036
1.11454	2036
1.11614	2036
1.11911	2036
1.12011	2036
1.12386	2053
1.12721	2088
1.12721	2088
1.13021	2088
1.13256	2088
1.13356	2088
1.13966	2088
1.14254	2088
1.14254	2088
1.14588	2088
1.15211	2136
1.15211	2136
1.15546	2172
1.15746	2172
1.15746	2172
1.16033	2198
1.16359	2198
1.16359	2198
1.16656	2287
1.16856	2287
1.16856	2287
1.17116	2287
1.17413	2313
1.17413	2313
1.17613	2313
1.17988	2313
1.17988	2313
1.18993	2368
1.19193	2368
1.19193	2368
1.19568	2368
1.20526	2368
1.20526	2368
1.21101	2368
1.22394	2368
1.22394	2368
1.22969	2368
1.24261	2368
1.24261	2368
1.24836	2368
1.26129	2368
1.26129	2368
1.26417	2368
1.27374	2368
1.27374	2368
1.27949	2368
1.28619	2368
1.28619	2368
1.28907	2368
1.29864	2368
1.29864	2368
1.30152	2368
1.30774	2368
1.30774	2368
1.31397	2368
1.32019	2368
1.32019	2368
1.32306	2368
1.32976	2368
1.32976	2368
1.33264	2368
1.33886	2368
1.33886	2368
1.34221	2368
1.34844	2368
1.34844	2368
1.35419	2368
1.35753	2368
1.35753	2368
1.36376	2368
1.36998	2368
1.36998	2368
1.37333	2368
1.38243	2368
1.38243	2368
1.38866	2368
1.39202	2368
1.39202	2368
1.39777	2368
1.40447	2368
1.40447	2368
1.40735	2368
1.41358	2368
1.41358	2368
1.4198	2368
1.42316	2368
1.42316	2368
1.42977	2368
1.43274	2368
1.43897	2368
1.43897	2368
1.44856	2368
1.45056	2368
1.45526	2368
1.45526	2368
1.46149	2368
1.47395	2368
1.47395	2368
1.48018	2368
1.48976	2368
1.48976	2368
1.49598	2368
1.50844	2368
1.50844	2368
1.51132	2368
1.5209	2368
1.5209	2368
1.52425	2368
1.53048	2368
1.53048	2368
1.53623	2368
1.54006	2368
1.54006	2368
1.54581	2368
1.55204	2368
1.55204	2368
1.55539	2368
1.56162	2368
1.56162	2368
1.56737	2368
1.5712	2368
1.5712	2368
1.57695	2368
1.58318	2368
1.58318	2368
1.58653	2368
1.59563	2368
1.59563	2368
1.59851	2368
1.60234	2368
1.60234	2368
1.61096	2368
1.61432	2368
1.61432	2368
1.61767	2368
1.62677	2368
1.62677	2368
1.633	2368
1.63923	2368
1.63923	2368
1.64546	2368
1.65457	2368
1.65457	2368
1.66118	2368
1.66415	2368
1.66991	2368
1.66991	2368
1.68238	2368
1.68438	2368
1.68638	2368
1.69818	2368
1.70018	2368
1.70018	2368
1.7048	2368
1.70777	2368
1.71352	2368
1.71352	2368
1.7207	2368
1.72933	2368
1.72933	2368
1.73603	2368
1.74178	2368
1.74178	2368
1.74849	2368
1.75424	2368
1.75424	2368
1.76094	2368
1.76382	2368
1.76382	2368
1.77052	2368
1.77628	2368
1.77628	2368
1.7825	2368
1.78586	2368
1.78586	2368
1.79208	2368
1.79784	2368
1.79784	2368
1.80166	2368
1.80742	2368
1.80742	2368
1.81364	2368
1.817	2368
1.817	2368
1.82322	2368
1.82898	2368
1.82898	2368
1.83568	2368
1.84143	2368
1.84143	2368
1.84814	2368
1.85101	2368
1.85101	2368
1.85436	2368
1.85724	2368
1.85724	2368
1.86059	2368
1.86634	2368
1.86634	2368
1.87592	2368
1.88215	2368
1.88215	2368
1.89173	2368
1.89796	2368
1.89796	2368
1.90371	2368
1.91042	2368
1.91042	2368
1.92241	2368
1.92816	2368
1.92816	2368
1.93104	2368
1.94014	2368
1.94014	2368
1.94637	2368
1.94972	2368
1.94972	2368
1.95548	2368
1.9617	2368
1.9617	2368
1.96793	2368
1.97464	2368
1.97464	2368
1.98039	2368
1.98662	2368
1.98662	2368
1.98997	2368
1.9962	2368
1.9962	2368
2.00242	2368
2.00578	2368
2.00578	2368
2.0144	2368
2.01823	2368
2.01823	2368
2.02398	2368
2.02734	2368
2.02734	2368
2.03356	2368
2.03979	2368
2.03979	2368
2.04554	2368
2.05225	2368
2.05225	2368
2.05512	2368
2.05848	2368
2.05848	2368
2.06135	2368
2.06806	2368
2.06806	2368
2.07668	2368
2.08339	2368
2.08339	2368
2.08914	2368
2.09584	2368
2.09584	2368
2.09872	2368
2.10495	2368
2.10495	2368
2.1083	2368
2.11453	2368
2.11453	2368
2.12363	2368
2.13321	2368
2.13321	2368
2.14232	2368
2.15478	2368
2.15616	2368
2.15813	2368
2.16723	2368
2.17097	2368
2.17394	2368
2.17969	2368
2.18342	2368
2.18639	2368
2.19215	2368
2.19453	2368
2.1955	2368
2.20173	2368
2.20498	2368
2.20795	2368
2.21083	2368
2.21744	2368
2.22041	2368
2.22329	2368
2.22702	2368
2.22999	2368
2.23287	2368
2.23612	2368
2.23909	2368
2.24532	2368
2.24858	2368
2.25155	2368
2.25778	2368
2.25916	2368
2.26113	2368
2.26401	2368
2.26726	2368
2.27023	2368
2.27646	2368
2.27972	2368
2.28269	2368
2.28892	2368
2.29217	2368
2.29515	2368
2.30137	2368
2.30375	2368
2.30473	2368
2.3076	2368
2.31086	2368
2.31383	2368
2.32006	2368
2.32667	2368
2.32964	2368
2.33539	2368
2.33912	2368
2.34209	2368
2.34785	2368
2.35158	2368
2.35455	2368
2.3603	2368
2.36403	2368
2.36701	2368
2.37323	2368
2.37937	2368
2.38234	2368
2.39144	2368
2.40055	2368
2.40193	2368
2.4109	2368
2.42035	2368
2.42135	2368
2.43181	2368
2.44039	2368
2.44239	2368
2.45185	2368
2.46133	2368
2.46233	2368
2.47241	2368
2.48101	2368
2.48399	2368
2.49247	2368
2.50219	2368
2.50319	2368
2.51313	2368
2.52261	2368
2.52361	2368
2.53358	2368
2.54291	2368
2.54417	2368
2.55337	2368
2.5636	2368
2.5646	2368
2.57453	2368
2.58301	2368
2.58501	2368
2.59447	2368
2.60432	2368
2.60532	2368
2.61565	2368
2.62488	2368
2.62613	2368
2.63558	2368
2.64594	2368
2.64679	2368
2.65614	2368
2.66525	2368
2.66647	2368
2.67047	2368
2.67408	2368
2.67505	2368
2.67805	2368
2.68281	2368
2.68381	2368
2.68754	2368
2.69039	2368
2.69139	2368
2.69539	2368
2.69961	2368
2.69961	2368
2.70332	2368
2.70719	2368
2.70719	2368
2.71145	2368
2.71542	2368
2.71542	2368
2.71965	2368
2.72365	2368
2.72465	2368
2.72775	2368
2.73175	2368
2.73275	2368
2.73675	2368
2.73986	2368
2.74086	2368
2.74447	2368
2.74844	2368
2.74844	2368
2.75244	2368
2.75654	2368
2.75654	2368
2.76027	2368
2.76427	2368
2.76427	2368
2.76812	2368
2.77235	2368
2.77335	2368
2.77905	2368
2.78605	2368
2.78768	2368
2.79329	2368
2.79926	2368
2.80026	2368
2.80749	2368
2.81307	2368
2.81407	2368
2.82082	2368
2.8274	2368
2.8274	2368
2.83463	2368
2.84086	2368
2.84186	2368
2.84709	2368
2.85431	2368
2.85531	2368
2.86189	2368
2.86765	2368
2.86865	2368
2.87535	2368
2.88196	2368
2.88296	2368
2.88693	2368
2.89168	2368
2.89268	2368
2.89791	2368
2.90191	2368
2.90214	2368
2.90739	2368
2.91237	2368
2.91237	2368
2.91797	2368
2.92282	2368
2.92382	2368
2.92717	2368
2.9324	2368
2.9334	2368
2.93715	2368
2.94286	2368
2.94386	2368
2.94861	2368
2.95244	2368
2.95344	2368
2.95819	2368
2.96345	2368
2.96345	2368
2.96842	2368
2.97365	2368
2.9749	2368
2.97887	2368
2.9831	2368
2.9841	2368
2.98983	2368
2.99368	2368
2.99468	2368
2.99981	2368
3.00466	2368
3.00466	2368
3.00949	2368
3.01424	2368
3.01424	2368
3.0195	2368
3.02447	2368
3.02547	2368
3.0297	2368
3.03443	2368
3.03543	2368
3.04028	2368
3.04403	2368
3.04503	2368
3.05073	2368
3.05549	2368
3.05549	2368
3.06022	2368
3.06519	2368
3.06519	2368
3.07067	2368
3.07567	2368
3.07652	2368
3.08025	2368
3.08523	2368
3.08623	2368
3.09198	2368
3.09521	2368
3.09621	2368
3.10121	2368
3.10669	2368
3.10669	2368
3.11101	2368
3.11627	2368
3.11724	2368
3.12124	2368
3.12682	2368
3.12782	2368
3.13257	2368
3.13683	2368
3.13783	2368
3.14228	2368
3.14603	2368
3.14703	2368
3.15226	2368
3.15726	2368
3.15726	2368
3.16284	2368
3.16745	2368
3.16845	2368
3.17242	2368
3.17717	2368
3.17817	2368
3.1834	2368
3.1874	2368
3.1884	2368
3.19301	2368
3.19821	2368
3.19821	2368
3.20346	2368
3.20844	2368
3.20844	2368
3.21319	2368
3.21889	2368
3.21989	2368
3.22364	2368
3.22838	2368
3.22935	2368
3.23435	2368
3.23848	2368
3.23993	2368
3.24493	2368
3.24994	2368
3.24994	2368
3.25426	2368
3.25952	2368
3.26049	2368
3.26449	2368
3.26972	2368
3.27097	2368
3.27494	2368
3.27955	2368
3.28055	2368
3.28552	2368
3.28928	2368
3.29028	2368
3.2955	2368
3.30024	2368
3.30024	2368
3.30508	2368
3.31022	2368
3.31122	2368
3.31519	2368
3.3208	2368
3.3218	2368
3.32664	2368
3.33052	2368
3.33152	2368
3.33622	2368
3.34136	2368
3.34136	2368
3.34633	2368
3.35194	2368
3.35194	2368
3.35678	2368
3.36166	2368
3.36266	2368
3.36636	2368
3.37136	2368
3.37212	2368
3.37785	2368
3.3817	2368
3.3827	2368
3.38792	2368
3.39292	2368
3.39292	2368
3.39715	2368
3.40238	2368
3.40238	2368
3.40761	2368
3.41284	2368
3.41384	2368
3.41719	2368
3.42242	2368
3.42342	2368
3.42817	2368
3.433	2368
3.434	2368
3.43813	2368
3.44313	2368
3.44313	2368
3.44833	2368
3.45356	2368
3.45456	2368
3.45856	2368
3.46314	2368
3.46414	2368
3.46989	2368
3.47314	2368
3.47414	2368
3.47985	2368
3.48385	2368
3.4847	2368
3.4897	2368
3.49428	2368
3.49428	2368
3.49928	2368
3.50428	2368
3.50528	2368
3.50926	2368
3.51486	2368
3.51584	2368
3.51984	2368
3.52244	2368
3.52344	2368
3.52742	2368
3.53117	2368
3.53117	2368
3.53542	2368
3.5394	2368
3.5394	2368
3.54375	2368
3.54798	2368
3.54898	2368
3.55198	2368
3.55558	2368
3.55656	2368
3.55956	2368
3.56331	2368
3.56431	2368
3.56854	2368
3.57189	2368
3.57289	2368
3.57812	2368
3.58387	2368
3.58387	2368
3.59057	2368
3.59632	2368
3.59632	2368
3.60015	2368
3.6059	2368
3.6059	2368
3.61213	2368
3.61548	2368
3.61648	2368
3.62171	2368
3.62746	2368
3.63704	2368
3.64327	2368
3.64962	2368
3.65088	2368
3.65685	2368
3.66243	2368
3.66343	2368
3.67018	2368
3.67641	2368
3.67741	2368
3.68302	2368
3.6906	2368
3.6916	2368
3.69757	2368
3.7037	2368
3.7047	2368
3.7119	2368
3.71713	2368
3.71801	2368
3.72426	2368
3.73159	2368
3.73159	2368
3.73669	2368
3.74142	2368
3.74142	2368
3.7464	2368
3.75115	2368
3.75215	2368
3.75638	2368
3.76111	2368
3.76208	2368
3.76708	2368
3.77109	2368
3.77209	2368
3.77741	2368
3.78267	2368
3.78267	2368
3.78764	2368
3.79225	2368
3.79322	2368
3.7971	2383
3.80235	2383
3.80335	2383
3.8072	2383
3.8129	2391
3.8139	2391
3.8189	2391
3.82239	2391
3.82339	2391
3.82836	2391
3.83211	2391
3.83311	2391
3.83834	2391
3.84207	2394
3.84307	2394
3.8488	2394
3.85305	2394
3.85305	2394
3.85805	2394
3.86338	2394
3.86338	2394
3.86886	2394
3.87383	2394
3.87383	2394
3.87844	2394
3.88329	2394
3.88429	2394
3.88829	2394
3.89387	2394
3.89487	2394
3.89862	2394
3.90335	2394
3.90435	2394
3.90932	2394
3.91308	2394
3.91408	2394
3.9193	2394
3.92366	2394
3.92491	2394
3.92988	2394
3.93364	2394
3.93464	2394
3.93934	2394
3.94434	2394
3.94434	2394
3.94992	2394
3.9548	2394
3.9548	2394
3.95905	2394
3.96463	2394
3.96463	2394
3.9696	2394
3.97436	2394
3.97536	2394
3.97958	2394
3.98494	2394
3.98594	2394
3.98916	2394
3.99416	2394
3.99516	2394
3.99977	2394
4.0045	2394
4.0055	2394
4.01075	2394
4.01408	2394
4.01508	2394
4.0203	2394
4.0243	2394
4.0253	2394
4.03079	2394
4.03476	2394
4.03576	2394
4.04089	2394
4.04534	2394
4.04534	2394
4.05009	2394
4.05532	2394
4.05532	2394
4.06032	2394
4.0658	2394
4.0658	2394
4.07013	2394
4.07538	2394
4.07636	2394
4.08036	2394
4.08594	2394
4.08694	2394
4.09094	2394
4.09594	2394
4.09694	2394
4.10039	2394
4.10552	2394
4.10652	2394
4.11137	2394
4.11525	2394
4.11625	2394
4.12195	2394
4.1257	2394
4.12608	2394
4.13106	2394
4.13506	2394
4.13666	2394
4.14151	2394
4.14624	2394
4.14624	2394
4.15122	2394
4.15697	2394
4.15697	2394
4.1612	2394
4.16655	2394
4.16655	2394
4.17178	2394
4.17638	2394
4.17738	2394
4.18136	2394
4.18611	2394
4.18711	2394
4.19134	2394
4.19669	2394
4.19769	2394
4.20192	2394
4.20667	2394
4.20752	2394
4.2125	2394
4.21625	2394
4.21725	2394
4.2225	2394
4.22683	2394
4.22783	2394
4.23206	2394
4.23706	2394
4.23706	2394
4.24254	2394
4.24751	2394
4.24751	2394
4.25212	2394
4.25709	2394
4.25709	2394
4.26284	2394
4.26707	2394
4.26807	2394
4.27242	2394
4.27765	2394
4.27865	2394
4.28226	2394
4.28723	2394
4.28823	2394
4.29298	2394
4.29721	2394
4.29821	2394
4.30356	2394
4.30779	2394
4.30879	2394
4.3134	2394
4.31737	2394
4.31837	2394
4.32312	2394
4.32835	2394
4.32835	2394
4.33308	2394
4.33806	2394
4.33806	2394
4.34381	2394
4.34804	2394
4.34804	2394
4.35339	2394
4.35862	2394
4.35962	2394
4.36322	2394
4.3682	2394
4.3682	2394
4.37295	2394
4.37818	2394
4.37818	2394
4.38253	2394
4.38776	2394
4.38776	2394
4.39351	2394
4.39734	2394
4.39734	2394
4.40309	2394
4.40932	2394
4.40932	2394
4.41367	2394
4.4189	2394
4.4189	2394
4.42465	2394
4.43135	2394
4.43135	2394
4.43523	2394
4.44046	2394
4.44046	2394
4.44481	2394
4.45291	2394
4.45291	2394
4.45664	2394
4.46062	2394
4.46062	2394
4.46537	2394
4.4716	2394
4.4716	2394
4.4782	2394
4.48418	2394
4.48518	2394
4.49176	2394
4.49751	2394
4.49851	2394
4.50574	2394
4.51134	2394
4.51232	2394
4.51807	2394
4.52477	2394
4.52577	2394
4.53203	2394
4.53861	2394
4.53961	2394
4.54558	2394
4.55159	2394
4.55256	2394
4.55917	2394
4.56514	2394
4.56614	2394
4.57272	2394
4.57847	2394
4.57947	2394
4.5847	2394
4.58805	2394
4.58905	2394
4.59428	2394
4.59828	2394
4.59903	2394
4.60486	2394
4.60961	2394
4.60961	2394
4.61484	2394
4.61919	2394
4.61919	2394
4.62442	2394
4.62942	2394
4.62942	2394
4.634	2394
4.639	2394
4.64075	2394
4.64401	2394
4.64933	2394
4.65033	2394
4.65459	2394
4.65956	2394
4.66056	2394
4.66417	2394
4.66914	2394
4.67014	2394
4.67515	2394
4.67912	2394
4.68012	2394
4.68573	2394
4.6897	2394
4.6907	2394
4.69531	2394
4.69928	2394
4.70028	2394
4.70503	2394
4.71026	2394
4.71026	2394
4.71549	2394
4.72072	2394
4.72072	2394
4.72507	2394
4.7303	2394
4.7303	2394
4.7353	2394
4.7409	2394
4.7419	2394
4.74575	2394
4.75036	2394
4.75136	2394
4.75533	2394
4.76008	2394
4.76108	2394
4.76631	2394
4.77031	2394
4.77192	2394
4.77677	2394
4.78077	2394
4.78177	2394
4.78635	2394
4.79035	2394
4.79135	2394
4.79683	2394
4.80168	2394
4.80168	2394
4.80694	2394
4.81191	2394
4.81191	2394
4.81652	2394
4.82149	2394
4.82149	2394
4.8261	2394
4.83107	2394
4.83207	2394
4.83608	2394
4.84105	2394
4.84292	2394
4.84666	2394
4.85163	2394
4.85263	2394
4.85676	2394
4.86121	2394
4.86221	2394
4.86722	2394
4.87119	2394
4.87219	2394
4.8778	2394
4.88177	2394
4.88277	2394
4.8879	2394
4.89187	2394
4.89287	2394
4.8971	2394
4.90233	2394
4.90233	2394
4.90733	2394
4.91294	2394
4.91294	2394
4.91766	2394
4.92239	2394
4.92239	2394
4.92762	2394
4.93247	2394
4.93385	2394
4.93782	2394
4.94295	2394
4.94395	2394
4.9478	2394
4.95263	2394
4.95363	2394
4.95738	2394
4.96264	2394
4.96361	2394
4.96896	2394
4.97222	2394
4.97319	2403
4.97819	2403
4.98232	2403
4.98377	2403
4.98852	2403
4.99278	2403
4.99378	2403
4.9981	2434
5.00245	2434
5.00345	2434
5.0082	2434
5.01246	2434
5.01343	2434
5.01843	2434
5.02204	2446
5.02301	2446
5.02801	2446
5.03259	2446
5.03359	2446
5.03759	2446
5.0426	2446
5.0436	2446
5.04757	2446
5.05218	2446
5.05318	2446
5.05715	2446
5.06228	2446
5.06326	2446
5.06726	2446
5.07248	2446
5.07248	2446
5.07771	2446
5.08232	2446
5.08232	2446
5.08729	2446
5.09104	2446
5.09242	2446
5.09727	2446
5.1011	2446
5.1021	2446
5.10723	2446
5.1112	2446
5.1122	2446
5.11781	2446
5.12178	2449
5.12278	2449
5.12654	2449
5.13176	2449
5.13276	2449
5.13612	2449
5.14134	2449
5.14234	2449
5.14634	2449
5.15192	2449
5.15192	2449
5.15668	2449
5.16103	2449
5.16103	2449
5.16664	2449
5.17161	2449
5.17161	2449
5.17636	2449
5.18062	2449
5.18159	2449
5.18694	2449
5.1902	2449
5.19117	2449
5.19617	2449
5.20075	2449
5.20175	2449
5.20575	2449
5.21076	2449
5.21176	2449
5.21573	2449
5.22043	2449
5.22143	2449
5.22518	2449
5.22944	2449
5.22944	2449
5.23341	2449
5.23741	2449
5.23741	2449
5.24199	2451
5.24599	2451
5.24599	2451
5.2496	2451
5.25345	2451
5.25345	2451
5.2577	2451
5.26068	2451
5.26168	2451
5.26543	2451
5.26878	2451
5.26978	2451
5.27378	2451
5.27639	2451
5.27739	2451
5.28036	2463
5.28411	2463
5.28597	2463
5.28897	2463
5.29282	2463
5.29369	2463
5.29669	2463
5.30092	2463
5.30092	2463
5.30427	2463
5.30853	2463
5.30853	2463
5.3125	2463
5.31663	2463
5.31663	2463
5.3206	2463
5.3236	2463
5.3246	2463
5.32821	2463
5.33106	2463
5.33206	2463
5.33876	2463
5.34452	2463
5.34552	2463
5.35174	2463
5.35745	2463
5.35845	2463
5.3642	2463
5.3713	2463
5.3713	2463
5.37801	2463
5.38414	2463
5.38514	2463
5.39199	2463
5.39769	2463
5.39869	2463
5.40482	2463
5.4108	2487
5.4118	2487
5.41738	2487
5.42351	2487
5.42448	2513
5.43048	2513
5.43606	2513
5.43706	2513
5.44219	2513
5.44752	2544
5.44852	2544
5.45274	2544
5.45674	2544
5.45774	2544
5.46285	2544
5.46672	2552
5.46772	2552
5.47143	2552
5.4753	2552
5.4763	2552
5.48153	2552
5.48541	2552
5.48641	2552
5.49011	2552
5.49499	2552
5.49599	2552
5.49922	2552
5.50495	2566
5.50592	2583
5.50992	2583
5.51367	2583
5.51467	2583
5.5189	2583
5.52316	2583
5.52316	2583
5.52813	2600
5.53274	2600
5.53371	2600
5.53771	2600
5.54184	2620
5.54281	2637
5.54681	2637
5.55004	2637
5.55104	2637
5.55527	2637
5.56014	2637
5.56014	2637
5.56485	2637
5.56985	2637
5.56985	2637
5.57433	2637
5.5783	2637
5.5793	2637
5.58318	2637
5.58741	2637
5.58841	2637
5.59241	2637
5.59689	2637
5.59789	2637
5.60174	2637
5.60547	2637
5.60647	2637
5.61044	2637
5.61558	2637
5.61558	2637
5.62055	2637
5.62416	2637
5.62416	2637
5.62913	2637
5.63374	2637
5.63474	2637
5.63874	2637
5.64246	2637
5.64346	2637
5.64772	2637
5.65156	2637
5.65294	2637
5.65692	2637
5.66092	2637
5.66114	2637
5.6655	2637
5.67025	2637
5.67025	2637
5.6756	2637
5.6796	2637
5.6796	2637
5.68418	2637
5.68818	2637
5.68931	2637
5.69328	2637
5.69728	2637
5.69828	2637
5.70286	2637
5.70686	2637
5.70762	2637
5.71135	2637
5.71632	2637
5.71632	2637
5.7202	2637
5.72542	2637
5.72542	2637
5.73003	2637
5.734	2637
5.735	2637
5.73914	2637
5.74311	2637
5.74411	2637
5.74811	2637
5.75259	2637
5.75359	2637
5.75744	2637
5.76117	2637
5.76217	2637
5.76614	2637
5.77128	2637
5.77128	2637
5.77525	2637
5.78086	2637
5.78086	2637
5.78583	2637
5.78958	2637
5.79058	2637
5.79431	2637
5.79816	2637
5.79916	2637
5.80342	2637
5.80726	2637
5.80864	2637
5.81262	2637
5.81662	2637
5.81722	2637
5.8212	2637
5.82633	2637
5.82633	2637
5.8313	2637
5.8353	2637
5.8353	2637
5.84088	2637
5.84463	2637
5.84501	2637
5.84998	2637
5.85334	2637
5.85434	2637
5.85856	2637
5.86244	2637
5.86344	2637
5.86767	2637
5.87154	2637
5.87254	2637
5.87625	2637
5.88112	2637
5.88112	2637
5.88635	2637
5.89008	2637
5.89008	2637
5.89506	2637
5.89919	2637
5.90019	2637
5.90404	2637
5.90891	2637
5.90991	2637
5.91362	2637
5.91749	2637
5.91849	2637
5.92272	2637
5.92772	2637
5.92772	2637
5.93133	2637
5.9363	2637
5.9363	2637
5.9414	2637
5.9454	2637
5.9454	2637
5.95001	2637
5.95498	2637
5.95598	2637
5.95974	2637
5.96344	2637
5.96444	2637
5.96832	2637
5.97254	2637
5.97354	2637
5.97742	2637
5.98212	2637
5.98212	2637
5.98612	2637
5.99123	2637
5.99123	2637
5.99623	2637
6.00081	2637
6.00181	2637
6.00581	2637
6.00991	2637
6.01091	2637
6.01479	2637
6.01852	2637
6.01949	2637
6.02337	2637
6.02762	2637
6.0286	2637
6.03247	2637
6.0372	2637
6.0372	2637
6.04105	2637
6.04631	2637
6.04631	2637
6.05154	2637
6.05551	2637
6.05651	2637
6.06074	2637
6.06499	2637
6.06596	2637
6.06984	2637
6.07357	2637
6.07457	2637
6.07842	2637
6.08268	2637
6.08268	2637
6.08665	2637
6.089	2637
6.089	2637
6.09326	2637
6.09623	2637
6.0971	2637
6.1001	2637
6.10433	2637
6.10433	2637
6.10821	2637
6.11194	2637
6.11194	2637
6.11579	2637
6.11879	2637
6.11904	2637
6.12202	2637
6.12602	2637
6.12602	2637
6.13062	2637
6.1336	2637
6.1336	2637
6.13735	2637
6.1407	2637
6.1417	2637
6.1447	2637
6.14831	2637
6.14831	2637
6.15228	2637
6.15603	2637
6.15603	2637
6.16274	2637
6.16561	2637
6.16561	2637
6.17184	2637
6.17472	2637
6.17472	2637
6.17807	2637
6.1843	2637
6.1843	2637
6.19065	2637
6.19675	2637
6.19775	2637
6.20275	2637
6.20833	2637
6.20933	2637
6.21446	2637
6.22031	2637
6.22131	2637
6.22702	2637
6.23215	2637
6.23315	2637
6.23947	2637
6.2457	2637
6.2457	2637
6.25183	2637
6.25716	2637
6.25816	2637
6.26338	2637
6.26952	2637
6.27052	2637
6.27684	2637
6.28107	2637
6.28207	2637
6.2882	2637
6.29417	2637
6.29417	2637
6.29878	2637
6.30363	2637
6.30363	2637
6.30886	2637
6.31273	2637
6.31373	2637
6.31746	2637
6.32131	2637
6.32269	2637
6.32666	2640
6.33042	2640
6.3318	2640
6.33577	2652
6.33977	2652
6.34038	2652
6.34435	2652
6.3491	2652
6.3491	2652
6.35345	2652
6.35871	2663
6.35871	2663
6.36203	2663
6.36729	2663
6.36729	2663
6.37226	2678
6.37639	2678
6.37639	2678
6.38136	2685
6.38597	2685
6.38597	2685
6.39094	2685
6.39408	2685
6.39408	2685
6.39992	2690
6.40366	2690
6.40366	2690
6.4085	2690
6.41276	2690
6.41276	2690
6.41773	2690
6.42134	2690
6.42134	2690
6.42631	2690
6.43006	2690
6.43006	2690
6.43589	2690
6.43964	2690
6.43964	2690
6.4449	2690
6.44887	2690
6.44887	2690
6.45348	2690
6.45745	2690
6.45745	2690
6.4622	2690
6.46694	2690
6.46694	2690
6.47178	2690
6.47504	2690
6.47504	2690
6.48001	2690
6.48462	2690
6.48462	2690
6.48959	2690
6.49372	2690
6.49372	2690
6.4987	2690
6.5023	2690
6.5023	2690
6.50728	2690
6.51103	2690
6.51103	2690
6.51538	2690
6.52026	2690
6.52026	2690
6.52496	2690
6.52922	2690
6.52922	2690
6.53306	2690
6.53832	2690
6.53832	2690
6.54229	2690
6.5479	2690
6.5479	2690
6.55187	2690
6.556	2690
6.556	2690
6.56085	2690
6.56558	2690
6.56558	2690
6.56956	2690
6.57469	2690
6.57469	2690
6.57866	2690
6.58327	2690
6.58327	2690
6.58724	2690
6.59237	2690
6.59237	2690
6.59634	2690
6.60134	2690
6.60134	2690
6.60592	2690
6.61068	2690
6.61068	2690
6.61441	2690
6.61938	2690
6.61938	2690
6.62326	2690
6.62848	2690
6.62848	2690
6.63236	2690
6.63706	2690
6.63706	2690
6.64106	2690
6.64617	2690
6.64617	2690
6.65017	2690
6.65575	2690
6.65575	2690
6.65975	2690
6.66485	2690
6.66485	2690
6.66885	2690
6.67343	2690
6.67343	2690
6.67743	2690
6.68254	2690
6.68254	2690
6.68641	2690
6.69014	2690
6.69114	2690
6.69599	2690
6.69925	2690
6.70025	2690
6.7041	2690
6.70845	2690
6.70945	2690
6.71345	2690
6.71703	2690
6.71803	2690
6.72203	2690
6.72613	2690
6.72713	2690
6.73139	2690
6.73524	2690
6.73609	2690
6.74006	2690
6.74406	2690
6.7452	2690
6.74917	2690
6.75317	2690
6.7543	2690
6.75827	2690
6.76227	2690
6.76327	2690
6.76785	2690
6.77185	2690
6.7726	2690
6.77643	2690
6.78043	2690
6.78143	2690
6.78518	2690
6.78941	2690
6.79041	2690
6.79414	2690
6.79812	2690
6.79912	2690
6.80387	2690
6.8071	2690
6.8081	2690
6.81297	2690
6.81668	2690
6.81768	2690
6.82155	2706
6.82578	2706
6.82678	2706
6.83066	2706
6.83439	2706
6.83536	2706
6.83924	2706
6.84349	2706
6.84446	2706
6.8482	2706
6.85217	2706
6.85317	2706
6.8573	2706
6.86127	2706
6.86227	2706
6.86602	2706
6.87038	2706
6.87138	2706
6.87573	2706
6.87996	2706
6.88096	2706
6.88483	2706
6.88806	2706
6.88806	2706
6.89332	2706
6.89729	2742
6.89729	2742
6.90299	2742
6.90674	2742
6.90674	2742
6.9101	2742
6.9141	2742
6.9151	2742
6.9192	2742
6.92355	2742
6.92455	2742
6.92878	2742
6.93166	2746
6.93266	2746
6.93591	2746
6.93888	2746
6.93988	2746
6.94262	2746
6.94562	2746
6.94662	2746
6.94946	2746
6.95272	2746
6.95369	2746
6.95669	2746
6.95944	2746
6.96082	2746
6.96327	2746
6.96727	2746
6.96727	2746
6.97002	2746
6.97428	2746
6.97428	2746
6.97725	2746
6.98113	2746
6.98113	2746
6.98483	2746
6.98871	2746
6.98871	2746
6.99196	2746
6.99594	2746
6.99594	2746
6.99881	2746
7.00254	2746
7.00254	2746
7.00639	2746
7.00939	2746
7.00939	2746
7.01362	2746
7.01697	2746
7.01697	2746
7.0222	2746
7.02508	2746
7.02508	2746
7.0313	2746
7.03418	2746
7.03504	2746
7.04001	2746
7.04614	2746
7.04614	2746
7.05211	2746
7.05722	2746
7.05822	2746
7.06492	2746
7.06905	2746
7.07005	2746
7.07502	2746
7.0816	2746
7.0826	2746
7.08748	2746
7.09271	2746
7.09358	2746
7.09981	2746
7.10416	2746
7.10516	2746
7.11139	2746
7.11662	2746
7.11762	2746
7.12223	2746
7.1282	2746
7.1292	2746
7.1343	2746
7.1393	2746
7.14006	2746
7.14441	2746
7.14841	2746
7.14941	2746
7.15399	2746
7.15786	2746
7.15886	2746
7.16209	2746
7.16682	2746
7.16782	2746
7.17167	2746
7.17593	2746
7.17693	2746
7.1809	2746
7.18403	2746
7.18403	2746
7.188	2752
7.19336	2752
7.19336	2752
7.19758	2752
7.20146	2752
7.20246	2752
7.20669	2752
7.21042	2766
7.21142	2766
7.21527	2766
7.21952	2774
7.21952	2774
7.2235	2787
7.22872	2795
7.22872	2795
7.23272	2795
7.23683	2795
7.23783	2795
7.24108	2839
7.24506	2839
7.24506	2839
7.24931	2878
7.25376	2878
7.25476	2878
7.25886	2878
7.26286	2878
7.26286	2878
7.26647	2878
7.27047	2878
7.27132	2878
7.2752	2878
7.27845	2878
7.27945	2878
7.2833	2878
7.28703	2878
7.28703	2878
7.291	2878
7.29588	2878
7.29614	2878
7.30011	2878
7.30411	2878
7.30411	2878
7.30869	2878
7.31269	2878
7.31369	2878
7.31779	2878
7.32079	2878
7.32179	2878
7.3254	2878
7.3294	2878
7.3294	2878
7.33312	2878
7.33748	2878
7.33848	2878
7.34248	2878
7.34606	2878
7.34606	2878
7.35006	2878
7.35419	2878
7.35516	2878
7.35904	2878
7.36277	2878
7.36377	2878
7.36762	2878
7.37197	2878
7.37197	2878
7.37597	2878
7.3791	2878
7.38007	2878
7.38495	2878
7.38868	2878
7.38868	2878
7.39253	2878
7.39688	2878
7.39788	2878
7.40114	2878
7.40411	2878
7.40511	2878
7.40924	2878
7.41321	2878
7.41321	2878
7.41709	2878
7.42179	2878
7.42279	2878
7.42667	2878
7.4309	2878
7.4309	2878
7.43415	2878
7.43812	2878
7.43912	2878
7.44373	2878
7.4467	2878
7.4477	2878
7.45158	2878
7.45581	2878
7.45581	2878
7.45954	2878
7.46354	2878
7.46439	2878
7.46864	2878
7.47264	2878
7.47264	2878
7.47637	2878
7.4802	2878
7.4812	2878
7.4852	2878
7.48833	2878
7.4893	2878
7.4933	2878
7.49743	2878
7.49743	2878
7.5014	2878
7.50501	2878
7.50601	2878
7.51098	2878
7.51412	2878
7.51412	2878
7.51809	2878
7.52209	2878
7.52309	2878
7.52767	2878
7.53054	2878
7.53154	2878
7.53577	2878
7.53965	2878
7.53965	2878
7.54338	2878
7.54735	2878
7.54823	2878
7.55248	2878
7.55646	2878
7.55646	2878
7.56068	2878
7.56468	2878
7.56568	2878
7.56929	2878
7.57314	2878
7.57314	2878
7.5774	2878
7.58137	2878
7.58137	2878
7.58524	2878
7.58995	2878
7.59095	2878
7.5942	2878
7.59805	2878
7.59805	2878
7.60231	2878
7.60628	2878
7.60716	2878
7.61189	2878
7.61586	2878
7.61586	2878
7.61974	2878
7.62396	2878
7.62396	2878
7.6277	2878
7.63167	2878
7.63267	2878
7.6368	2878
7.64077	2878
7.64077	2878
7.64452	2878
7.64888	2878
7.64988	2878
7.65375	2878
7.65746	2878
7.65746	2878
7.66133	2878
7.66559	2878
7.66656	2878
7.66944	2878
7.67317	2878
7.67417	2878
7.67814	2878
7.6824	2878
7.6824	2878
7.68624	2878
7.6905	2878
7.69147	2878
7.69582	2878
7.69908	2878
7.69908	2878
7.70305	2878
7.70718	2878
7.70818	2878
7.71116	2878
7.71503	2878
7.71603	2878
7.72074	2878
7.72499	2878
7.72499	2878
7.72896	2878
7.7321	2878
7.7331	2878
7.73707	2878
7.74168	2878
7.74168	2878
7.74565	2878
7.74952	2878
7.75052	2878
7.75375	2878
7.75701	2878
7.75801	2878
7.76286	2878
7.76659	2878
7.76659	2878
7.77056	2878
7.77444	2878
7.77544	2878
7.77966	2878
7.78254	2878
7.78254	2878
7.78527	2878
7.78824	2878
7.78924	2878
7.7925	2878
7.79547	2878
7.79647	2878
7.79947	2878
7.8026	2878
7.8026	2878
7.80658	2878
7.80993	2878
7.80993	2878
7.81218	2878
7.81516	2878
7.81603	2878
7.81903	2878
7.82226	2878
7.82326	2878
7.82699	2878
7.82996	2878
7.82996	2878
7.83296	2878
7.8361	2878
7.8361	2878
7.83907	2878
7.84382	2878
7.84382	2878
7.84717	2878
7.8534	2878
7.8534	2878
7.85675	2878
7.85963	2878
7.86001	2878
7.86398	2878
7.86873	2878
7.86873	2878
7.87208	2878
7.87831	2878
7.87831	2878
7.88166	2878
7.88742	2878
7.88742	2878
7.89277	2878
7.89838	2878
7.89838	2878
7.9046	2878
7.90958	2878
7.91058	2878
7.91568	2878
7.92003	2878
7.92103	2878
7.92626	2878
7.93149	2878
7.93249	2878
7.93724	2878
7.94347	2878
7.94347	2878
7.9482	2878
7.95443	2878
7.95443	2878
7.9604	2878
7.9655	2878
7.9665	2878
7.97186	2878
7.97608	2878
7.97708	2878
7.98234	2878
7.98706	2878
7.98844	2878
7.99329	2899
7.99702	2899
7.99802	2899
8.00287	2899
8.00622	2899
8.00622	2899
8.01022	2899
8.01436	2899
8.01436	2899
8.01833	2899
8.02294	2899
8.02394	2899
8.02778	2899
8.03104	2899
8.03104	2899
8.03501	2899
8.03927	2899
8.03927	2899
8.04324	2899
8.04785	2899
8.04885	2899
8.0527	2899
8.05695	2899
8.05695	2899
8.06092	2899
8.06418	2899
8.06418	2899
8.06815	2899
8.07276	2899
8.07376	2899
8.07761	2904
8.08186	2904
8.08186	2904
8.08584	2904
8.08909	2904
8.08909	2904
8.09306	2904
8.09767	2904
8.09867	2904
8.10252	2904
8.10678	2904
8.10678	2904
8.11075	2904
8.11462	2904
8.11462	2904
8.11833	2904
8.1222	2904
8.1232	2904
8.12743	2904
8.13116	2904
8.13116	2904
8.13516	2904
8.13901	2904
8.13901	2904
8.14327	2904
8.14712	2904
8.14812	2904
8.15272	2904
8.1567	2904
8.1567	2904
8.16095	2904
8.16492	2904
8.16492	2904
8.16806	2904
8.17203	2904
8.17303	2904
8.17703	2904
8.18161	2904
8.18161	2904
8.18561	2904
8.18971	2904
8.18971	2904
8.19371	2904
8.19732	2904
8.19832	2904
8.20217	2904
8.20517	2904
8.20642	2904
8.2104	2904
8.21462	2904
8.21462	2904
8.21862	2904
8.22223	2904
8.22323	2904
8.22708	2904
8.23008	2904
8.23134	2904
8.23531	2904
8.23954	2904
8.23954	2904
8.24354	2904
8.24714	2904
8.24814	2904
8.25299	2904
8.25525	2904
8.25625	2904
8.26022	2904
8.26445	2904
8.26445	2904
8.26845	2904
8.27206	2904
8.27306	2904
8.27703	2904
8.28016	2904
8.28116	2904
8.28513	2904
8.28913	2904
8.28913	2904
8.29371	2904
8.29759	2904
8.29859	2904
8.30282	2904
8.30569	2904
8.30669	2904
8.31042	2904
8.31427	2904
8.31427	2904
8.31853	2904
8.3225	2904
8.32338	2904
8.32673	2904
8.33073	2904
8.33173	2904
8.33534	2904
8.33931	2904
8.33931	2904
8.34344	2904
8.34741	2904
8.34829	2904
8.35129	2904
8.35599	2904
8.35699	2904
8.36087	2904
8.3641	2904
8.3641	2904
8.36835	2904
8.37232	2904
8.37332	2904
8.37632	2904
8.3809	2904
8.3819	2904
8.38578	2904
8.38901	2904
8.38901	2904
8.39326	2904
8.39724	2904
8.39824	2904
8.40124	2904
8.40582	2904
8.40682	2904
8.41069	2904
8.41492	2904
8.41492	2904
8.41818	2904
8.42215	2904
8.42315	2904
8.42615	2904
8.43073	2904
8.43173	2904
8.4356	2904
8.43983	2904
8.43983	2904
8.44371	2904
8.44744	2904
8.44841	2904
8.45129	2904
8.45554	2904
8.45654	2904
8.46039	2904
8.46474	2904
8.46474	2904
8.46874	2904
8.47235	2904
8.47235	2904
8.4762	2904
8.48046	2904
8.48146	2904
8.4853	2904
8.48966	2904
8.48966	2904
8.49366	2904
8.49726	2904
8.49726	2904
8.50111	2904
8.50537	2904
8.50637	2904
8.51022	2904
8.51457	2904
8.51457	2904
8.51857	2904
8.52218	2904
8.52218	2904
8.52602	2904
8.53028	2904
8.53128	2904
8.53513	2904
8.53948	2904
8.53948	2904
8.54348	2904
8.54709	2904
8.54709	2904
8.55106	2904
8.55519	2904
8.55619	2904
8.56016	2904
8.56352	2904
8.56477	2904
8.56874	2904
8.5725	2904
8.5725	2904
8.57685	2904
8.5801	2904
8.5811	2904
8.58533	2904
8.5883	2904
8.5893	2904
8.5933	2904
8.59788	2907
8.59788	2907
8.60176	2907
8.60502	2907
8.60602	2907
8.61072	2907
8.61372	2907
8.61472	2907
8.61857	2907
8.6228	2907
8.6228	2907
8.6268	2907
8.63093	2907
8.6319	2907
8.63478	2907
8.63778	2907
8.63778	2907
8.64051	2907
8.64348	2907
8.64436	2907
8.64736	2907
8.65058	2907
8.65058	2907
8.65484	2907
8.65781	2907
8.65781	2907
8.66069	2907
8.66342	2907
8.66442	2907
8.66739	2907
8.67027	2907
8.67027	2907
8.6755	2907
8.67837	2907
8.67837	2907
8.68172	2919
8.6846	2919
8.6856	2919
8.6913	2919
8.69418	2919
8.69418	2919
8.70041	2919
8.70328	2919
8.70328	2919
8.70664	2919
8.70951	2919
8.71051	2919
8.71622	2919
8.71909	2919
8.71909	2919
8.72532	2919
8.7282	2919
8.7282	2919
8.73155	2919
8.73778	2919
8.73778	2919
8.74213	2919
8.74826	2919
8.74826	2919
8.75311	2919
8.75934	2919
8.75934	2919
8.76407	2919
8.7703	2919
8.7703	2919
8.77614	2919
8.78137	2919
8.78137	2919
8.78737	2919
8.79295	2919
8.79295	2919
8.79808	2919
8.80331	2919
8.80431	2919
8.80928	2919
8.81489	2919
8.81586	2919
8.82086	2919
8.82597	2919
8.82697	2919
8.8312	2919
8.8362	2919
8.8372	2919
8.84278	2919
8.84791	2919
8.84891	2919
8.85188	2919
8.85514	2931
8.85611	2931
8.86098	2939
8.86372	2939
8.86472	2939
8.86856	2939
8.87282	2939
8.87282	2939
8.87679	2939
8.88005	2939
8.88005	2939
8.88428	2950
8.88825	2950
8.88925	2950
8.89325	2950
8.89683	2950
8.89783	2950
8.9017	2950
8.90593	2950
8.90593	2950
8.90919	2950
8.91316	2950
8.91316	2950
8.91716	2950
8.92174	2950
8.92174	2950
8.92574	2950
8.92987	2950
8.93084	2950
8.9341	2950
8.93707	2950
8.93807	2950
8.94207	2950
8.94665	2950
8.94665	2950
8.95053	2950
8.95478	2950
8.95478	2950
8.95863	2950
8.96236	2950
8.96236	2950
8.96634	2950
8.97021	2950
8.97121	2950
8.97444	2950
8.97817	2950
8.97917	2950
8.98314	2950
8.9879	2950
8.9879	2950
8.99115	2950
8.99512	2950
8.99512	2950
8.99935	2950
9.00335	2950
9.00335	2950
9.00796	2950
9.01193	2950
9.01293	2950
9.01506	2950
9.01904	2950
9.02004	2950
9.02464	2950
9.02762	2950
9.02862	2950
9.03287	2950
9.03672	2950
9.03672	2950
9.04098	2950
9.04495	2950
9.04495	2950
9.04895	2950
9.05253	2950
9.05353	2950
9.05678	2950
9.06078	2950
9.06163	2950
9.06589	2950
9.06886	2950
9.06986	2950
9.07386	2950
9.07744	2950
9.07744	2950
9.08132	2950
9.08557	2950
9.08557	2950
9.08942	2950
9.09377	2950
9.09477	2950
9.09703	2950
9.101	2950
9.10273	2950
9.1067	2950
9.1097	2950
9.1107	2950
9.11481	2950
9.11881	2950
9.11881	2950
9.12294	2950
9.12691	2950
9.12691	2950
9.13026	2950
9.13449	2950
9.13549	2950
9.13837	2950
9.1426	2950
9.1436	2950
9.14785	2950
9.15082	2950
9.15182	2950
9.15505	2950
9.1594	2950
9.1594	2950
9.16328	2950
9.16751	2950
9.16751	2950
9.17176	2950
9.17521	2950
9.17621	2950
9.17921	2950
9.18332	2950
9.18432	2950
9.18832	2950
9.19145	2950
9.19242	2950
9.1963	2950
9.20003	2950
9.20003	2950
9.204	2950
9.20826	2950
9.20826	2950
9.2121	2950
9.21636	2950
9.21733	2950
9.22033	2950
9.22494	2950
9.22594	2950
9.22979	2950
9.23279	2950
9.23304	2950
9.23702	2950
9.24175	2950
9.24175	2950
9.24572	2950
9.24985	2950
9.24985	2950
9.25382	2950
9.25708	2950
9.25805	2950
9.26193	2953
9.26518	2953
9.26618	2953
9.27003	2953
9.27338	2953
9.27438	2953
9.27838	2953
9.28296	2974
9.28296	2974
9.28684	2974
9.2901	2974
9.2901	2974
9.29407	2974
9.2988	2974
9.2988	2974
9.30265	2974
9.3069	2974
9.30788	2974
9.31088	2974
9.31401	2974
9.31501	2974
9.31898	2974
9.32286	2974
9.32359	2974
9.32756	2974
9.33082	2974
9.33182	2974
9.33579	2974
9.33992	2974
9.33992	2974
9.34389	2974
9.34724	2974
9.34724	2974
9.35147	2974
9.35573	2974
9.35573	2974
9.3597	2974
9.36345	2974
9.36345	2974
9.3678	2974
9.3718	2974
9.3728	2974
9.37541	2974
9.37926	2974
9.38064	2974
9.38464	2974
9.38749	2974
9.38836	2974
9.39272	2974
9.39572	2974
9.39672	2974
9.40032	2974
9.40417	2974
9.40417	2974
9.40843	2974
9.4124	2974
9.4124	2974
9.41663	2974
9.4205	2974
9.4205	2974
9.42424	2974
9.42821	2974
9.42908	2974
9.43244	2974
9.43644	2974
9.43744	2974
9.44057	2974
9.44442	2974
9.44542	2974
9.44915	2974
9.45212	2974
9.45312	2974
9.45735	2974
9.46135	2974
9.46135	2974
9.46548	2974
9.46933	2974
9.46933	2974
9.47306	2974
9.47703	2974
9.47703	2974
9.48129	2974
9.48526	2974
9.48526	2974
9.48939	2974
9.49236	2974
9.49336	2974
9.49624	2974
9.49997	2974
9.49997	2974
9.50294	2974
9.5052	2974
9.5062	2974
9.50917	2974
9.51217	2974
9.51217	2974
9.5153	2974
9.51828	2974
9.51915	2974
9.52215	2974
9.52586	2974
9.52586	2974
9.52873	2974
9.53111	2974
9.53208	2974
9.53508	2974
9.53822	2974
9.53822	2974
9.54119	2974
9.54406	2974
9.54544	2974
9.54842	2974
9.55177	2974
9.55177	2974
9.55402	2974
9.558	2974
9.559	2974
9.56125	2974
9.56422	2974
9.56422	2974
9.56898	2974
9.57233	2974
9.57233	2974
9.5752	2985
9.57903	2985
9.57903	2985
9.58478	2985
9.58814	2985
9.58814	2985
9.59101	2985
9.59724	2985
9.59724	2985
9.6025	2985
9.60747	2985
9.60847	2985
9.61305	2985
9.61892	2985
9.61918	2985
9.62415	2985
9.62988	2985
9.63088	2985
9.63599	2985
9.64096	2985
9.64096	2985
9.64509	2985
9.65142	2985
9.65142	2985
9.65664	2985
9.66152	2985
9.66252	2985
9.66775	2985
9.67298	2985
9.67398	2985
9.6782	2985
9.68356	2985
9.68443	2985
9.68969	2985
9.69492	2985
9.69492	2985
9.70089	2985
9.7055	2985
9.7055	2985
9.70934	2985
9.7137	2985
9.7137	2985
9.71795	2985
9.72192	2985
9.72192	2985
9.72506	2985
9.72903	2985
9.72903	2985
9.73328	2998
9.73726	3009
9.73726	3009
9.74186	3009
9.74584	3009
9.74671	3009
9.74909	3009
9.75394	3034
9.75494	3034
9.7572	3034
9.76117	3034
9.76204	3034
9.7654	3034
9.76975	3044
9.76975	3044
9.773	3044
9.77785	3044
9.77785	3044
9.7812	3044
9.7852	3044
9.7852	3044
9.78934	3044
9.79318	3044
9.79318	3044
9.79701	3044
9.80101	3044
9.80101	3044
9.80514	3044
9.80912	3044
9.80912	3044
9.81325	3044
9.81722	3044
9.81722	3044
9.82122	3044
9.8258	3044
9.8258	3044
9.82968	3044
9.83293	3044
9.8339	3044
9.83726	3044
9.84026	3044
9.84151	3044
9.84548	3044
9.84848	3044
9.84924	3044
9.85359	3044
9.85646	3044
9.85746	3044
9.8612	3044
9.86417	3044
9.86504	3044
9.8693	3044
9.87227	3044
9.87327	3044
9.87653	3044
9.88038	3044
9.88138	3044
9.88411	3044
9.88808	3044
9.88908	3044
9.89234	3044
9.89631	3044
9.89731	3044
9.90044	3044
9.90441	3044
9.90529	3044
9.90864	3044
9.91264	3044
9.91264	3044
9.91625	3044
9.92022	3044
9.92022	3044
9.92445	3044
9.92845	3044
9.92845	3044
9.93258	3044
9.93643	3044
9.93643	3044
9.94016	3044
9.94413	3044
9.94413	3044
9.94839	3044
9.95224	3044
9.95224	3044
9.95649	3044
9.96046	3044
9.96046	3044
9.96469	3044
9.96869	3044
9.96869	3044
9.9723	3044
9.97527	3044
9.97627	3044
9.98015	3044
9.98338	3044
9.98438	3044
9.98825	3044
9.99198	3044
9.99296	3044
9.99683	3044
9.99909	3044
10.0001	3044
10.0041	3044
10.0078	3044
10.0088	3044
10.0118	3044
10.0159	3044
10.0169	3044
10.0199	3044
10.0236	3044
10.024	3044
10.028	3044
10.032	3044
10.033	3044
10.0356	3044
10.0394	3044
10.0408	3044
10.0438	3044
10.0478	3044
10.0485	3044
10.0519	3044
10.0556	3044
10.0556	3044
10.0596	3044
10.0636	3044
10.0636	3044
10.0677	3044
10.0719	3044
10.0719	3044
10.0759	3044
10.0797	3044
10.0797	3044
10.083	3044
10.0878	3044
10.0878	3044
10.0917	3044
10.0955	3044
10.0955	3044
10.0998	3044
10.1037	3044
10.1037	3044
10.1079	3044
10.1112	3044
10.1112	3044
10.1152	3044
10.1185	3044
10.1195	3044
10.1237	3044
10.1266	3044
10.1276	3044
10.1319	3044
10.1348	3044
10.1357	3044
10.1391	3044
10.1421	3044
10.1434	3044
10.1477	3044
10.1507	3044
10.1515	3044
10.1545	3044
10.1588	3044
10.1598	3044
10.162	3044
10.167	3044
10.168	3044
10.1702	3044
10.1746	3044
10.1756	3044
10.1784	3044
10.1827	3044
10.1837	3044
10.1869	3044
10.1909	3044
10.1919	3044
10.1949	3044
10.1985	3044
10.1985	3044
10.2025	3044
10.2066	3044
10.2066	3044
10.2105	3044
10.2142	3044
10.2142	3044
10.2182	3044
10.2224	3044
10.2224	3044
10.2263	3044
10.2305	3044
10.2305	3044
10.2345	3044
10.4102	3105
10.4102	3105
10.4131	3105
10.4165	3105
10.4175	3105
10.4203	3105
10.5138	3105
10.5138	3105
10.5171	3105
10.5207	3105
10.5217	3105
10.5269	3105
10.6144	3105
10.6144	3105
10.6184	3105
10.6214	3105
10.6224	3105
10.6255	3105
10.6295	3105
10.6301	3105
10.6331	3105
10.6371	3105
10.6371	3105
10.6411	3105
10.6451	3105
10.6451	3105
10.6491	3105
10.6521	3105
10.6531	3105
10.6571	3105
10.6601	3105
10.6611	3105
10.6641	3105
10.6681	3105
10.6691	3105
10.6721	3105
10.6761	3105
10.6761	3105
10.6801	3105
10.6841	3105
10.6841	3105
10.6881	3105
10.6911	3105
10.6921	3105
10.6961	3105
10.6991	3105
10.7001	3105
10.7031	3105
10.7071	3105
10.7081	3105
10.7111	3105
10.7151	3105
10.7151	3105
10.7194	3105
10.7236	3105
10.7236	3105
10.7276	3105
10.7306	3105
10.7314	3105
10.7347	3105
10.7381	3105
10.7391	3105
10.7423	3105
10.7463	3105
10.7463	3105
10.7502	3105
10.7544	3105
10.7544	3105
10.7581	3105
10.7611	3105
10.7621	3105
10.7662	3105
10.7692	3105
10.7702	3105
10.7731	3105
10.7773	3105
10.7783	3105
10.7813	3105
10.7859	3105
10.7859	3105
10.7899	3105
10.7936	3105
10.7936	3105
10.798	3105
10.8004	3105
10.8014	3105
10.8056	3105
10.8086	3105
10.8095	3105
10.8125	3105
10.8167	3105
10.8177	3105
10.8204	3105
10.8234	3105
10.8244	3105
10.8263	3105
10.8295	3105
10.8305	3105
10.8335	3105
10.8365	3105
10.8365	3105
10.8396	3105
10.8426	3105
10.8426	3105
10.8456	3105
10.8482	3105
10.8482	3105
10.8512	3105
10.8542	3105
10.8552	3105
10.8583	3105
10.8603	3105
10.8613	3105
10.8642	3105
10.8679	3105
10.8679	3105
10.8709	3105
10.8737	3105
10.8737	3105
10.877	3105
10.88	3105
10.8808	3105
10.8822	3105
10.8857	3105
10.8867	3105
10.8897	3105
10.8928	3105
10.8928	3105
10.8958	3105
10.8988	3105
10.8988	3105
10.9019	3105
10.9049	3105
10.9049	3105
10.9072	3105
10.9105	3105
10.9115	3105
10.9145	3105
10.9175	3105
10.9175	3105
10.9206	3105
10.9236	3105
10.9236	3105
10.9282	3105
10.9331	3105
10.934	3105
10.9394	3105
10.9445	3105
10.9445	3105
10.9499	3105
10.9541	3105
10.9551	3105
10.9599	3105
10.9642	3105
10.9652	3105
10.9709	3105
10.9759	3105
10.9759	3105
10.981	3105
10.9858	3105
10.9868	3105
10.9911	3105
10.9958	3105
10.9968	3105
11.0018	3105
11.0069	3105
11.0079	3105
11.0116	3105
11.017	3105
11.0179	3105
11.0226	3105
11.0274	3105
11.0274	3105
11.0318	3105
11.0347	3105
11.0357	3105
11.0399	3105
11.0428	3105
11.0436	3105
11.0466	3105
11.0505	3105
11.0515	3105
11.0547	3105
11.0587	3105
11.0587	3105
11.0628	3105
11.0668	3105
11.0668	3105
11.0705	3105
11.0735	3105
11.0744	3105
11.0786	3105
11.0816	3105
11.0826	3105
11.0856	3105
11.0897	3105
11.0897	3105
11.0931	3105
11.0973	3105
11.0973	3105
11.1013	3105
11.105	3105
11.105	3105
11.1094	3105
11.1124	3105
11.1134	3105
11.116	3105
11.121	3105
11.122	3105
11.1241	3105
11.1286	3105
11.1286	3105
11.1326	3105
11.1363	3105
11.1363	3105
11.1405	3105
11.1434	3105
11.1444	3105
11.1481	3105
11.1511	3105
11.153	3105
11.1553	3105
11.1592	3105
11.1602	3105
11.1636	3105
11.1678	3105
11.1678	3105
11.1718	3105
11.1754	3105
11.1754	3105
11.1794	3105
11.1823	3105
11.1831	3105
11.1874	3105
11.1904	3105
11.1914	3105
11.1947	3105
11.1989	3105
11.1999	3105
11.2029	3105
11.2061	3105
11.2061	3105
11.21	3105
11.2144	3105
11.2144	3105
11.2186	3105
11.2216	3105
11.2226	3105
11.2267	3105
11.2297	3105
11.2307	3105
11.2333	3105
11.2373	3105
11.2373	3105
11.2413	3105
11.2454	3105
11.2454	3105
11.2491	3105
11.2521	3105
11.2531	3105
11.2579	3105
11.2603	3105
11.2612	3105
11.2641	3105
11.2684	3105
11.2694	3105
11.2723	3105
11.2761	3105
11.2761	3105
11.28	3105
11.2842	3105
11.2842	3105
11.2881	3105
11.291	3105
11.292	3105
11.2962	3105
11.2995	3105
11.3005	3105
11.3035	3105
11.3075	3105
11.3081	3105
11.311	3105
11.315	3105
11.315	3105
11.3192	3105
11.3232	3105
11.3232	3105
11.3278	3105
11.3307	3105
11.3317	3105
11.3356	3105
11.3388	3105
11.3398	3105
11.3427	3105
11.3464	3105
11.3474	3105
11.3504	3105
11.3543	3105
11.3543	3105
11.3585	3105
11.3628	3105
11.3628	3105
11.3667	3105
11.3697	3105
11.3704	3105
11.3734	3105
11.3772	3105
11.3782	3105
11.3815	3105
11.3859	3105
11.3859	3105
11.389	3105
11.393	3105
11.393	3105
11.397	3105
11.4001	3105
11.4011	3105
11.4051	3105
11.4087	3105
11.4097	3105
11.4127	3105
11.4164	3105
11.4178	3105
11.4208	3105
11.4242	3105
11.4242	3105
11.4284	3105
11.4323	3105
11.4323	3105
11.4365	3105
11.4395	3105
11.4405	3105
11.4448	3105
11.4471	3105
11.4481	3105
11.4519	3105
11.4552	3105
11.4562	3105
11.4592	3105
11.463	3105
11.463	3105
11.4677	3105
11.4716	3105
11.4716	3105
11.4759	3105
11.4787	3105
11.4797	3105
11.4835	3105
11.4864	3105
11.4874	3105
11.4903	3105
11.4945	3105
11.4945	3105
11.4984	3105
11.5021	3105
11.5021	3105
11.5061	3105
11.5102	3105
11.5102	3105
11.5142	3105
11.518	3105
11.519	3105
11.5219	3105
11.5257	3105
11.5267	3105
11.5299	3105
11.5339	3105
11.5339	3105
11.5376	3105
11.5415	3105
11.5415	3105
11.5457	3105
11.5487	3105
11.5497	3105
11.5535	3105
11.5568	3105
11.5578	3105
11.5608	3105
11.5644	3105
11.5654	3105
11.5684	3105
11.5721	3105
11.5721	3105
11.5765	3105
11.5805	3105
11.5805	3105
11.5841	3105
11.5871	3105
11.589	3105
11.5922	3105
11.5952	3105
11.5962	3105
11.5999	3105
11.6039	3105
11.6049	3105
11.607	3105
11.612	3105
11.612	3105
11.6157	3105
11.6191	3105
11.6191	3105
11.6231	3105
11.6267	3105
11.6277	3105
11.6316	3105
11.6346	3105
11.6358	3105
11.6388	3105
11.6421	3105
11.6421	3105
11.6464	3105
11.6494	3105
11.6494	3105
11.6526	3105
11.6556	3105
11.6566	3105
11.6593	3105
11.6617	3105
11.6627	3105
11.6656	3105
11.6689	3105
11.6689	3105
11.6723	3105
11.6755	3105
11.6785	3105
11.6814	3105
11.6846	3105
11.6876	3105
11.6905	3105
11.6942	3105
11.6972	3105
11.7001	3105
11.7024	3105
11.7034	3105
11.7092	3105
11.7115	3105
11.7125	3105
11.7159	3105
11.7191	3105
11.7221	3105
11.725	3105
11.7282	3105
11.7312	3105
11.7341	3105
11.7378	3105
11.7408	3105
11.7437	3105
11.745	3105
11.747	3105
11.7528	3105
11.7561	3105
11.7571	3105
11.7623	3105
11.7677	3105
11.7677	3105
11.7728	3105
11.7777	3105
11.7781	3105
11.783	3105
11.787	3105
11.7886	3105
11.7935	3105
11.7987	3105
11.7997	3105
11.804	3105
11.8089	3105
11.8099	3105
11.8145	3105
11.8195	3105
11.8195	3105
11.8246	3105
11.8294	3105
11.8304	3105
11.8352	3105
11.8395	3105
11.8404	3105
11.8454	3105
11.8505	3105
11.8505	3105
11.8544	3105
11.8581	3105
11.8581	3105
11.8624	3105
11.8653	3105
11.8663	3105
11.8706	3105
11.8736	3105
11.8744	3105
11.8773	3105
11.8817	3105
11.8827	3105
11.8857	3105
11.8893	3105
11.8893	3105
11.8931	3105
11.8974	3105
11.8974	3105
11.9014	3105
11.9046	3105
11.9056	3105
11.9085	3105
11.9122	3105
11.9132	3105
11.9162	3105
11.9204	3105
11.9204	3105
11.9244	3105
11.9285	3105
11.9285	3105
11.9325	3105
11.9355	3105
11.9365	3105
11.9401	3105
11.9431	3105
11.9441	3105
11.9472	3105
11.9512	3105
11.9521	3105
11.9551	3105
11.9598	3105
11.9598	3105
11.963	3105
11.967	3105
11.967	3105
11.9711	3105
11.9741	3105
11.9751	3105
11.9791	3105
11.9827	3105
11.9837	3105
11.9865	3105
11.9908	3105
11.9918	3105
11.9948	3105
11.998	3105
11.998	3105
12.0025	3105
12.0066	3105
12.0066	3105
12.0106	3105
12.0136	3105
12.0143	3105
12.0187	3105
12.0217	3105
12.0227	3105
12.0253	3105
12.0293	3105
12.0293	3105
12.033	3105
12.0374	3105
12.0374	3105
12.0417	3105
12.046	3105
12.046	3105
12.0498	3105
12.0521	3105
12.0551	3105
12.0583	3105
12.0623	3105
12.0623	3105
12.0675	3105
12.0709	3105
12.0719	3105
12.0766	3105
12.08	3105
12.081	3105
12.0838	3105
12.0876	3105
12.0895	3105
12.0924	3105
12.0968	3105
12.0968	3105
12.1007	3105
12.1049	3105
12.1049	3105
12.1081	3105
12.1111	3105
12.1121	3105
12.1173	3105
12.1207	3105
12.1217	3105
12.1246	3105
12.1288	3105
12.1298	3105
12.1327	3105
12.1364	3105
12.1394	3105
12.1422	3105
12.1466	3105
12.1466	3105
12.1514	3105
12.1547	3105
12.1557	3105
12.1586	3105
12.1623	3105
12.1643	3105
12.1672	3105
12.1715	3105
12.1715	3105
12.1763	3105
12.1796	3105
12.1806	3105
12.1835	3105
12.1872	3105
12.1892	3105
12.1921	3105
12.1964	3105
12.1964	3105
12.2012	3105
12.2045	3105
12.2055	3105
12.2084	3105
12.2121	3105
12.2141	3105
12.218	3105
12.2212	3105
12.2232	3105
12.2261	3105
12.2309	3105
12.2328	3105
12.2357	3105
12.2697	2922
12.2701	2922
12.273	2922
12.2779	2922
12.2796	2922
12.2826	2922
12.2869	2922
12.2879	2922
12.2918	2922
12.2946	2922
12.296	2922
12.2999	2922
12.3038	2922
12.3046	2922
12.3075	2922
12.3118	2922
12.3128	2922
12.3168	2922
12.3195	2922
12.3209	2922
12.3249	2922
12.3287	2922
12.3295	2922
12.3324	2922
12.3367	2922
12.3377	2922
12.3417	2922
12.3444	2922
12.3458	2922
12.3498	2922
12.3536	2922
12.3544	2922
12.3574	2922
12.3616	2922
12.3626	2922
12.3665	2922
12.3693	2922
12.3707	2922
12.3747	2922
12.3786	2922
12.3793	2922
12.3823	2922
12.3861	2922
12.3884	2922
12.3914	2922
12.3956	2922
12.3966	2922
12.4006	2922
12.4039	2922
12.4042	2922
12.4082	2922
12.4121	2922
12.4133	2922
12.4163	2922
12.4205	2922
12.4215	2922
12.426	2922
12.4287	2922
12.4291	2922
12.4331	2922
12.4378	2922
12.4382	2922
12.4412	2922
12.4454	2922
12.4464	2922
12.4509	2922
12.4536	2922
12.454	2922
12.459	2922
12.4628	2922
12.4631	2922
12.4661	2922
12.471	2922
12.4727	2922
12.4757	2922
12.4786	2922
12.488	2922
12.491	2922
12.4949	2922
12.4976	2922
12.5006	2922
12.5035	2922
12.5039	2922
12.5068	2922
12.5126	2922
12.513	2922
12.5159	2922
12.5188	2922
12.5225	2922
12.5255	2922
12.5284	2922
12.5288	2922
12.5317	2922
12.5375	2922
12.5379	2922
12.5408	2922
12.5471	2922
12.5474	2922
12.5504	2922
12.5533	2922
12.5547	2922
12.5576	2922
12.5624	2922
12.5624	2922
12.5658	2922
12.572	2922
12.572	2922
12.5763	2922
12.5826	2922
12.5826	2922
12.5873	2922
12.5937	2922
12.5937	2922
12.5983	2922
12.6041	2922
12.6041	2922
12.6103	2922
12.6151	2922
12.6151	2922
12.6218	2922
12.6262	2922
12.6262	2922
12.6323	2922
12.6371	2922
12.6371	2922
12.6438	2922
12.6481	2922
12.6491	2922
12.6541	2922
12.6592	2922
12.6602	2922
12.665	2922
12.6708	2922
12.6718	2922
12.6769	2922
12.6809	2922
12.6809	2922
12.6841	2922
12.6884	2922
12.6884	2922
12.6923	2922
12.6965	2922
12.6975	2922
12.7015	2922
12.7041	2922
12.7051	2922
12.71	2922
12.7137	2922
12.7137	2922
12.7177	2922
12.7215	2922
12.7228	2922
12.7258	2922
12.7298	2922
12.7306	2922
12.7349	2922
12.7382	2922
12.7382	2922
12.7422	2922
12.7464	2922
12.7464	2922
12.7507	2922
12.7547	2922
12.7555	2922
12.7598	2922
12.7627	2922
12.7637	2922
12.7674	2922
12.7713	2922
12.7713	2922
12.7757	2922
12.7795	2922
12.7795	2922
12.7837	2922
12.7876	2922
12.7886	2922
12.7923	2922
12.7953	2922
12.7963	2922
12.8004	2922
12.8044	2922
12.8044	2922
12.8083	2922
12.813	2922
12.814	2922
12.8169	2922
12.8201	2922
12.8211	2922
12.826	2922
12.8297	2922
12.8297	2922
12.8336	2922
12.8378	2922
12.8378	2922
12.8418	2922
12.8457	2922
12.8464	2922
12.8504	2922
12.8532	2922
12.8542	2922
12.8585	2922
12.8623	2922
12.8623	2922
12.8661	2922
12.87	2922
12.8719	2922
12.8742	2922
12.8782	2922
12.8792	2922
12.883	2922
12.8877	2922
12.8877	2922
12.8916	2922
12.8958	2922
12.8958	2922
12.8996	2922
12.9036	2922
12.9046	2922
12.9074	2922
12.9117	2922
12.9127	2922
12.9165	2922
12.9204	2922
12.9204	2922
12.9241	2922
12.9284	2922
12.9284	2922
12.9323	2922
12.9361	2922
12.9375	2922
12.9414	2922
12.9448	2922
12.9458	2922
12.949	2922
12.9533	2922
12.9533	2922
12.9572	2922
12.9614	2922
12.9624	2922
12.9653	2922
12.9706	2922
12.9706	2922
12.9749	2922
12.9788	2922
12.9788	2922
12.983	2922
12.9869	2922
12.9879	2922
12.9926	2922
12.9955	2922
12.9965	2922
13.0017	2922
13.0046	2922
13.006	2922
13.0099	2922
13.0142	2922
13.0142	2922
13.0185	2922
13.0233	2922
13.0233	2922
13.0276	2922
13.0329	2922
13.0329	2922
13.0362	2922
13.042	2922
13.042	2922
13.0453	2922
13.0492	2922
13.0492	2922
13.0549	2922
13.0578	2922
13.0588	2922
13.064	2922
13.0669	2922
13.0677	2922
13.0736	2922
13.0764	2922
13.0778	2922
13.0818	2922
13.0856	2922
13.0856	2922
13.0894	2922
13.0951	2922
13.0951	2922
13.0995	2922
13.1042	2922
13.1042	2922
13.1086	2922
13.1125	2922
13.1125	2922
13.1172	2922
13.12	2922
13.1214	2922
13.1254	2922
13.1291	2922
13.1291	2922
13.1335	2922
13.1374	2922
13.1374	2922
13.1421	2922
13.146	2922
13.147	2922
13.1512	2922
13.1541	2922
13.1554	2922
13.1594	2922
13.1636	2922
13.1636	2922
13.168	2922
13.1719	2922
13.1719	2922
13.1761	2922
13.18	2922
13.181	2922
13.1857	2922
13.1886	2922
13.1899	2922
13.1939	2922
13.1977	2922
13.1977	2922
13.201	2922
13.2072	2922
13.2072	2922
13.2116	2922
13.2163	2922
13.2163	2922
13.2207	2922
13.2259	2922
13.2259	2922
13.2293	2922
13.2331	2922
13.2331	2922
13.2384	2922
13.2413	2922
13.2423	2922
13.248	2922
13.2508	2922
13.2518	2922
13.2571	2922
13.2603	2922
13.2613	2922
13.2653	2922
13.2695	2922
13.2695	2922
13.2739	2922
13.2786	2922
13.2786	2922
13.283	2922
13.2882	2922
13.2882	2922
13.2926	2922
13.2954	2922
13.2954	2922
13.3007	2922
13.3035	2922
13.3035	2922
13.3069	2922
13.3131	2922
13.3131	2922
13.3165	2922
13.3222	2922
13.3222	2922
13.3256	2922
13.3318	2922
13.3318	2922
13.3351	2922
13.338	2922
13.338	2922
13.3443	2922
13.3471	2922
13.3471	2922
13.3505	2922
13.3538	2922
13.3548	2922
13.3601	2922
13.3663	2899
13.3663	2899
13.3692	2899
13.3725	2899
13.3735	2899
13.3768	2899
13.3797	2899
13.3797	2899
13.383	2899
13.387	2899
13.387	2899
13.39	2899
13.3921	2899
13.3931	2899
13.3961	2899
13.4017	2899
13.4027	2899
13.4079	2899
13.4129	2899
13.4139	2899
13.418	2899
13.4233	2899
13.4243	2899
13.4296	2899
13.4344	2899
13.4357	2899
13.4405	2899
13.4453	2899
13.4463	2899
13.4511	2899
13.4574	2899
13.4574	2899
13.4631	2899
13.4688	2899
13.4688	2899
13.4742	2899
13.4793	2899
13.4803	2899
13.4853	2899
13.4908	2899
13.4918	2899
13.4966	2899
13.501	2899
13.501	2899
13.5043	2899
13.5086	2899
13.5095	2899
13.5134	2899
13.5167	2899
13.5177	2899
13.5215	2899
13.5253	2899
13.5253	2899
13.5292	2899
13.5335	2899
13.5344	2899
13.5387	2899
13.5417	2899
13.5427	2899
13.5469	2899
13.5502	2899
13.5502	2899
13.5541	2899
13.5581	2899
13.5593	2899
13.5632	2899
13.5676	2899
13.5676	2899
13.5718	2899
13.5751	2899
13.5751	2899
13.5791	2899
13.5838	2899
13.5842	2899
13.5881	2899
13.5925	2899
13.5925	2899
13.5967	2899
13.601	2899
13.601	2899
13.605	2899
13.6087	2899
13.6091	2899
13.6131	2899
13.6171	2899
13.6171	2899
13.6216	2899
13.6256	2899
13.6256	2899
13.6298	2899
13.6332	2899
13.6342	2899
13.6383	2899
13.6423	2899
13.6423	2899
13.6461	2899
13.6509	2899
13.6519	2899
13.6549	2899
13.6587	2899
13.6599	2899
13.6639	2899
13.6678	2899
13.6678	2899
13.6715	2899
13.6753	2899
13.6763	2899
13.6796	2899
13.6834	2899
13.6843	2899
13.6883	2899
13.6921	2899
13.6921	2899
13.6964	2899
13.7006	2899
13.7016	2899
13.7046	2899
13.7085	2899
13.7097	2899
13.7137	2899
13.7179	2899
13.7179	2899
13.7219	2899
13.7255	2899
13.7265	2899
13.7295	2899
13.7333	2899
13.7346	2899
13.7386	2899
13.7423	2899
13.7423	2899
13.7463	2899
13.7505	2899
13.7515	2899
13.7553	2899
13.7583	2899
13.7596	2899
13.7635	2899
13.7673	2899
13.7673	2899
13.7712	2899
13.7754	2899
13.7764	2899
13.7803	2899
13.7831	2899
13.7845	2899
13.7884	2899
13.7924	2899
13.7924	2899
13.796	2899
13.8009	2899
13.8019	2899
13.8051	2899
13.809	2899
13.81	2899
13.8137	2899
13.8176	2899
13.8176	2899
13.8218	2899
13.8258	2899
13.8268	2899
13.8302	2899
13.8334	2899
13.8344	2899
13.8384	2899
13.8425	2899
13.8425	2899
13.8468	2899
13.8501	2899
13.8511	2899
13.8553	2899
13.8593	2899
13.8593	2899
13.8636	2899
13.8675	2899
13.8675	2899
13.8717	2899
13.8756	2899
13.8765	2899
13.8802	2899
13.8842	2899
13.8842	2899
13.8885	2899
13.8924	2899
13.8924	2899
13.8966	2899
13.9005	2899
13.9014	2899
13.9053	2899
13.9091	2899
13.9091	2899
13.9134	2899
13.9172	2899
13.9172	2899
13.9215	2899
13.9255	2899
13.9263	2899
13.9307	2899
13.9347	2899
13.9347	2899
13.9383	2899
13.9423	2899
13.9433	2899
13.9464	2899
13.9504	2899
13.9512	2899
13.956	2899
13.9599	2899
13.9599	2899
13.9638	2899
13.9671	2899
13.9681	2899
13.9718	2899
13.9758	2899
13.9768	2899
13.9809	2899
13.9849	2899
13.9849	2899
13.9886	2899
13.993	2899
13.994	2899
13.9963	2899
14.0006	2899
14.0015	2899
14.0054	2899
14.0097	2899
14.0097	2899
14.0135	2899
14.0174	2899
14.0184	2899
14.0224	2899
14.0255	2899
14.0265	2899
14.0305	2899
14.0346	2899
14.0346	2899
14.0386	2899
14.0422	2899
14.0432	2899
14.0471	2899
14.0504	2903
14.0514	2930
14.0554	2930
14.0595	2930
14.0595	2930
14.0635	2930
14.0671	2930
14.0671	2930
14.0711	2930
14.0753	2930
14.0763	2930
14.0803	2930
14.0834	2930
14.0844	2930
14.0883	2930
14.0921	2930
14.0921	2930
14.0961	2930
14.1002	2930
14.1012	2930
14.1042	2930
14.1083	2930
14.1093	2930
14.1133	2930
14.1166	2930
14.1179	2930
14.1209	2930
14.1238	2930
14.1248	2930
14.127	2930
14.131	2930
14.131	2930
14.1337	2930
14.1367	2930
14.1377	2930
14.1407	2930
14.1438	2930
14.1438	2930
14.1468	2930
14.1498	2930
14.1505	2930
14.1539	2930
14.1569	2930
14.1572	2930
14.1602	2930
14.1635	2930
14.1635	2930
14.1663	2930
14.1726	2930
14.1726	2930
14.1755	2930
14.1788	2930
14.1798	2930
14.185	2930
14.1884	2930
14.1884	2930
14.1913	2930
14.1975	2930
14.1975	2930
14.2004	2930
14.2042	2930
14.2042	2930
14.2099	2930
14.2133	2930
14.2133	2930
14.2162	2930
14.2224	2930
14.2224	2930
14.2271	2930
14.2331	2930
14.2331	2930
14.2382	2930
14.2441	2930
14.2441	2930
14.2493	2930
14.255	2930
14.255	2930
14.2601	2930
14.267	2930
14.267	2930
14.2713	2930
14.278	2930
14.278	2930
14.2829	2930
14.288	2930
14.288	2930
14.293	2930
14.2991	2930
14.2991	2930
14.3047	2930
14.3106	2930
14.3106	2930
14.3158	2930
14.3216	2930
14.3216	2930
14.3255	2930
14.3297	2930
14.3297	2930
14.3336	2930
14.3375	2930
14.3388	2930
14.3417	2930
14.346	2930
14.347	2930
14.3503	2930
14.3546	2930
14.3546	2930
14.3585	2930
14.3628	2930
14.3628	2930
14.3666	2930
14.3709	2930
14.3719	2930
14.3756	2930
14.3786	2930
14.3796	2930
14.3835	2930
14.3877	2930
14.3877	2930
14.3919	2930
14.3959	2930
14.3959	2930
14.3997	2939
14.4035	2939
14.4045	2939
14.4074	2939
14.4116	2939
14.4126	2939
14.4165	2939
14.4207	2939
14.4207	2939
14.4246	2939
14.4289	2939
14.4289	2939
14.4328	2939
14.4365	2939
14.4375	2939
14.4404	2939
14.4446	2939
14.4456	2939
14.4495	2939
14.4523	2939
14.4533	2939
14.4573	2939
14.4614	2939
14.4614	2939
14.4654	2939
14.4695	2939
14.4705	2939
14.4735	2939
14.4775	2939
14.4781	2939
14.4821	2939
14.4851	2939
14.4861	2939
14.4907	2939
14.4947	2939
14.4947	2939
14.4984	2939
14.5027	2939
14.5027	2939
14.5064	2939
14.5104	2939
14.5114	2939
14.5144	2939
14.5185	2939
14.5195	2939
14.5233	2939
14.5276	2939
14.5276	2939
14.5318	2939
14.5358	2939
14.5358	2939
14.5397	2939
14.5434	2939
14.5444	2939
14.5476	2939
14.5516	2939
14.5526	2939
14.5567	2939
14.5597	2939
14.5607	2939
14.5646	2939
14.5683	2939
14.5683	2939
14.5725	2939
14.5765	2939
14.5765	2939
14.5803	2939
14.5846	2939
14.5856	2939
14.5895	2939
14.5922	2939
14.5932	2939
14.5975	2939
14.6015	2939
14.6015	2939
14.6052	2939
14.6095	2939
14.6095	2939
14.6139	2939
14.6171	2939
14.6181	2939
14.622	2939
14.6252	2939
14.6262	2939
14.6301	2939
14.6349	2939
14.6349	2939
14.6389	2939
14.6421	2939
14.6421	2939
14.646	2939
14.6502	2939
14.6512	2939
14.6541	2939
14.6585	2939
14.6597	2939
14.6637	2939
14.6666	2939
14.6676	2939
14.6718	2939
14.6755	2939
14.6755	2939
14.6795	2939
14.6833	2939
14.6833	2939
14.6876	2939
14.6916	2939
14.6924	2939
14.6967	2939
14.6996	2939
14.7006	2939
14.7043	2939
14.7082	2939
14.7082	2939
14.7125	2939
14.7165	2939
14.7165	2939
14.7206	2939
14.7245	2939
14.7255	2939
14.7282	2939
14.7322	2939
14.7331	2939
14.7374	2939
14.7413	2939
14.7413	2939
14.7456	2939
14.7494	2939
14.7494	2939
14.7532	2939
14.7571	2939
14.758	2939
14.761	2939
14.7652	2939
14.7662	2939
14.7705	2939
14.7733	2939
14.7743	2939
14.7781	2939
14.782	2939
14.782	2939
14.7863	2939
14.7901	2939
14.7901	2939
14.7944	2939
14.7984	2939
14.7997	2939
14.804	2939
14.807	2939
14.8078	2939
14.8111	2939
14.8151	2939
14.8151	2939
14.8193	2939
14.8233	2939
14.8233	2939
14.8279	2939
14.8319	2939
14.8329	2939
14.8356	2939
14.84	2939
14.841	2939
14.8448	2939
14.8486	2939
14.8486	2939
14.8524	2939
14.8567	2939
14.8567	2939
14.8605	2939
14.8649	2939
14.8659	2939
14.8689	2939
14.8725	2939
14.8735	2939
14.8773	2939
14.8806	2939
14.8816	2939
14.8854	2939
14.8898	2939
14.8898	2939
14.8931	2939
14.8974	2939
14.8974	2939
14.9014	2939
14.9055	2939
14.9065	2939
14.9104	2939
14.9137	2939
14.9147	2939
14.9181	2939
14.9223	2939
14.9223	2939
14.9262	2939
14.9305	2939
14.9305	2939
14.9345	2939
14.9386	2939
14.9396	2939
14.9425	2942
14.9452	2942
14.9452	2942
14.9482	2942
14.9511	2942
14.9525	2942
14.9554	2942
14.9584	2942
14.9584	2942
14.9616	2942
14.9645	2942
14.9655	2942
14.9688	2942
14.9712	2942
14.9712	2942
14.976	2942
14.9784	2942
14.9793	2942
14.9822	2942
14.9855	2942
14.9884	2942
14.9913	2942
14.9942	2942
14.9951	2942
15.0009	2942
15.0033	2942
15.0043	2942
15.01	2942
15.0134	2942
15.0134	2942
15.0167	2942
15.02	2942
15.0229	2942
15.0258	2942
15.0282	2942
15.0292	2942
15.0349	2942
15.0373	2942
15.0383	2942
15.0411	2942
15.047	2942
15.0478	2942
15.0521	2942
15.058	2942
15.058	2942
15.0632	2947
15.0684	2947
15.0684	2947
15.0749	2947
15.08	2947
15.08	2947
15.0849	2947
15.0901	2947
15.0901	2947
15.0953	2947
15.1007	2947
15.1019	2947
15.1068	2961
15.111	2961
15.112	2961
15.1173	2961
15.1222	2961
15.1236	2961
15.1288	2961
15.1331	2961
15.1341	2961
15.139	2961
15.1441	2961
15.1451	2961
15.1489	2964
15.1528	3005
15.1538	3005
15.158	3005
15.161	3005
15.162	3005
15.1658	3005
15.1681	3005
15.1691	3005
15.1733	3005
15.1763	3005
15.1773	3005
15.1816	3005
15.1849	3005
15.1859	3005
15.1891	3005
15.1921	3005
15.1931	3005
15.1972	3005
15.2012	3005
15.2012	3005
15.2051	3005
15.2098	3005
15.2098	3005
15.213	3005
15.217	3005
15.217	3005
15.221	3005
15.2251	3005
15.2251	3005
15.2298	3009
15.2338	3009
15.2338	3009
15.2376	3009
15.2419	3009
15.2419	3009
15.2459	3009
15.249	3009
15.249	3009
15.2539	3009
15.2576	3009
15.2576	3009
15.2616	3009
15.2658	3009
15.2658	3009
15.2698	3009
15.274	3009
15.274	3009
15.2779	3009
15.2812	3009
15.2812	3009
15.2855	3009
15.2894	3009
15.2904	3009
15.2936	3009
15.2975	3009
15.2985	3009
15.3012	3009
15.3052	3009
15.3061	3009
15.3094	3009
15.3134	3009
15.3144	3009
15.3176	3009
15.3215	3009
15.3225	3009
15.3251	3009
15.3291	3009
15.3301	3009
15.334	3009
15.3372	3009
15.3382	3009
15.3415	3009
15.3454	3009
15.3464	3009
15.35	3009
15.353	3009
15.354	3009
15.3589	3009
15.3612	3009
15.3621	3009
15.3664	3009
15.3694	3009
15.3704	3009
15.3744	3009
15.3779	3009
15.3789	3009
15.3828	3009
15.3851	3009
15.3861	3009
15.3903	3009
15.3933	3009
15.3943	3009
15.3983	3009
15.4019	3009
15.4028	3009
15.4067	3009
15.411	3009
15.411	3009
15.4148	3009
15.4182	3009
15.4182	3009
15.4225	3009
15.4268	3009
15.4268	3009
15.4306	3009
15.435	3009
15.435	3009
15.439	3009
15.4421	3009
15.4421	3009
15.4463	3009
15.4503	3009
15.4503	3009
15.4543	3009
15.4589	3009
15.4589	3009
15.4622	3009
15.4661	3009
15.4661	3009
15.4701	3009
15.4742	3009
15.4742	3009
15.479	3009
15.4829	3009
15.4829	3009
15.4867	3009
15.49	3009
15.49	3009
15.4949	3009
15.4982	3009
15.4982	3009
15.502	3009
15.5064	3009
15.5064	3009
15.5104	3009
15.5149	3009
15.5159	3009
15.5188	3015
15.5221	3015
15.5231	3015
15.5261	3015
15.5303	3015
15.5318	3015
15.5348	3015
15.5389	3015
15.5399	3015
15.5429	3015
15.547	3015
15.548	3015
15.551	3015
15.5547	3015
15.5557	3015
15.5585	3015
15.5628	3015
15.5638	3015
15.5668	3015
15.5705	3015
15.5719	3015
15.5749	3015
15.5782	3015
15.5792	3015
15.5825	3015
15.5863	3015
15.5877	3015
15.5907	3015
15.5947	3015
15.5954	3015
15.5988	3015
15.6021	3015
15.6031	3015
15.6074	3015
15.6104	3015
15.6112	3015
15.6155	3015
15.6185	3015
15.6195	3015
15.6237	3015
15.6267	3015
15.6277	3015
15.6313	3015
15.6343	3015
15.6353	3015
15.6395	3015
15.6425	3015
15.6435	3015
15.6476	3015
15.6506	3015
15.6515	3015
15.6552	3015
15.6582	3015
15.6592	3015
15.6634	3015
15.6664	3015
15.6674	3015
15.6716	3015
15.6745	3015
15.6755	3015
15.6794	3015
15.6821	3015
15.6831	3015
15.6874	3015
15.6903	3015
15.6913	3015
15.6951	3015
15.6984	3015
15.6994	3015
15.7033	3015
15.706	3015
15.707	3015
15.7113	3015
15.7153	3015
15.7153	3015
15.7191	3015
15.7233	3015
15.7233	3015
15.7272	3015
15.732	3015
15.732	3015
15.7358	3015
15.7392	3015
15.7392	3015
15.7432	3015
15.7473	3015
15.7473	3015
15.7511	3015
15.7559	3015
15.7559	3015
15.7598	3015
15.7631	3015
15.7631	3015
15.7671	3015
15.7702	3015
15.7702	3015
15.7732	3015
15.776	3015
15.777	3015
15.7808	3015
15.7838	3015
15.7838	3015
15.786	3015
15.789	3015
15.79	3015
15.7939	3015
15.7961	3015
15.7961	3015
15.7991	3015
15.8023	3015
15.8023	3015
15.8058	3015
15.8105	3015
15.8109	3015
15.8139	3015
15.8196	3015
15.82	3015
15.823	3015
15.8259	3015
15.8263	3015
15.8297	3015
15.8355	3015
15.8358	3015
15.8388	3015
15.8417	3015
15.8449	3015
15.8479	3015
15.8508	3015
15.8512	3015
15.8541	3015
15.8604	3015
15.8607	3015
15.8637	3015
15.8666	3015
15.8698	3015
15.8738	3015
15.8786	3015
15.8795	3015
15.8845	3015
15.8896	3015
15.8906	3015
15.8958	3015
15.9006	3015
15.902	3015
15.907	3015
15.9116	3015
15.9116	3015
15.9164	3015
15.9217	3015
15.9226	3015
15.9279	3015
15.9322	3015
15.9332	3015
15.9385	3015
15.9437	3015
15.9437	3015
15.9487	3015
15.9538	3015
15.9548	3015
15.9598	3015
15.9644	3015
15.9654	3015
15.9706	3015
15.9735	3015
15.9745	3015
15.9787	3015
15.9816	3015
15.983	3015
15.9869	3015
15.9907	3016
15.9907	3016
15.9945	3016
15.9988	3016
15.9988	3016
16.0027	3016
16.007	3034
16.007	3034
16.011	3034
16.0141	3034
16.0141	3034
16.0181	3034
16.0213	3034
16.0223	3034
16.0262	3034
16.0299	3034
16.0309	3034
16.0347	3034
16.0371	3034
16.0381	3034
16.043	3034
16.0452	3034
16.0462	3034
16.0501	3034
16.0535	3034
16.0549	3063
16.0589	3063
16.061	3063
16.062	3063
16.0669	3063
16.0691	3063
16.0701	3063
16.0731	3063
16.0774	3063
16.0784	3063
16.0814	3063
16.086	3063
16.087	3063
16.0899	3063
16.0937	3063
16.0937	3063
16.097	3063
16.1014	3063
16.1014	3063
16.1056	3063
16.1095	3063
16.1095	3063
16.1137	3063
16.1177	3063
16.1177	3063
16.1216	3063
16.1243	3063
16.1253	3063
16.1295	3063
16.1325	3063
16.1335	3063
16.1373	3063
16.1406	3063
16.1416	3063
16.1445	3063
16.1482	3063
16.1492	3063
16.1522	3063
16.1564	3063
16.1574	3063
16.1604	3063
16.1646	3063
16.1646	3063
16.1684	3063
16.1728	3063
16.1728	3063
16.1766	3063
16.1804	3063
16.1804	3063
16.1842	3063
16.1886	3063
16.1886	3063
16.1924	3063
16.1957	3063
16.1967	3063
16.2009	3063
16.2039	3063
16.2049	3063
16.2089	3063
16.2115	3063
16.2125	3063
16.2164	3063
16.2196	3063
16.2206	3063
16.2236	3063
16.2278	3063
16.2288	3063
16.2318	3063
16.2354	3063
16.2364	3063
16.2394	3063
16.2433	3063
16.2433	3063
16.2475	3063
16.2518	3063
16.2518	3063
16.2557	3063
16.2593	3063
16.2593	3063
16.2633	3063
16.2672	3063
16.2672	3063
16.2714	3063
16.2743	3063
16.2757	3063
16.2791	3063
16.2821	3063
16.2831	3063
16.2872	3063
16.2901	3063
16.2911	3063
16.2944	3063
16.2983	3063
16.2992	3063
16.3026	3063
16.3066	3063
16.3076	3063
16.3102	3063
16.3141	3063
16.3141	3063
16.318	3063
16.3222	3063
16.3222	3063
16.3265	3063
16.3303	3063
16.3303	3063
16.3341	3063
16.338	3063
16.338	3063
16.3423	3063
16.3461	3063
16.3461	3063
16.3504	3063
16.3534	3063
16.3544	3063
16.3586	3063
16.3616	3063
16.3626	3063
16.3662	3063
16.3692	3063
16.3702	3063
16.3731	3063
16.3773	3063
16.3783	3063
16.3815	3063
16.3855	3063
16.3865	3063
16.3895	3063
16.3931	3063
16.3931	3063
16.398	3063
16.4012	3063
16.4012	3063
16.4051	3063
16.4094	3063
16.4094	3063
16.4138	3063
16.417	3063
16.417	3063
16.4213	3063
16.4243	3063
16.4253	3063
16.4291	3063
16.4324	3063
16.4333	3063
16.4372	3063
16.4409	3063
16.4419	3063
16.4449	3063
16.4482	3063
16.4491	3063
16.4521	3063
16.4563	3063
16.4573	3063
16.4603	3063
16.4641	3063
16.4641	3063
16.4688	3063
16.4721	3063
16.4721	3063
16.4761	3063
16.4802	3063
16.4802	3063
16.4842	3063
16.4884	3063
16.4884	3063
16.4924	3063
16.497	3063
16.497	3063
16.501	3063
16.5032	3063
16.5042	3063
16.5082	3063
16.5113	3063
16.5123	3063
16.5163	3063
16.5196	3063
16.5205	3063
16.5235	3063
16.5271	3063
16.5281	3063
16.5311	3063
16.5354	3063
16.5363	3063
16.5393	3063
16.5435	3063
16.5435	3063
16.5474	3063
16.5517	3063
16.5517	3063
16.555	3063
16.5593	3063
16.5593	3063
16.5633	3063
16.5671	3063
16.5671	3063
16.5714	3063
16.5746	3063
16.5756	3063
16.5796	3063
16.5829	3063
16.5832	3063
16.5872	3063
16.59	3063
16.59	3063
16.5933	3063
16.5963	3063
16.5963	3063
16.5995	3063
16.6025	3063
16.6035	3063
16.6068	3063
16.6081	3063
16.6091	3063
16.6121	3063
16.616	3063
16.616	3063
16.6182	3063
16.6212	3063
16.6222	3063
16.6244	3063
16.6274	3063
16.6284	3063
16.6326	3063
16.636	3063
16.636	3063
16.6389	3063
16.6451	3063
16.6451	3063
16.6483	3063
16.6513	3063
16.6513	3063
16.6542	3063
16.6609	3063
16.6609	3063
16.6638	3063
16.6671	3063
16.6671	3063
16.6729	3063
16.6762	3063
16.6762	3063
16.6791	3063
16.6825	3063
16.6825	3063
16.6853	3063
16.692	3063
16.692	3063
16.6973	3063
16.7023	3063
16.7033	3063
16.7084	3063
16.7136	3063
16.7136	3063
16.7185	3063
16.7232	3063
16.7242	3063
16.7294	3063
16.7344	3063
16.7344	3063
16.7395	3063
16.7442	3063
16.7452	3063
16.7502	3063
16.7553	3063
16.7553	3063
16.7601	3063
16.7654	3063
16.7663	3063
16.7717	3063
16.7763	3063
16.7763	3063
16.7812	3063
16.7864	3063
16.7874	3063
16.7926	3063
16.7966	3063
16.7966	3063
16.8006	3063
16.8032	3063
16.8041	3063
16.8084	3063
16.8114	3063
16.8124	3063
16.8161	3063
16.8195	3063
16.8205	3063
16.8237	3063
16.8277	3063
16.8287	3063
16.8314	3073
16.8353	3081
16.8367	3081
16.8396	3081
16.8436	3081
16.8436	3081
16.8477	3081
16.852	3131
16.852	3131
16.856	3140
16.859	3140
16.8597	3140
16.8631	3140
16.8668	3140
16.8678	3140
16.8708	3140
16.8748	3140
16.8748	3140
16.8789	3140
16.8821	3140
16.8821	3140
16.8861	3140
16.8891	3140
16.8901	3140
16.8932	3140
16.8971	3140
16.8971	3140
16.9019	3140
16.9059	3140
16.9059	3140
16.909	3140
16.912	3140
16.913	3140
16.9162	3140
16.9201	3140
16.9211	3140
16.9241	3140
16.9287	3140
16.9287	3140
16.9326	3140
16.9358	3140
16.9368	3140
16.9407	3140
16.9435	3140
16.9445	3140
16.9474	3140
16.9513	3140
16.9513	3140
16.9555	3140
16.9594	3140
16.9594	3140
16.9632	3140
16.9661	3140
16.9671	3140
16.9703	3140
16.9743	3140
16.9743	3140
16.9782	3140
16.9824	3140
16.9824	3140
16.9867	3140
16.9896	3140
16.9905	3140
16.9934	3140
16.9972	3140
16.9986	3140
17.0016	3140
17.0054	3140
17.0054	3140
17.0097	3140
17.0125	3140
17.0139	3140
17.0179	3140
17.0209	3140
17.0216	3140
17.024	3140
17.0283	3140
17.0283	3140
17.0322	3140
17.0366	3140
17.0366	3140
17.0408	3140
17.0437	3140
17.0441	3140
17.047	3140
17.0519	3140
17.0519	3140
17.0552	3140
17.059	3140
17.059	3140
17.0634	3140
17.0661	3140
17.0671	3140
17.0701	3140
17.0741	3140
17.0752	3140
17.0782	3140
17.0821	3140
17.0821	3140
17.0863	3140
17.0893	3140
17.0902	3140
17.0945	3140
17.0975	3140
17.0985	3140
17.1011	3140
17.1051	3140
17.1051	3140
17.1092	3140
17.1132	3140
17.1132	3140
17.1174	3140
17.1204	3140
17.1214	3140
17.1248	3140
17.129	3140
17.129	3140
17.1323	3140
17.1362	3140
17.1362	3140
17.1404	3140
17.1433	3140
17.1443	3140
17.1472	3140
17.1519	3140
17.1529	3140
17.1558	3140
17.1591	3140
17.1591	3140
17.1631	3140
17.1663	3140
17.1673	3140
17.1711	3140
17.1745	3140
17.1755	3140
17.1785	3140
17.1821	3140
17.1821	3140
17.1861	3140
17.1902	3140
17.1902	3140
17.1942	3140
17.1974	3140
17.1984	3140
17.2014	3140
17.2054	3140
17.207	3140
17.21	3140
17.2138	3140
17.2138	3140
17.2171	3140
17.2201	3140
17.2213	3140
17.2243	3140
17.2282	3140
17.2292	3140
17.2329	3140
17.2368	3140
17.2368	3140
17.2401	3140
17.2431	3140
17.2441	3140
17.2482	3140
17.2512	3140
17.2521	3140
17.2559	3140
17.2599	3140
17.2599	3140
17.263	3140
17.267	3140
17.267	3140
17.2711	3140
17.2741	3140
17.2751	3140
17.2784	3140
17.2823	3140
17.2833	3140
17.2863	3140
17.2909	3140
17.2909	3140
17.2948	3140
17.2971	3140
17.2981	3140
17.3023	3140
17.3053	3140
17.3063	3140
17.3091	3140
17.3139	3140
17.3139	3140
17.3177	3140
17.3201	3140
17.3211	3140
17.3251	3140
17.3282	3140
17.3292	3140
17.3322	3140
17.3364	3140
17.3364	3140
17.3404	3140
17.344	3140
17.344	3140
17.3489	3140
17.3519	3140
17.3521	3140
17.3551	3140
17.3593	3140
17.3603	3140
17.3633	3140
17.3677	3140
17.3677	3140
17.3719	3140
17.3741	3140
17.3751	3140
17.3791	3140
17.3821	3140
17.3833	3140
17.3862	3140
17.3905	3140
17.3905	3140
17.3945	3140
17.3985	3140
17.3985	3140
17.402	3140
17.4059	3140
17.4069	3140
17.4092	3140
17.4131	3140
17.4131	3140
17.4164	3140
17.4194	3140
17.4194	3140
17.4222	3140
17.426	3140
17.4269	3140
17.4298	3140
17.4312	3140
17.4322	3140
17.4352	3140
17.4389	3140
17.4389	3140
17.4423	3140
17.4452	3140
17.4452	3140
17.449	3140
17.4547	3140
17.4547	3140
17.4581	3140
17.461	3140
17.462	3140
17.4672	3140
17.4701	3140
17.4701	3140
17.4734	3140
17.4763	3140
17.4763	3140
17.483	3140
17.4859	3140
17.4859	3140
17.4892	3140
17.495	3140
17.495	3140
17.4983	3140
17.5012	3140
17.5012	3140
17.5046	3140
17.5108	3140
17.5108	3140
17.5141	3140
17.518	3140
17.519	3140
17.5242	3140
17.5295	3140
17.5295	3140
17.5342	3140
17.539	3140
17.54	3140
17.5443	3140
17.5493	3140
17.5503	3140
17.5554	3140
17.5596	3140
17.5606	3140
17.5655	3140
17.5702	3140
17.5702	3140
17.5754	3140
17.5803	3140
17.5813	3140
17.5855	3140
17.5908	3140
17.5917	3140
17.5965	3140
17.6005	3140
17.6015	3140
17.6066	3140
17.6118	3140
17.6118	3140
17.6167	3140
17.6209	3140
17.6209	3140
17.6249	3140
17.6271	3140
17.6281	3140
17.633	3140
17.6357	3140
17.6367	3140
17.6397	3140
17.644	3140
17.644	3140
17.6478	3140
17.6511	3140
17.6511	3140
17.655	3140
17.6583	3140
17.6593	3140
17.6623	3140
17.6666	3140
17.6679	3140
17.6708	3140
17.6741	3140
17.6741	3140
17.6781	3140
17.6818	3140
17.6822	3140
17.6862	3140
17.689	3140
17.69	3140
17.6938	3140
17.6976	3140
17.6976	3140
17.702	3140
17.705	3140
17.706	3140
17.7091	3140
17.7121	3140
17.7131	3140
17.7164	3140
17.7207	3140
17.7207	3140
17.7249	3140
17.7289	3140
17.7289	3140
17.732	3140
17.736	3140
17.737	3140
17.7399	3140
17.7436	3140
17.7446	3140
17.7474	3140
17.7518	3140
17.7518	3140
17.7558	3140
17.7589	3140
17.7599	3140
17.7632	3140
17.7661	3140
17.7671	3140
17.7701	3140
17.7747	3140
17.7747	3140
17.7787	3140
17.7828	3140
17.7828	3140
17.7868	3140
17.7891	3140
17.7901	3140
17.793	3140
17.7977	3140
17.7977	3140
17.8016	3140
17.8059	3140
17.8059	3140
17.8097	3140
17.8121	3140
17.8131	3140
17.8161	3140
17.8202	3140
17.8212	3140
17.8242	3140
17.8289	3140
17.8289	3140
17.8328	3140
17.835	3140
17.836	3140
17.8409	3140
17.8439	3140
17.8441	3140
17.8471	3140
17.8514	3140
17.8514	3140
17.8553	3140
17.8597	3140
17.8597	3140
17.8639	3140
17.8662	3140
17.8672	3140
17.8701	3140
17.8741	3140
17.8741	3140
17.8782	3140
17.883	3140
17.883	3140
17.887	3140
17.8898	3140
17.8907	3140
17.8931	3140
17.897	3140
17.898	3140
17.9012	3140
17.9051	3140
17.9051	3140
17.9094	3140
17.9124	3140
17.9134	3140
17.918	3140
17.921	3140
17.9218	3140
17.9248	3140
17.9281	3140
17.9281	3140
17.9323	3140
17.9363	3140
17.9363	3140
17.9402	3140
17.9439	3140
17.9449	3140
17.9471	3140
17.9511	3140
17.9511	3140
17.9551	3140
17.9592	3140
17.9592	3140
17.9635	3140
17.9669	3140
17.9679	3140
17.9702	3140
17.9741	3140
17.9751	3140
17.9783	3140
17.9822	3140
17.9822	3140
17.9861	3140
17.9894	3140
17.9903	3140
17.9946	3140
17.9976	3140
17.9986	3140
18.0019	3140
18.0052	3140
18.0052	3140
18.009	3140
18.0134	3140
18.0134	3140
18.0174	3140
18.0205	3140
18.0215	3140
18.0244	3140
18.0282	3140
18.0282	3140
18.0322	3140
18.0363	3140
18.0363	3140
18.0402	3140
18.0432	3140
18.0444	3140
18.0474	3140
18.0516	3140
18.0526	3140
18.0556	3140
18.0592	3140
18.0592	3140
18.0632	3140
18.0665	3140
18.0675	3140
18.0714	3140
18.0742	3140
18.0756	3140
18.0785	3140
18.0823	3140
18.0823	3140
18.0862	3140
18.0904	3140
18.0904	3140
18.0943	3140
18.0976	3140
18.0986	3140
18.1016	3140
18.1053	3140
18.1053	3140
18.1097	3140
18.1139	3140
18.1139	3140
18.1179	3140
18.1203	3140
18.1213	3140
18.1245	3140
18.1287	3140
18.1297	3140
18.1327	3140
18.1366	3140
18.1366	3140
18.1408	3140
18.1431	3140
18.1441	3140
18.148	3140
18.1513	3140
18.1523	3140
18.1553	3140
18.1599	3140
18.1599	3140
18.1638	3140
18.1677	3140
18.1677	3140
18.172	3140
18.1742	3140
18.1752	3140
18.1782	3140
18.1825	3140
18.1825	3140
18.1868	3140
18.19	3140
18.19	3140
18.195	3140
18.198	3140
18.1987	3140
18.2011	3140
18.2058	3140
18.2068	3140
18.2098	3140
18.2138	3140
18.2138	3140
18.2179	3140
18.2208	3140
18.2218	3140
18.225	3140
18.228	3140
18.229	3140
18.2323	3140
18.2362	3140
18.2362	3140
18.2396	3140
18.2428	3140
18.2428	3140
18.2457	3140
18.2481	3140
18.249	3140
18.251	3140
18.2548	3140
18.2552	3140
18.2581	3140
18.261	3140
18.261	3140
18.2648	3140
18.2706	3140
18.2706	3140
18.274	3140
18.2768	3140
18.2768	3140
18.2831	3140
18.2859	3140
18.2863	3140
18.2893	3140
18.2922	3140
18.2922	3140
18.296	3140
18.2989	3140
18.2989	3140
18.3051	3140
18.308	3140
18.3083	3140
18.3113	3140
18.3142	3140
18.3142	3140
18.3204	3140
18.3233	3140
18.3233	3140
18.3267	3140
18.3295	3140
18.3295	3140
18.3362	3140
18.3405	3140
18.3415	3140
18.3465	3140
18.3516	3140
18.3516	3140
18.3568	3140
18.3611	3140
18.3621	3140
18.3664	3140
18.3712	3140
18.3722	3140
18.3775	3140
18.3817	3140
18.3827	3140
18.3874	3140
18.3924	3140
18.3924	3140
18.3975	3140
18.4024	3140
18.4034	3140
18.4076	3140
18.4129	3140
18.4138	3140
18.4182	3140
18.4225	3140
18.4234	3140
18.4287	3140
18.4337	3140
18.4337	3140
18.4388	3140
18.4425	3140
18.4425	3140
18.4465	3140
18.4493	3140
18.4503	3140
18.4546	3140
18.4574	3140
18.4588	3140
18.4618	3140
18.4657	3140
18.4657	3140
18.4699	3140
18.4732	3140
18.4732	3140
18.4771	3140
18.4809	3140
18.4819	3140
18.4848	3142
18.4881	3142
18.4891	3142
18.4921	3142
18.4962	3149
18.4962	3149
18.5002	3149
18.503	3149
18.504	3149
18.5073	3149
18.5115	3149
18.5125	3149
18.5155	3149
18.5198	3149
18.5198	3149
18.5231	3149
18.5263	3149
18.5273	3149
18.5313	3149
18.5343	3149
18.5351	3149
18.5384	3149
18.5421	3149
18.5421	3149
18.5461	3149
18.5491	3149
18.5501	3149
18.5542	3149
18.5572	3149
18.5582	3149
18.5613	3149
18.5653	3149
18.5653	3149
18.569	3149
18.572	3149
18.573	3149
18.5772	3149
18.5801	3149
18.5811	3149
18.5841	3149
18.5882	3149
18.5882	3149
18.593	3149
18.5969	3149
18.5969	3149
18.6007	3149
18.6031	3149
18.604	3149
18.6079	3149
18.6112	3149
18.6112	3149
18.6151	3149
18.6194	3149
18.6194	3149
18.6234	3149
18.627	3149
18.628	3149
18.6309	3149
18.6342	3149
18.6342	3149
18.6382	3149
18.6423	3149
18.6423	3149
18.6463	3149
18.6495	3149
18.6505	3149
18.6535	3149
18.6571	3149
18.6571	3149
18.6611	3149
18.6653	3149
18.6653	3149
18.6693	3149
18.6721	3149
18.6734	3149
18.6764	3149
18.6802	3149
18.6812	3149
18.6841	3149
18.6883	3149
18.6883	3149
18.6922	3149
18.6955	3149
18.6965	3149
18.6995	3149
18.7032	3149
18.7046	3149
18.7076	3149
18.7114	3149
18.7114	3149
18.7152	3149
18.7181	3149
18.719	3149
18.7234	3149
18.7264	3149
18.7274	3149
18.7305	3149
18.7343	3149
18.7343	3149
18.7387	3149
18.7417	3149
18.7427	3149
18.7463	3149
18.7493	3149
18.7502	3149
18.7532	3149
18.7574	3149
18.7574	3149
18.7616	3149
18.7646	3149
18.7655	3149
18.7692	3149
18.7722	3149
18.7732	3149
18.7764	3149
18.7804	3149
18.7804	3149
18.7842	3149
18.7885	3149
18.7885	3149
18.7923	3149
18.7952	3149
18.7962	3149
18.7992	3149
18.8033	3149
18.8033	3149
18.8072	3149
18.8115	3149
18.8115	3149
18.8153	3149
18.8187	3149
18.8197	3149
18.822	3149
18.8264	3149
18.8264	3149
18.8304	3149
18.8345	3149
18.8345	3149
18.8383	3149
18.8416	3149
18.8426	3149
18.8456	3149
18.8498	3149
18.8498	3149
18.8535	3149
18.8575	3149
18.8575	3149
18.8615	3149
18.8646	3149
18.8656	3149
18.8685	3149
18.8729	3149
18.8739	3149
18.8767	3149
18.8809	3149
18.8809	3149
18.8848	3149
18.8876	3149
18.8886	3149
18.8915	3149
18.8958	3149
18.8968	3149
18.8998	3149
18.9039	3149
18.9039	3149
18.9079	3149
18.9106	3149
18.9116	3149
18.9156	3149
18.9183	3149
18.9197	3149
18.9227	3149
18.9265	3149
18.9265	3149
18.9308	3149
18.9336	3149
18.934	3149
18.939	3149
18.9413	3149
18.9423	3149
18.9456	3149
18.9495	3149
18.9495	3149
18.9538	3149
18.9567	3149
18.9577	3149
18.9619	3149
18.9648	3149
18.9652	3149
18.9681	3149
18.9725	3149
18.9725	3149
18.9767	3149
18.9806	3149
18.9806	3149
18.9849	3149
18.9878	3149
18.9888	3149
18.9911	3149
18.995	3149
18.995	3149
18.9993	3149
19.0032	3149
19.0032	3149
19.0079	3149
19.0109	3149
19.0117	3149
19.0141	3149
19.0183	3149
19.0183	3149
19.0223	3149
19.0262	3149
19.0262	3149
19.0304	3149
19.0333	3149
19.0343	3149
19.037	3149
19.042	3149
19.042	3149
19.0453	3149
19.0491	3149
19.0491	3149
19.0534	3149
19.0563	3149
19.0573	3149
19.0606	3149
19.0626	3149
19.0636	3149
19.0666	3149
19.0692	3149
19.0692	3149
19.0721	3149
19.0754	3149
19.0754	3149
19.0784	3149
19.0831	3149
19.0835	3149
19.0865	3149
19.0893	3149
19.0902	3149
19.096	3149
19.0989	3149
19.0993	3149
19.1023	3149
19.1052	3149
19.1084	3149
19.1114	3149
19.1143	3149
19.1146	3149
19.1176	3149
19.1205	3149
19.1209	3149
19.1272	3149
19.1301	3149
19.1304	3149
19.1334	3149
19.1363	3149
19.1367	3149
19.1396	3149
19.1454	3149
19.1458	3149
19.1487	3149
19.1516	3149
19.152	3149
19.155	3149
19.1612	3149
19.1616	3149
19.1666	3149
19.1718	3149
19.1718	3149
19.1767	3149
19.1819	3149
19.1828	3149
19.1861	3149
19.192	3149
19.1927	3149
19.1977	3149
19.2019	3149
19.2029	3149
19.2072	3149
19.2122	3149
19.2122	3149
19.2173	3149
19.223	3149
19.224	3149
19.228	3149
19.2321	3149
19.2331	3149
19.2389	3149
19.2422	3149
19.2432	3149
19.2484	3149
19.2534	3149
19.2534	3149
19.259	3149
19.2639	3149
19.2641	3149
19.2671	3149
19.2713	3149
19.2713	3149
19.2753	3149
19.278	3149
19.279	3149
19.283	3149
19.2861	3149
19.2871	3149
19.2901	3149
19.2944	3149
19.2944	3149
19.2983	3149
19.3011	3149
19.3025	3149
19.3064	3149
19.3097	3149
19.3107	3149
19.3136	3149
19.3173	3149
19.3173	3149
19.3213	3149
19.3255	3149
19.3255	3149
19.3294	3149
19.3324	3149
19.3336	3149
19.3366	3149
19.3408	3149
19.3408	3149
19.3447	3149
19.3481	3149
19.3481	3149
19.3525	3149
19.3557	3149
19.3567	3149
19.3596	3149
19.3639	3149
19.3639	3149
19.3679	3149
19.372	3149
19.372	3149
19.3758	3149
19.3787	3149
19.3797	3149
19.3827	3149
19.3868	3149
19.3878	3149
19.3908	3149
19.3946	3149
19.3946	3149
19.3989	3149
19.4017	3149
19.4027	3149
19.4055	3149
19.4094	3149
19.4103	3149
19.4137	3149
19.4177	3149
19.4177	3149
19.4218	3149
19.4248	3149
19.4258	3149
19.4288	3149
19.4324	3149
19.4334	3149
19.4366	3149
19.4406	3149
19.4406	3149
19.4443	3149
19.4477	3149
19.4487	3149
19.452	3149
19.4553	3149
19.4563	3149
19.4593	3149
19.4635	3149
19.4635	3149
19.4674	3149
19.4706	3149
19.4716	3149
19.4755	3149
19.4788	3149
19.4798	3149
19.4827	3149
19.4864	3149
19.4864	3149
19.4904	3149
19.4937	3149
19.4946	3149
19.4989	3149
19.5019	3149
19.5029	3149
19.5059	3149
19.51	3149
19.51	3149
19.5132	3149
19.5172	3149
19.5172	3149
19.5212	3149
19.5248	3149
19.5258	3149
19.5287	3149
19.532	3149
19.532	3149
19.536	3149
19.5401	3149
19.5401	3149
19.5448	3149
19.5478	3149
19.5488	3149
19.5517	3149
19.5559	3149
19.5559	3149
19.5598	3149
19.5631	3149
19.5631	3149
19.567	3149
19.5703	3149
19.5713	3149
19.5743	3149
19.5786	3149
19.5799	3149
19.5828	3149
19.5861	3149
19.5861	3149
19.5901	3149
19.5931	3149
19.5942	3149
19.5972	3149
19.601	3149
19.602	3149
19.6058	3149
19.6096	3149
19.6096	3149
19.614	3149
19.617	3149
19.618	3149
19.6201	3149
19.6241	3149
19.626	3149
19.6287	3149
19.6327	3149
19.6327	3149
19.6369	3149
19.6399	3149
19.6408	3149
19.644	3149
19.648	3149
19.649	3149
19.6512	3149
19.6552	3149
19.6552	3149
19.6594	3149
19.6624	3149
19.6634	3149
19.6671	3149
19.67	3149
19.671	3149
19.6743	3149
19.6783	3149
19.6783	3149
19.6824	3149
19.6854	3149
19.6864	3149
19.6906	3149
19.6936	3149
19.6943	3149
19.6973	3149
19.7012	3149
19.7012	3149
19.7054	3149
19.7093	3149
19.7093	3149
19.7136	3149
19.7166	3149
19.7176	3149
19.7208	3149
19.7246	3149
19.7246	3149
19.729	3149
19.7323	3149
19.7323	3149
19.7366	3149
19.7395	3149
19.7404	3149
19.7438	3149
19.7476	3149
19.7476	3149
19.7519	3149
19.7557	3149
19.7557	3149
19.7596	3149
19.7626	3149
19.7636	3149
19.7667	3149
19.7707	3149
19.7715	3149
19.7745	3149
19.7788	3149
19.7788	3149
19.782	3149
19.785	3149
19.786	3149
19.789	3149
19.7936	3149
19.7946	3149
19.7978	3149
19.8018	3149
19.8018	3149
19.8056	3149
19.8089	3149
19.8099	3149
19.8128	3149
19.8165	3149
19.8175	3149
19.8205	3149
19.8247	3149
19.8247	3149
19.8286	3152
19.8319	3152
19.8329	3152
19.8367	3152
19.8391	3152
19.8401	3152
19.8431	3152
19.8477	3152
19.8477	3152
19.8516	3152
19.8549	3152
19.8559	3152
19.8599	3152
19.863	3152
19.864	3152
19.867	3152
19.8702	3152
19.8702	3152
19.8741	3152
19.8771	3152
19.8788	3152
19.8828	3152
19.885	3152
19.886	3152
19.889	3152
19.8923	3152
19.8933	3152
19.8953	3152
19.8981	3152
19.8994	3152
19.9023	3152
19.9043	3152
19.9052	3152
19.9082	3152
19.9109	3152
19.9119	3152
19.9148	3152
19.9172	3152
19.9172	3152
19.9201	3152
19.923	3152
19.923	3152
19.9272	3152
19.9301	3152
19.9301	3152
19.9335	3152
19.9397	3152
19.9397	3152
19.9431	3152
19.9459	3152
19.9463	3152
19.9493	3152
19.955	3152
19.955	3152
19.9584	3152
19.9613	3152
19.9613	3152
19.9651	3152
19.9708	3152
19.9708	3152
19.9742	3152
19.9771	3152
19.9771	3152
19.9833	3152
19.9862	3152
19.9862	3152
19.9895	3152
19.9944	3152
19.9944	3152
19.9991	3152
