//current_time  id  owd（单向延迟One-Way Delay）  size
0.0430974	1	34	1404
0.0459696	2	36	1406
0.0463456	3	37	206
0.0493136	4	40	1406
0.0521856	5	43	1406
0.0525616	6	43	206
0.0555296	7	46	1406
0.0584016	8	49	1406
0.0587776	9	49	206
0.0617456	10	52	1406
0.0646176	11	55	1406
0.0649936	12	51	206
0.0679616	13	53	1406
0.0737016	14	54	1406
0.103702	15	30	206
0.10667	16	33	1406
0.11351	17	33	1406
0.117134	18	31	206
0.120726	19	33	1406
0.126942	20	33	1406
0.128566	21	30	206
0.132158	22	33	1406
0.137898	23	33	1406
0.139306	24	31	206
0.142898	25	33	1406
0.146898	26	33	1406
0.149306	27	31	206
0.152274	28	34	1406
0.156898	29	33	1406
0.158306	30	31	206
0.161898	31	33	1406
0.165898	32	33	1406
0.168275	33	31	206
0.171243	34	34	1406
0.174115	35	34	1406
0.177835	36	34	206
0.180803	37	37	1406
0.183675	38	37	1406
0.184051	39	35	206
0.187019	40	37	1406
0.192763	41	39	1406
0.193139	42	37	206
0.196107	43	40	1406
0.198979	44	39	1406
0.199827	45	37	206
0.205667	46	42	1406
0.208539	47	42	1406
0.208915	48	39	206
0.211883	49	42	1406
0.217627	50	45	1406
0.218003	51	43	206
0.220971	52	45	1406
0.224315	53	46	1406
0.227563	54	46	206
0.230531	55	48	1406
0.233403	56	48	1406
0.236651	57	48	206
0.239619	58	51	1406
0.242491	59	51	1406
0.243339	60	49	206
0.249179	61	54	1406
0.252051	62	54	1406
0.252427	63	51	206
0.255395	64	54	1406
0.261139	65	58	1406
0.261517	66	55	207
0.264487	67	58	1407
0.267833	68	58	1407
0.271083	69	60	207
0.274053	70	62	1407
0.276927	71	62	1407
0.277305	72	61	207
0.280275	73	64	1407
0.286021	74	67	1407
0.286399	75	65	207
0.289369	76	68	1407
0.292243	77	69	1407
0.293093	78	67	207
0.296063	79	70	1407
0.301809	80	73	1407
0.302187	81	72	207
0.305157	82	74	1407
0.310903	83	77	1407
0.311281	84	76	207
0.314251	85	79	1407
0.317125	86	80	1407
0.317503	87	78	207
0.320473	88	81	1407
0.326691	89	84	1407
0.327069	90	84	207
0.330039	91	86	1407
0.332913	92	86	1407
0.333291	93	85	207
0.336261	94	88	1407
0.342007	95	91	1407
0.342385	96	88	207
0.345355	97	91	1407
0.351573	98	91	1407
0.354823	99	91	207
0.357793	100	94	1407
0.364011	101	95	1407
0.364389	102	92	207
0.367359	103	95	1407
0.373577	104	94	1407
0.376827	105	94	207
0.379797	106	97	1407
0.382671	107	97	1407
0.385921	108	94	207
0.388891	109	97	1407
0.395109	110	101	1407
0.398359	111	101	207
0.401329	112	104	1407
0.404203	113	105	1407
0.405053	114	101	207
0.408023	115	104	1407
0.413769	116	106	1407
0.417019	117	107	207
0.419989	118	109	1407
0.423335	119	107	1407
0.426585	120	107	207
0.429555	121	110	1407
0.435301	122	113	1407
0.435679	123	109	207
0.438649	124	112	1407
0.444867	125	113	1407
0.445245	126	110	207
0.448215	127	113	1407
0.453961	128	113	1407
0.454339	129	110	207
0.457309	130	113	1407
0.460183	131	113	1407
0.460561	132	110	207
0.463531	133	113	1407
0.469749	134	113	1407
0.470127	135	110	207
0.473097	136	113	1407
0.475971	137	112	1407
0.476349	138	110	207
0.479319	139	113	1407
0.485065	140	113	1407
0.485443	141	110	207
0.488413	142	113	1407
0.494631	143	113	1407
0.495009	144	108	207
0.497979	145	110	1407
0.503725	146	109	1407
0.504103	147	107	207
0.507073	148	110	1407
0.509947	149	106	1407
0.513669	150	104	207
0.516639	151	107	1407
0.519513	152	107	1407
0.522763	153	104	207
0.525733	154	107	1407
0.531955	155	106	1407
0.535207	156	104	207
0.538177	157	107	1407
0.541051	158	107	1407
0.541429	159	103	207
0.544399	160	106	1407
0.550621	161	107	1407
0.553873	162	103	207
0.556843	163	106	1407
0.563065	164	110	1407
0.566317	165	107	207
0.569287	166	110	1407
0.575509	167	110	1407
0.578761	168	110	207
0.581731	169	113	1407
0.587953	170	113	1407
0.588331	171	110	207
0.591301	172	113	1407
0.597049	173	113	1407
0.600775	174	113	207
0.603745	175	116	1407
0.606619	176	116	1407
0.609871	177	116	207
0.612841	178	119	1407
0.619063	179	120	1407
0.622315	180	119	207
0.625285	181	122	1407
0.628159	182	122	1407
0.628537	183	119	207
0.631507	184	122	1407
0.637729	185	122	1407
0.638107	186	120	207
0.641077	187	123	1407
0.646825	188	122	1407
0.650551	189	122	207
0.653521	190	125	1407
0.656395	191	123	1407
0.659647	192	122	207
0.662617	193	125	1407
0.665491	194	125	1407
0.665869	195	119	207
0.668839	196	122	1407
0.671713	197	122	1407
0.675439	198	120	207
0.678409	199	123	1407
0.684157	200	122	1407
0.684535	201	116	207
0.687505	202	119	1407
0.693727	203	122	1407
0.694105	204	120	207
0.697075	205	123	1407
0.699949	206	119	1407
0.703201	207	117	207
0.706171	208	120	1407
0.715267	209	122	1407
0.718993	210	119	207
0.721963	211	122	1407
0.727711	212	122	1407
0.728089	213	117	207
0.731059	214	120	1407
0.737281	215	119	1407
0.737659	216	116	207
0.740629	217	119	1407
0.746377	218	119	1407
0.750103	219	117	207
0.753073	220	120	1407
0.758821	221	122	1407
0.762547	222	120	207
0.765517	223	123	1407
0.771265	224	122	1407
0.774991	225	119	207
0.777961	226	122	1407
0.780835	227	122	1407
0.781213	228	120	207
0.784183	229	123	1407
0.789931	230	122	1407
0.793657	231	122	207
0.796627	232	125	1407
0.802375	233	126	1407
0.806101	234	123	207
0.809071	235	126	1407
0.814819	236	128	1407
0.818545	237	126	207
0.821515	238	129	1407
0.824389	239	129	1407
0.824767	240	126	207
0.827737	241	128	1407
0.833485	242	127	1407
0.837211	243	123	207
0.840181	244	125	1407
0.845929	245	122	1407
0.849655	246	119	207
0.852625	247	121	1407
0.858373	248	119	1407
0.862099	249	116	207
0.865069	250	117	1407
0.870817	251	115	1407
0.874543	252	111	207
0.877513	253	113	1407
0.880387	254	109	1407
0.883639	255	104	207
0.889959	256	109	1408
0.899057	257	111	1408
0.902785	258	107	208
0.908631	259	111	1408
0.914381	260	110	1408
0.918109	261	106	208
0.921081	262	108	1408
0.930179	263	110	1408
0.933433	264	105	208
0.936405	265	107	1408
0.942629	266	105	1408
0.945883	267	101	208
0.952203	268	106	1408
0.955079	269	102	1408
0.958333	270	97	208
0.961305	271	99	1408
0.967529	272	98	1408
0.974131	273	97	208
0.977103	274	99	1408
0.982853	275	96	1408
0.986581	276	93	208
0.989553	277	94	1408
0.995303	278	93	1408
0.999031	279	89	208
1.002	280	91	1408
1.00775	281	89	1408
1.01435	282	88	208
1.01733	283	90	1408
1.02642	284	91	1408
1.03303	285	91	208
1.036	286	91	1408
1.04222	287	91	1408
1.04882	288	89	208
1.0518	289	91	1408
1.06089	290	93	1408
1.0675	291	92	208
1.07334	292	97	1408
1.07669	293	92	1408
1.08617	294	95	208
1.08914	295	96	1408
1.10111	296	101	1408
1.10484	297	96	208
1.10781	298	98	1408
1.11691	299	99	1408
1.12016	300	96	208
1.12314	301	98	1408
1.12649	302	98	1408
1.12687	303	95	208
1.13271	304	100	1408
1.13846	305	103	1408
1.13884	306	100	208
1.14181	307	103	1408
1.14804	308	107	1408
1.15129	309	107	208
1.15426	310	109	1408
1.15714	311	109	1408
1.15799	312	106	208
1.16097	313	109	1408
1.16672	314	112	1408
1.16997	315	112	208
1.17294	316	114	1408
1.17582	317	114	1408
1.17667	318	112	208
1.17964	319	115	1408
1.18539	320	118	1408
1.18865	321	117	208
1.19162	322	120	1408
1.1945	323	120	1408
1.19535	324	118	208
1.19832	325	121	1408
1.20695	326	125	1408
1.2078	327	123	208
1.21077	328	126	1408
1.21652	329	129	1408
1.21978	330	129	208
1.22275	331	131	1408
1.23185	332	135	1408
1.2327	333	131	208
1.23567	334	134	1408
1.2443	335	137	1408
1.24802	336	136	208
1.251	337	138	1408
1.25675	338	139	1408
1.26335	339	141	208
1.26632	340	143	1408
1.27542	341	147	1408
1.27915	342	146	208
1.28499	343	150	1408
1.29122	344	152	1408
1.29782	345	153	208
1.30079	346	155	1408
1.30654	347	156	1408
1.31027	348	155	208
1.31611	349	160	1408
1.31899	350	158	1408
1.32272	351	159	208
1.32569	352	161	1408
1.33479	353	166	1408
1.33805	354	167	208
1.34102	355	169	1408
1.35012	356	174	1408
1.35385	357	173	208
1.35683	358	176	1408
1.36593	359	181	1408
1.36631	360	178	208
1.36928	361	181	1408
1.37301	363	177	208
1.37599	364	178	1408
1.38174	365	181	1408
1.38259	366	178	208
1.38557	367	180	1408
1.39132	368	182	1408
1.3917	369	179	208
1.39802	371	181	1408
1.3984	372	178	208
1.40425	374	179	1408
1.40463	375	175	208
1.4076	376	178	1408
1.41048	377	177	1408
1.41421	378	177	208
1.41718	379	180	1408
1.42044	381	175	208
1.42341	382	177	1408
1.42629	383	177	1408
1.43002	384	177	208
1.43299	385	178	1408
1.43874	386	180	1408
1.43912	387	178	208
1.44209	388	180	1408
1.44497	389	178	1408
1.45158	390	177	208
1.45455	391	176	1408
1.45743	392	176	1408
1.46116	393	175	208
1.46701	394	174	1408
1.47323	395	177	1408
1.47649	396	171	208
1.48281	397	173	1408
1.48857	398	173	1408
1.4923	399	171	208
1.49815	400	171	1408
1.50437	401	174	1408
1.50763	402	171	208
1.51395	403	173	1408
1.51971	404	173	1408
1.52344	405	174	208
1.52929	406	177	1408
1.53216	407	177	1408
1.53877	408	174	208
1.54509	409	177	1408
1.54797	410	176	1408
1.55458	411	174	208
1.56043	412	177	1408
1.5633	413	177	1408
1.56703	414	171	208
1.57001	415	174	1408
1.57576	416	175	1408
1.58199	417	177	1411
1.58237	418	175	208
1.58822	419	180	1408
1.5911	420	179	1408
1.59483	421	178	208
1.5978	422	181	1408
1.60068	423	179	1408
1.60691	424	178	1411
1.61017	425	179	208
1.61314	426	181	1408
1.6165	427	180	1411
1.61937	428	180	1408
1.62263	429	179	208
1.6256	430	181	1408
1.62848	431	180	1408
1.63183	432	180	1411
1.63221	433	177	208
1.63519	434	179	1408
1.64094	435	180	1408
1.64132	436	178	208
1.6443	437	180	1408
1.65052	438	182	1408
1.65378	439	181	208
1.65675	441	180	1408
1.65713	442	176	208
1.66346	443	179	1408
1.66633	444	179	1408
1.66959	445	178	208
1.67256	446	175	1408
1.67879	447	175	1408
1.68204	448	176	208
1.68502	449	173	1408
1.69124	450	173	1408
1.6945	451	172	208
1.69747	452	169	1408
1.70658	453	172	1408
1.70696	454	169	208
1.71328	455	169	1408
1.71903	456	170	1408
1.72276	457	169	208
1.72861	458	169	1408
1.73484	459	172	1408
1.7381	460	170	208
1.74442	461	169	1408
1.75017	462	172	1408
1.7539	463	169	208
1.75975	464	169	1408
1.76598	465	172	1408
1.76924	466	172	208
1.77221	467	172	1408
1.77844	468	173	1408
1.78169	469	169	208
1.78466	470	172	1408
1.80335	471	166	1408
1.8066	472	163	208
1.80958	473	166	1408
1.81245	474	164	1408
1.81618	475	163	208
1.81916	476	165	1408
1.82491	477	165	1408
1.82529	478	162	208
1.82826	479	164	1408
1.83449	480	167	1408
1.83487	481	163	208
1.84072	482	168	1408
1.84647	483	170	1408
1.84685	484	167	208
1.85318	485	173	1408
1.85605	486	172	1408
1.85894	487	170	1411
1.85932	488	168	208
1.86517	489	172	1408
1.8738	490	177	1408
1.87418	491	174	208
1.87716	492	175	1408
1.88291	493	174	1408
1.88665	494	174	208
1.8925	495	177	1408
1.89825	496	177	1408
1.90198	497	177	208
1.90496	498	177	1408
1.91071	499	174	1408
1.91109	500	172	208
1.91741	501	174	1408
1.92316	502	174	1408
1.9269	503	174	208
1.93274	504	174	1408
1.93897	505	174	1408
1.93935	506	171	208
1.94855	507	174	1408
1.95143	508	171	1408
1.95468	509	170	208
1.96101	510	172	1408
1.97011	511	174	1408
1.97049	512	171	208
1.97634	513	174	1408
1.98257	514	174	1408
1.98582	515	174	208
1.9888	516	174	1408
2.00413	517	171	1408
2.00451	518	168	208
2.01083	519	171	1408
2.01371	520	171	1408
2.01696	521	170	208
2.01994	522	170	1408
2.02616	523	171	1408
2.02942	524	171	208
2.03239	525	173	1408
2.0415	526	177	1408
2.04523	527	178	208
2.05108	528	181	1408
2.0573	529	181	1408
2.05768	530	178	208
2.06066	531	177	1408
2.06641	532	180	1408
2.06679	533	176	208
2.06976	534	178	1408
2.07599	535	181	1408
2.07637	536	178	208
2.07934	537	180	1408
2.08509	538	182	1408
2.08547	539	178	208
2.08844	540	181	1408
2.0918	541	178	1408
2.0984	542	176	208
2.10138	543	179	1408
2.10425	544	176	1408
2.10751	545	172	208
2.11048	546	175	1408
2.11671	547	176	1408
2.11996	548	172	208
2.12294	549	175	1408
2.12916	550	176	1408
2.13577	551	173	208
2.13874	552	176	1408
2.1445	553	175	1408
2.1511	554	173	208
2.15408	555	176	1408
2.15695	556	174	1408
2.16356	557	172	208
2.16653	558	175	1408
2.17564	559	175	1408
2.17937	560	173	208
2.18234	561	176	1408
2.18809	562	176	1408
2.19182	563	173	208
2.1948	564	176	1408
2.20678	565	172	1408
2.21051	566	170	208
2.21348	567	173	1408
2.21923	568	176	1408
2.22296	569	172	208
2.22594	570	175	1408
2.23169	571	175	1408
2.23542	572	173	208
2.23839	573	176	1408
2.25037	574	179	1408
2.2541	575	173	208
2.25708	576	176	1408
2.26283	577	175	1408
2.26321	578	173	208
2.26618	579	176	1408
2.27241	580	176	1408
2.27566	581	174	208
2.27864	582	177	1408
2.28486	583	178	1408
2.28812	584	177	208
2.29109	585	179	1408
2.29732	586	180	1408
2.30058	587	178	208
2.30355	588	180	1408
2.30978	589	181	1408
2.31016	590	177	208
2.316	591	182	1408
2.31888	592	179	1408
2.32261	593	178	208
2.32558	594	180	1408
2.32846	595	178	1408
2.33172	596	176	208
2.33469	597	178	1408
2.33756	598	176	1408
2.34418	599	176	208
2.34715	600	179	1408
2.35003	601	176	1408
2.35663	602	172	208
2.35961	603	175	1408
2.36248	604	174	1408
2.36909	605	173	208
2.37206	606	176	1408
2.38117	607	176	1408
2.38442	608	172	208
2.38739	609	175	1408
2.39362	610	175	1408
2.39688	611	172	208
2.39985	612	175	1408
2.40895	613	172	1408
2.41556	614	172	208
2.41853	615	175	1408
2.42476	616	175	1408
2.42802	617	172	208
2.43099	618	174	1408
2.43722	619	176	1408
2.44047	620	172	208
2.44345	621	175	1408
2.4559	622	175	1408
2.45916	623	172	208
2.46213	624	175	1408
2.46836	625	176	1408
2.46874	626	172	208
2.47171	627	175	1408
2.47794	628	175	1408
2.49988	629	160	208
2.50285	630	162	1408
2.5086	631	162	1408
2.50946	632	159	208
2.51531	633	163	1408
2.51818	634	162	1408
2.52144	635	160	208
2.52489	636	163	1408
2.53064	637	164	1408
2.53389	638	162	208
2.53734	639	163	1408
2.54309	640	165	1408
2.54347	641	160	208
2.54932	642	163	1408
2.55267	643	162	1408
2.55593	644	160	208
2.5589	645	159	1408
2.56465	646	161	1408
2.56551	647	154	208
2.57136	648	157	1408
2.57423	649	156	1408
2.57749	650	154	208
2.58046	651	154	1408
2.58381	652	153	1408
2.58707	653	148	208
2.59292	654	147	1408
2.59579	655	146	1408
2.59953	656	145	208
2.6025	657	144	1408
2.60825	658	146	1408
2.60863	659	141	208
2.6116	660	141	1408
2.61783	661	143	1408
2.62109	662	135	208
2.62406	663	135	1408
2.62741	664	134	1408
2.63067	665	132	208
2.63364	666	135	1408
2.63939	667	136	1408
2.63977	668	131	208
2.64897	669	119	1408
2.6552	670	122	1408
2.65558	671	117	208
2.66143	672	116	1408
2.6643	673	116	1408
2.66803	674	114	208
2.67101	675	117	1408
2.67388	676	113	1408
2.67714	677	110	208
2.68011	678	113	1408
2.68299	679	109	1408
2.68672	680	107	208
2.68969	681	110	1408
2.69257	682	109	1408
2.69582	683	106	208
2.69879	684	109	1408
2.70215	685	108	1408
2.7054	686	104	208
2.70837	687	107	1408
2.71413	688	106	1408
2.71498	689	100	208
2.72083	690	105	1408
2.72371	691	102	1408
2.72696	692	99	208
2.72993	693	101	1408
2.73281	694	98	1408
2.73654	695	96	208
2.73951	696	98	1408
2.74527	697	98	1408
2.74565	698	91	208
2.74862	699	94	1408
2.75485	700	93	1408
2.7581	701	91	208
2.76107	702	94	1408
2.76395	703	91	1408
2.76768	704	90	208
2.77065	705	93	1408
2.77641	706	94	1408
2.78014	707	93	208
2.78311	708	96	1408
2.78886	709	96	1408
2.79259	710	95	208
2.79557	711	98	1408
2.80467	712	102	1408
2.80793	713	100	208
2.8109	714	103	1408
2.81713	715	105	1408
2.82038	716	104	208
2.82671	717	109	1408
2.83246	718	110	1408
2.83619	719	110	208
2.83916	720	112	1408
2.84491	721	112	1408
2.84865	722	112	208
2.85162	723	114	1408
2.85785	724	115	1408
2.8611	725	115	208
2.86695	726	119	1408
2.87318	727	121	1408
2.87643	728	120	208
2.87941	729	122	1408
2.88563	730	123	1408
2.88937	731	123	208
2.89521	732	128	1408
2.90097	733	129	1408
2.9047	734	128	208
2.90767	735	130	1408
2.91342	736	132	1408
2.91715	737	131	208
2.92013	738	133	1408
2.92588	739	134	1408
2.92626	740	130	208
2.92971	741	132	1408
2.93546	742	134	1408
2.94494	743	122	208
2.95127	744	126	1408
2.95702	745	123	1408
2.96075	746	121	208
2.96372	747	123	1408
2.96947	748	124	1408
2.96985	749	119	208
2.9733	750	122	1408
2.97905	751	123	1408
2.98231	752	120	208
2.98528	753	123	1408
2.99151	754	123	1408
2.99477	755	121	208
2.99774	756	122	1408
3.00397	757	123	1408
3.00722	758	122	208
3.01019	759	123	1408
3.01355	760	121	1408
3.01968	761	122	208
3.026	762	123	1408
3.03175	763	123	1408
3.03549	764	122	208
3.03846	765	123	1408
3.04421	766	124	1408
3.04794	767	122	208
3.05379	768	122	1408
3.06002	769	124	1408
3.06327	770	122	208
3.0696	771	126	1408
3.07535	772	127	1408
3.07621	773	123	208
3.08205	774	127	1408
3.08781	775	127	1408
3.09154	776	126	208
3.09451	777	128	1408
3.10361	778	128	1408
3.10687	779	125	208
3.11319	780	126	1408
3.11895	781	126	1408
3.12268	782	125	208
3.12565	783	126	1408
3.13188	784	127	1408
3.13513	785	126	208
3.14098	786	130	1408
3.14721	787	132	1408
3.15047	788	130	208
3.15344	789	132	1408
3.15967	790	133	1408
3.16292	791	131	208
3.16589	792	131	1408
3.17212	793	133	1408
3.17585	794	131	208
3.1817	795	136	1408
3.18458	796	135	1408
3.19119	797	135	208
3.19703	798	136	1408
3.20326	799	138	1408
3.20364	800	134	208
3.20949	801	135	1408
3.21572	802	137	1408
3.21897	803	135	208
3.2253	804	135	1408
3.23105	805	137	1408
3.23478	806	135	208
3.24111	807	136	1408
3.24973	808	138	1408
3.25347	809	135	208
3.25644	810	137	1408
3.26267	811	136	1408
3.2688	812	135	208
3.27177	813	137	1408
3.278	814	136	1408
3.28461	815	136	208
3.28758	816	138	1408
3.29381	817	137	1408
3.29994	818	136	208
3.30291	819	138	1408
3.30914	820	138	1408
3.31239	821	135	208
3.31537	822	138	1408
3.32447	823	141	1408
3.3282	824	140	208
3.33117	825	142	1408
3.33693	826	142	1408
3.34066	827	141	208
3.34363	828	141	1408
3.34938	829	142	1408
3.35311	830	141	208
3.35896	831	144	1408
3.36519	832	144	1408
3.36845	833	141	208
3.37477	834	141	1408
3.381	835	142	1408
3.38425	836	141	208
3.3901	837	145	1408
3.39633	838	146	1408
3.39959	839	144	208
3.40591	840	144	1408
3.41166	841	145	1408
3.41539	842	144	208
3.42172	843	142	1408
3.42747	844	143	1408
3.43073	845	141	208
3.43705	846	145	1408
3.4428	847	144	1408
3.44653	848	143	208
3.45238	849	144	1408
3.45861	850	144	1408
3.46187	851	142	208
3.46819	852	145	1408
3.47394	853	143	1408
3.47767	854	142	208
3.48352	855	144	1408
3.48975	856	145	1408
3.49301	857	144	208
3.49933	858	145	1408
3.50508	859	146	1408
3.50881	860	144	208
3.51466	861	147	1408
3.52089	862	148	1408
3.52415	863	147	208
3.52712	864	148	1408
3.53335	865	149	1408
3.5366	866	147	208
3.54293	867	147	1408
3.54868	868	148	1408
3.55241	869	147	208
3.55826	870	147	1408
3.56449	871	148	1408
3.56774	872	146	208
3.57407	873	148	1408
3.57982	874	148	1408
3.58355	875	147	208
3.5894	876	148	1408
3.59563	877	149	1408
3.59888	878	147	208
3.60521	879	148	1408
3.61096	880	148	1408
3.61469	881	147	208
3.62054	882	148	1408
3.62677	883	149	1408
3.63002	884	148	208
3.63635	885	148	1408
3.64257	886	149	1408
3.64583	887	147	208
3.65168	888	147	1408
3.66078	889	151	1408
3.66164	890	147	208
3.67036	891	151	1408
3.67324	892	149	1408
3.67697	893	147	208
3.68617	894	151	1408
3.69192	895	151	1408
3.69853	896	153	208
3.70485	897	154	1408
3.71061	898	156	1408
3.71146	899	153	208
3.72019	900	157	1408
3.72641	901	159	1408
3.72967	902	156	208
3.73887	903	160	1408
3.74222	904	160	1408
3.74835	905	160	208
3.75468	906	160	1408
3.75755	907	159	1408
3.76081	908	156	208
3.76713	909	158	1408
3.77289	910	159	1408
3.77662	911	156	208
3.78294	912	157	1408
3.79157	913	160	1408
3.79243	914	154	208
3.7954	915	154	1408
3.80115	916	154	1408
3.80441	917	150	208
3.80738	918	151	1408
3.81361	919	151	1408
3.81686	920	147	208
3.82031	921	148	1408
3.82606	922	148	1408
3.82932	923	145	208
3.83564	924	145	1408
3.84139	925	146	1408
3.84177	926	141	208
3.8481	927	145	1408
3.85385	928	145	1408
3.85758	929	141	208
3.86343	930	141	1408
3.86966	931	141	1408
3.87291	932	138	208
3.87589	933	135	1408
3.88211	934	137	1408
3.88537	935	135	208
3.89457	936	138	1408
3.89792	937	136	1408
3.90405	938	136	208
3.91038	939	138	1408
3.91613	940	138	1408
3.91986	941	135	208
3.92571	942	138	1408
3.93194	943	139	1408
3.93232	944	135	208
3.93864	945	136	1408
3.94727	946	140	1408
3.94813	947	135	208
3.95685	948	135	1408
3.96308	949	137	1408
3.96633	950	135	208
3.96931	951	137	1408
3.97553	952	138	1408
3.97927	953	137	208
3.98511	954	142	1408
3.99087	955	142	1408
3.9946	956	141	208
3.99757	957	141	1408
4.00332	958	142	1408
4.00705	959	141	208
4.0129	960	141	1408
4.01913	961	143	1408
4.02239	962	141	208
4.02871	963	145	1408
4.03446	964	146	1408
4.03532	965	142	208
4.04404	966	145	1408
4.04739	967	143	1408
4.05353	968	144	208
4.0565	969	144	1408
4.06273	970	145	1408
4.06933	971	145	208
4.07231	972	144	1408
4.07853	973	144	1408
4.08467	974	144	208
4.09099	975	144	1408
4.09674	976	145	1408
4.10047	977	144	208
4.10632	978	144	1408
4.11255	979	145	1408
4.11581	980	143	208
4.12213	981	145	1408
4.12788	982	145	1408
4.13161	983	144	208
4.13746	984	144	1408
4.14369	985	145	1408
4.14695	986	143	208
4.15327	987	148	1408
4.15902	988	149	1408
4.15988	989	144	208
4.1686	990	148	1408
4.17483	991	149	1408
4.17809	992	148	208
4.18106	993	148	1408
4.18729	994	149	1408
4.19054	995	147	208
4.19687	996	147	1408
4.20262	997	148	1408
4.20635	998	147	208
4.2122	999	148	1408
4.21843	1000	150	1408
4.22168	1001	147	208
4.22801	1002	151	1408
4.23376	1003	150	1408
4.23749	1004	150	208
4.24334	1005	151	1408
4.24957	1006	150	1408
4.25282	1007	149	208
4.25915	1008	151	1408
4.2649	1009	150	1408
4.26863	1010	147	208
4.27783	1011	151	1408
4.28358	1012	151	1408
4.28731	1013	148	208
4.29316	1014	151	1408
4.29939	1015	151	1408
4.30265	1016	147	208
4.30897	1017	151	1408
4.31472	1018	151	1408
4.31845	1019	148	208
4.3243	1020	151	1408
4.33053	1021	151	1408
4.33379	1022	147	208
4.34011	1023	151	1408
4.34586	1024	151	1408
4.34959	1025	150	208
4.35544	1026	151	1408
4.36167	1027	152	1408
4.36493	1028	150	208
4.36837	1029	151	1408
4.377	1030	155	1408
4.38073	1031	153	208
4.38658	1032	154	1408
4.38993	1033	152	1408
4.39607	1034	154	208
4.40239	1035	154	1408
4.40814	1036	155	1408
4.41187	1037	153	208
4.41772	1038	154	1408
4.42395	1039	155	1408
4.42721	1040	154	208
4.43353	1041	154	1408
4.43928	1042	155	1408
4.44301	1043	154	208
4.44886	1044	153	1408
4.45509	1045	155	1408
4.45882	1046	151	208
4.46755	1047	154	1408
4.4709	1048	152	1408
4.47415	1049	151	208
4.48335	1050	154	1408
4.48911	1051	155	1408
4.49284	1052	153	208
4.49869	1053	154	1408
4.50491	1054	155	1408
4.50817	1055	154	208
4.51449	1056	154	1408
4.52025	1057	155	1408
4.52398	1058	153	208
4.52983	1059	154	1408
4.53605	1060	156	1408
4.53931	1061	154	208
4.54563	1062	154	1408
4.55139	1063	155	1408
4.55512	1064	154	208
4.56097	1065	153	1408
4.56719	1066	155	1408
4.57045	1067	153	208
4.57677	1068	156	1408
4.58253	1069	156	1408
4.58626	1070	154	208
4.59211	1071	154	1408
4.59833	1072	155	1408
4.60159	1073	153	208
4.60791	1074	153	1408
4.61367	1075	154	1408
4.6174	1076	153	208
4.62325	1077	154	1408
4.62947	1078	155	1408
4.63273	1079	153	208
4.63905	1080	154	1408
4.64481	1081	154	1408
4.64854	1082	151	208
4.65151	1083	150	1408
4.65726	1084	151	1408
4.66099	1085	147	208
4.66684	1086	147	1408
4.67307	1087	149	1408
4.67633	1088	147	208
4.67977	1089	144	1408
4.68553	1090	145	1408
4.68878	1091	143	208
4.69511	1092	145	1408
4.70086	1093	141	1408
4.70459	1094	138	208
4.70756	1095	141	1408
4.71379	1096	138	1408
4.71705	1097	136	208
4.72002	1098	139	1408
4.72912	1099	138	1408
4.73238	1100	135	208
4.73535	1101	138	1408
4.74445	1102	138	1408
4.74819	1103	136	208
4.75116	1104	139	1408
4.76026	1105	138	1408
4.76352	1106	135	208
4.76984	1107	140	1408
4.77559	1108	137	1408
4.7822	1109	138	208
4.78517	1110	139	1408
4.7914	1111	138	1408
4.79513	1112	136	208
4.80098	1113	139	1408
4.80673	1114	137	1408
4.81334	1115	138	208
4.81631	1116	139	1408
4.82254	1117	139	1408
4.82915	1118	139	208
4.83212	1119	141	1408
4.83787	1120	140	1408
4.84161	1121	138	208
4.84458	1122	141	1408
4.85081	1123	141	1408
4.85694	1124	141	208
4.85991	1125	144	1408
4.88147	1126	131	1408
4.88808	1127	129	208
4.8944	1128	132	1408
4.90015	1129	132	1408
4.90389	1130	128	208
4.90973	1131	131	1408
4.91596	1132	131	1408
4.91969	1133	128	208
4.92554	1134	132	1408
4.93129	1135	132	1408
4.93503	1136	129	208
4.94423	1137	132	1408
4.94998	1138	131	1408
4.95371	1139	128	208
4.95668	1140	130	1408
4.96579	1141	132	1408
4.96904	1142	130	208
4.97537	1143	132	1408
4.98112	1144	132	1408
4.98485	1145	128	208
4.9907	1146	131	1408
4.99693	1147	131	1408
5.00353	1148	131	208
5.00651	1149	133	1408
5.01226	1150	132	1408
5.01599	1151	129	208
5.01896	1152	131	1408
5.02807	1153	134	1408
5.03755	1154	126	208
5.04675	1155	128	1408
5.05298	1156	128	1408
5.05623	1157	125	208
5.06256	1158	129	1408
5.06831	1159	129	1408
5.07204	1160	126	208
5.07789	1161	128	1408
5.08412	1162	129	1408
5.08737	1163	125	208
5.0937	1164	128	1408
5.1028	1165	128	1408
5.10606	1166	126	208
5.11238	1167	129	1408
5.11813	1168	129	1408
5.12187	1169	125	208
5.12771	1170	128	1408
5.13394	1171	128	1408
5.1372	1172	125	208
5.14352	1173	129	1408
5.14927	1174	129	1408
5.15301	1175	126	208
5.16221	1176	129	1408
5.16796	1177	128	1408
5.17169	1178	125	208
5.17466	1179	127	1408
5.18377	1180	129	1408
5.18702	1181	127	208
5.19622	1182	129	1408
5.20245	1183	126	1408
5.20906	1184	126	208
5.21203	1185	126	1408
5.22113	1186	129	1408
5.22439	1187	126	208
5.22784	1188	125	1408
5.23647	1189	129	1408
5.2402	1190	126	208
5.24605	1191	129	1408
5.25227	1192	129	1408
5.25888	1193	126	208
5.26185	1194	125	1408
5.26808	1195	126	1408
5.27421	1196	124	208
5.28054	1197	128	1408
5.28629	1198	125	1408
5.2929	1199	122	208
5.29922	1200	128	1408
5.30497	1201	124	1408
5.31158	1202	122	208
5.31455	1203	124	1408
5.32366	1204	124	1408
5.33027	1205	122	208
5.33324	1206	124	1408
5.34234	1207	126	1408
5.34607	1208	123	208
5.34905	1209	125	1408
5.35815	1210	126	1408
5.36476	1211	122	208
5.36773	1212	124	1408
5.37683	1213	125	1408
5.38344	1214	125	208
5.38929	1215	130	1408
5.39552	1216	129	1408
5.405	1217	129	208
5.40797	1218	130	1408
5.41708	1219	133	1408
5.42369	1220	132	208
5.42666	1221	134	1408
5.43576	1222	136	1408
5.44237	1223	132	208
5.44869	1224	137	1408
5.45445	1225	136	1408
5.46441	1226	135	208
5.46738	1227	137	1408
5.47648	1228	139	1408
5.48309	1229	139	208
5.48606	1230	141	1408
5.49181	1231	138	1408
5.49842	1232	135	208
5.50139	1233	137	1408
5.50762	1234	135	1408
5.51088	1235	131	208
5.51385	1236	133	1408
5.52295	1237	134	1408
5.52669	1238	129	208
5.52966	1239	131	1408
5.53541	1240	129	1408
5.54202	1241	123	208
5.54499	1242	124	1408
5.55409	1243	127	1408
5.55783	1244	119	208
5.5608	1245	121	1408
5.5699	1246	122	1408
5.57316	1247	117	208
5.57661	1248	119	1408
5.58523	1249	120	1408
5.59519	1250	117	208
5.59817	1251	119	1408
5.60727	1252	121	1408
5.61388	1253	116	208
5.61685	1254	118	1408
5.62595	1255	119	1408
5.63256	1256	116	208
5.63553	1257	118	1408
5.64464	1258	120	1408
5.64789	1259	116	208
5.65087	1260	118	1408
5.65997	1261	120	1408
5.6637	1262	117	208
5.66955	1263	122	1408
5.67578	1264	121	1408
5.68239	1265	121	208
5.68536	1266	123	1408
5.69111	1267	122	1408
5.69772	1268	121	208
5.70069	1269	123	1408
5.70692	1270	122	1408
5.71353	1271	123	208
5.7165	1272	125	1408
5.7256	1273	125	1408
5.72886	1274	122	208
5.73183	1275	125	1408
5.74093	1276	125	1408
5.75089	1277	122	208
5.75387	1278	125	1408
5.76297	1279	125	1408
5.76958	1280	123	208
5.77255	1281	125	1408
5.78165	1282	125	1408
5.78826	1283	122	208
5.79411	1284	127	1408
5.80321	1285	126	1408
5.80982	1286	123	208
5.81279	1287	125	1408
5.8219	1288	124	1408
5.82851	1289	122	208
5.83483	1290	126	1408
5.84106	1291	124	1408
5.84719	1292	123	208
5.85016	1293	125	1408
5.85927	1294	127	1408
5.863	1295	123	208
5.86597	1296	125	1408
5.87507	1297	128	1408
5.88168	1298	127	208
5.88465	1299	129	1408
5.89376	1300	130	1408
5.89701	1301	127	208
5.89999	1302	128	1408
5.90909	1303	131	1408
5.9157	1304	130	208
5.91867	1305	132	1408
5.9249	1306	131	1408
5.93151	1307	129	208
5.93448	1308	131	1408
5.94358	1309	132	1408
5.95307	1310	129	208
5.95604	1311	131	1408
5.96514	1312	132	1408
5.97175	1313	129	208
5.97472	1314	131	1408
5.98383	1315	131	1408
5.99379	1316	129	208
5.99676	1317	131	1408
6.00251	1318	130	1408
6.00912	1319	129	208
6.01209	1320	131	1408
6.02119	1321	132	1408
6.02493	1322	128	208
6.03077	1323	133	1408
6.03988	1324	134	1408
6.04649	1325	132	208
6.04946	1326	134	1408
6.05856	1327	135	1408
6.06229	1328	132	208
6.06527	1329	134	1408
6.07437	1330	135	1408
6.08098	1331	132	208
6.08395	1332	134	1408
6.09305	1333	137	1408
6.09631	1334	132	208
6.09976	1335	134	1408
6.10886	1336	135	1408
6.11835	1337	132	208
6.12132	1338	134	1408
6.13042	1339	135	1408
6.13703	1340	133	208
6.14	1341	135	1408
6.14911	1342	136	1408
6.15859	1343	132	208
6.16156	1344	134	1408
6.17067	1345	136	1408
6.1744	1346	132	208
6.18025	1347	137	1408
6.18935	1348	138	1408
6.19308	1349	133	208
6.19893	1350	137	1408
6.20516	1351	136	1408
6.21177	1352	132	208
6.21761	1353	137	1408
6.22672	1354	138	1408
6.23045	1355	135	208
6.23342	1356	137	1408
6.2454	1357	141	1408
6.25201	1358	138	208
6.25498	1359	140	1408
6.26744	1360	144	1408
6.27405	1361	145	208
6.27702	1362	148	1408
6.28612	1363	148	1408
6.29608	1364	145	208
6.29905	1365	148	1408
6.31103	1366	151	1408
6.31764	1367	147	208
6.32061	1368	149	1408
6.32972	1369	149	1408
6.3392	1370	148	208
6.34217	1371	150	1408
6.35128	1372	150	1408
6.35501	1373	144	208
6.35798	1374	145	1408
6.36709	1375	145	1408
6.37082	1376	139	208
6.37667	1377	144	1408
6.38242	1378	143	1408
6.38615	1379	139	208
6.38912	1380	141	1408
6.39823	1381	142	1408
6.40148	1382	138	208
6.40445	1383	140	1408
6.41356	1384	138	1408
6.41729	1385	132	208
6.42026	1386	134	1408
6.42937	1387	132	1408
6.43597	1388	128	208
6.43895	1389	130	1408
6.44805	1390	132	1408
6.45753	1391	128	208
6.46051	1392	130	1408
6.47009	1393	129	1408
6.47957	1394	129	208
6.48254	1395	131	1408
6.49165	1396	132	1408
6.50113	1397	129	208
6.5041	1398	131	1408
6.51033	1399	129	1408
6.51694	1400	128	208
6.51991	1401	130	1408
6.52901	1402	132	1408
6.53562	1403	129	208
6.53859	1404	131	1408
6.5477	1405	133	1408
6.55095	1406	129	208
6.55393	1407	131	1408
6.56303	1408	134	1408
6.56964	1409	133	208
6.57261	1410	135	1408
6.57884	1411	134	1408
6.58545	1412	134	208
6.58842	1413	136	1408
6.59752	1414	138	1408
6.60413	1415	135	208
6.6071	1416	137	1408
6.61621	1417	138	1408
6.62569	1418	135	208
6.62866	1419	137	1408
6.63777	1420	137	1408
6.64773	1421	135	208
6.6507	1422	137	1408
6.6598	1423	138	1408
6.67551	1424	128	208
6.68184	1425	131	1408
6.69094	1426	131	1408
6.69755	1427	131	208
6.70052	1428	132	1408
6.70963	1429	132	1408
6.71288	1430	128	208
6.71921	1431	134	1408
6.72496	1432	131	1408
6.73157	1433	130	208
6.73789	1434	135	1408
6.74364	1435	134	1408
6.75025	1436	133	208
6.75322	1437	135	1408
6.76233	1438	135	1408
6.76893	1439	134	208
6.77191	1440	134	1408
6.78101	1441	135	1408
6.78762	1442	132	208
6.79394	1443	135	1408
6.80305	1444	136	1408
6.80965	1445	132	208
6.8155	1446	135	1408
6.82461	1447	135	1408
6.83457	1448	129	208
6.84377	1449	132	1408
6.85287	1450	131	1408
6.85948	1451	128	208
6.86533	1452	133	1408
6.87443	1453	131	1408
6.88104	1454	128	208
6.88449	1455	130	1408
6.89647	1456	131	1408
6.9002	1457	128	208
6.90605	1458	133	1408
6.9118	1459	130	1408
6.91841	1460	129	208
6.92138	1461	131	1408
6.93048	1462	132	1408
6.93709	1463	132	208
6.94006	1464	134	1408
6.94917	1465	135	1408
6.9529	1466	130	208
6.95875	1467	134	1408
6.96785	1468	134	1408
6.97446	1469	134	208
6.98078	1470	135	1408
6.98989	1471	135	1408
6.99649	1472	132	208
7.00569	1473	132	1408
7.0148	1474	132	1408
7.01805	1475	129	208
7.02725	1476	132	1408
7.03636	1477	132	1408
7.04009	1478	129	208
7.04594	1479	131	1408
7.05839	1480	132	1408
7.06165	1481	128	208
7.06797	1482	131	1408
7.07708	1483	134	1408
7.08369	1484	132	208
7.08666	1485	134	1408
7.09864	1486	138	1408
7.10525	1487	138	208
7.10869	1488	138	1408
7.12067	1489	141	1408
7.12728	1490	141	208
7.13313	1491	145	1408
7.14223	1492	145	1408
7.14884	1493	144	208
7.15804	1494	148	1408
7.1705	1495	151	1408
7.18669	1496	142	208
7.19253	1497	147	1408
7.20164	1498	144	1408
7.20489	1499	138	208
7.20834	1500	141	1408
7.21697	1501	140	1408
7.22358	1502	135	208
7.22655	1503	137	1408
7.23565	1504	137	1408
7.23939	1505	132	208
7.24236	1506	134	1408
7.25146	1507	135	1408
7.25807	1508	130	208
7.26104	1509	132	1408
7.26727	1510	129	1408
7.27675	1511	126	208
7.27973	1512	128	1408
7.28883	1513	125	1408
7.29831	1514	126	208
7.30129	1515	128	1408
7.31374	1516	125	1408
7.32323	1517	123	208
7.3262	1518	125	1408
7.34488	1519	122	1408
7.35437	1520	121	208
7.35734	1521	122	1408
7.36644	1522	120	1408
7.3764	1523	119	208
7.38225	1524	123	1408
7.39135	1525	121	1408
7.39796	1526	118	208
7.40141	1527	121	1408
7.41051	1528	121	1408
7.41712	1529	120	208
7.42297	1530	123	1408
7.43207	1531	125	1408
7.43868	1532	122	208
7.44165	1533	124	1408
7.45076	1534	125	1408
7.45737	1535	123	208
7.46034	1536	125	1408
7.47232	1537	128	1408
7.47893	1538	126	208
7.4819	1539	127	1408
7.491	1540	129	1408
7.50096	1541	126	208
7.50393	1542	128	1408
7.51591	1543	128	1408
7.52252	1544	126	208
7.52549	1545	128	1408
7.54083	1546	128	1408
7.54743	1547	126	208
7.55041	1548	128	1408
7.55951	1549	128	1408
7.56612	1550	126	208
7.57244	1551	131	1408
7.58155	1552	128	1408
7.59103	1553	129	208
7.594	1554	131	1408
7.60311	1555	132	1408
7.60971	1556	129	208
7.61269	1557	131	1408
7.62227	1558	132	1408
7.63175	1559	129	208
7.6376	1560	134	1408
7.6467	1561	134	1408
7.65331	1562	132	208
7.65628	1563	134	1408
7.66874	1564	134	1408
7.67822	1565	132	208
7.68119	1566	134	1408
7.6903	1567	135	1408
7.70313	1568	133	208
7.70611	1569	135	1408
7.71521	1570	135	1408
7.72182	1571	132	208
7.72479	1572	134	1408
7.73725	1573	135	1408
7.74385	1574	132	208
7.7497	1575	137	1408
7.75881	1576	134	1408
7.76541	1577	132	208
7.77174	1578	137	1408
7.78084	1579	138	1408
7.78745	1580	135	208
7.79042	1581	137	1408
7.80575	1582	138	1408
7.81236	1583	136	208
7.81533	1584	138	1408
7.82444	1585	138	1408
7.83392	1586	135	208
7.83689	1587	137	1408
7.84935	1588	138	1408
7.85596	1589	135	208
7.86181	1590	140	1408
7.87426	1591	138	1408
7.88375	1592	136	208
7.88672	1593	137	1408
7.89917	1594	139	1408
7.90578	1595	134	208
7.91163	1596	138	1408
7.92121	1597	137	1408
7.93357	1598	137	208
7.93654	1599	139	1408
7.949	1600	142	1408
7.95561	1601	141	208
7.95858	1602	143	1408
7.97056	1603	146	1408
7.98052	1604	145	208
7.98349	1605	147	1408
7.99547	1606	150	1408
8.00543	1607	151	208
8.0084	1608	153	1408
8.02038	1609	154	1408
8.03034	1610	151	208
8.03331	1611	153	1408
8.04529	1612	154	1408
8.0519	1613	147	208
8.05487	1614	149	1408
8.06398	1615	147	1408
8.07059	1616	141	208
8.07403	1617	144	1408
8.08314	1618	142	1408
8.08927	1619	138	208
8.09224	1620	140	1408
8.1047	1621	138	1408
8.11131	1622	132	208
8.11428	1623	134	1408
8.12338	1624	135	1408
8.12999	1625	129	208
8.13296	1626	131	1408
8.14494	1627	131	1408
8.1549	1628	129	208
8.15788	1629	131	1408
8.16986	1630	131	1408
8.17981	1631	129	208
8.18279	1632	131	1408
8.19477	1633	131	1408
8.20473	1634	129	208
8.2077	1635	131	1408
8.2168	1636	132	1408
8.22341	1637	129	208
8.22638	1638	131	1408
8.23836	1639	134	1408
8.24497	1640	131	208
8.24794	1641	133	1408
8.25705	1642	135	1408
8.26701	1643	133	208
8.26998	1644	134	1408
8.27908	1645	135	1408
8.28857	1646	135	208
8.29154	1647	137	1408
8.30064	1648	137	1408
8.3106	1649	135	208
8.31357	1650	137	1408
8.32555	1651	138	1408
8.33552	1652	136	208
8.33849	1653	138	1408
8.35047	1654	138	1408
8.36043	1655	136	208
8.3634	1656	138	1408
8.37538	1657	138	1408
8.38199	1658	135	208
8.38496	1659	137	1408
8.39406	1660	138	1408
8.40402	1661	136	208
8.40699	1662	137	1408
8.41897	1663	137	1408
8.42894	1664	136	208
8.43191	1665	137	1408
8.44389	1666	138	1408
8.45385	1667	136	208
8.45682	1668	137	1408
8.4688	1669	138	1408
8.47876	1670	136	208
8.48173	1671	138	1408
8.49084	1672	138	1408
8.49744	1673	137	208
8.50329	1674	141	1408
8.50952	1675	139	1408
8.52858	1676	135	208
8.53156	1677	137	1408
8.54353	1678	138	1408
8.55014	1679	135	208
8.55359	1680	137	1408
8.56557	1681	140	1408
8.57506	1682	138	208
8.57803	1683	140	1408
8.58713	1684	138	1408
8.59997	1685	137	208
8.60294	1686	139	1408
8.61204	1687	139	1408
8.62488	1688	138	208
8.62785	1689	140	1408
8.63695	1690	138	1408
8.64979	1691	138	208
8.65276	1692	140	1408
8.66187	1693	140	1408
8.67183	1694	138	208
8.6748	1695	140	1408
8.6839	1696	140	1408
8.69961	1697	138	208
8.70259	1698	140	1408
8.71217	1699	139	1408
8.72165	1700	138	208
8.72462	1701	140	1408
8.7366	1702	141	1408
8.74656	1703	138	208
8.74953	1704	140	1408
8.75864	1705	140	1408
8.77147	1706	138	208
8.77445	1707	140	1408
8.78355	1708	140	1408
8.79926	1709	142	208
8.80223	1710	144	1408
8.81134	1711	144	1408
8.82753	1712	145	208
8.8305	1713	147	1408
8.84248	1714	150	1408
8.85244	1715	148	208
8.85541	1716	150	1408
8.86451	1717	150	1408
8.87735	1718	145	208
8.88032	1719	147	1408
8.8923	1720	150	1408
8.89891	1721	144	208
8.90188	1722	146	1408
8.91099	1723	144	1408
8.91759	1724	138	208
8.92392	1725	143	1408
8.92967	1726	141	1408
8.93963	1727	135	208
8.9426	1728	137	1408
8.95171	1729	133	1408
8.96119	1730	129	208
8.96416	1731	131	1408
8.97374	1732	127	1408
8.98323	1733	123	208
8.9862	1734	125	1408
8.99865	1735	124	1408
9.00814	1736	123	208
9.01111	1737	125	1408
9.02309	1738	128	1408
9.04215	1739	120	208
9.04848	1740	125	1408
9.05758	1741	124	1408
9.06419	1742	120	208
9.07004	1743	125	1408
9.07914	1744	124	1408
9.0891	1745	123	208
9.09207	1746	125	1408
9.10405	1747	126	1408
9.11114	1748	123	208
9.11699	1749	127	1408
9.12609	1750	126	1408
9.13557	1751	125	208
9.13855	1752	127	1408
9.14813	1753	126	1408
9.15761	1754	125	208
9.16346	1755	129	1408
9.17256	1756	128	1408
9.17917	1757	125	208
9.18549	1758	129	1408
9.2037	1759	125	1408
9.21366	1760	125	208
9.21663	1761	127	1408
9.22861	1762	128	1408
9.23522	1763	125	208
9.23867	1764	127	1408
9.25065	1765	128	1408
9.26013	1766	126	208
9.26311	1767	128	1408
9.27556	1768	128	1408
9.28217	1769	125	208
9.28802	1770	130	1408
9.30048	1771	131	1408
9.30708	1772	128	208
9.31005	1773	130	1408
9.32251	1774	129	1408
9.332	1775	128	208
9.33497	1776	130	1408
9.34695	1777	131	1408
9.35978	1778	126	208
9.36275	1779	128	1408
9.37521	1780	129	1408
9.3847	1781	126	208
9.38767	1782	128	1408
9.40012	1783	131	1408
9.40961	1784	129	208
9.41258	1785	131	1408
9.42503	1786	132	1408
9.43452	1787	129	208
9.43749	1788	131	1408
9.44995	1789	131	1408
9.45943	1790	129	208
9.4624	1791	130	1408
9.47486	1792	129	1408
9.48769	1793	128	208
9.49354	1794	132	1408
9.506	1795	130	1408
9.51548	1796	127	208
9.52181	1797	131	1408
9.53379	1798	129	1408
9.54375	1799	129	208
9.54672	1800	130	1408
9.5587	1801	132	1408
9.56531	1802	128	208
9.56876	1803	130	1408
9.58073	1804	132	1408
9.58734	1805	128	208
9.59319	1806	133	1408
9.60229	1807	132	1408
9.61226	1808	131	208
9.61523	1809	133	1408
9.62721	1810	134	1408
9.63717	1811	133	208
9.64014	1812	135	1408
9.6617	1813	138	1408
9.67453	1814	138	208
9.67751	1815	140	1408
9.69571	1816	144	1408
9.70568	1817	142	208
9.71152	1818	147	1408
9.72398	1819	147	1408
9.73346	1820	145	208
9.73979	1821	150	1408
9.74889	1822	149	1408
9.7555	1823	145	208
9.75847	1824	147	1408
9.77045	1825	147	1408
9.77418	1826	141	208
9.78003	1827	146	1408
9.78626	1828	141	1408
9.79574	1829	138	208
9.79871	1830	140	1408
9.80782	1831	137	1408
9.82065	1832	129	208
9.82363	1833	131	1408
9.83608	1834	129	1408
9.84892	1835	123	208
9.85189	1836	125	1408
9.86722	1837	126	1408
9.87671	1838	122	208
9.87968	1839	124	1408
9.89501	1840	126	1408
9.90497	1841	125	208
9.90794	1842	127	1408
9.91992	1843	128	1408
9.92653	1844	126	208
9.9295	1845	128	1408
9.93861	1846	128	1408
9.94521	1847	127	208
9.95154	1848	132	1408
9.96064	1849	132	1408
9.96725	1850	130	208
9.97022	1851	132	1408
9.98555	1852	132	1408
9.99504	1853	129	208
10.0014	1854	133	1408
10.0138	1855	131	1408
10.0262	1856	129	208
10.0325	1857	133	1408
10.0445	1858	132	1408
10.0544	1859	128	208
10.0603	1860	133	1408
10.0694	1861	131	1408
10.0794	1862	129	208
10.0852	1863	134	1408
10.0943	1864	133	1408
10.1043	1865	132	208
10.1072	1866	134	1408
10.1192	1867	136	1408
10.1292	1868	135	208
10.1322	1869	137	1408
10.1413	1870	135	1408
10.1507	1871	134	208
10.1537	1872	136	1408
10.169	1873	138	1408
10.179	1874	136	208
10.182	1875	137	1408
10.2002	1876	138	1408
10.2101	1877	136	208
10.2131	1878	138	1408
10.2284	1879	138	1408
10.2351	1880	135	208
10.238	1881	137	1408
10.2534	1882	138	1408
10.2628	1883	137	208
10.2658	1884	139	1408
10.3621	1885	104	1408
10.3625	1886	93	208
10.3655	1887	95	1408
10.3683	1888	85	1408
10.3687	1889	73	208
10.3717	1890	75	1408
10.4253	1891	33	1408
10.4343	1892	31	208
10.4379	1893	33	1408
10.4489	1894	33	1408
10.4609	1895	33	208
10.4639	1896	35	1408
10.4885	1897	33	1408
10.4969	1898	30	208
10.5005	1899	33	1408
10.5121	1900	34	1408
10.5215	1901	31	208
10.5245	1902	33	1408
10.5351	1903	33	1408
10.5445	1904	30	208
10.5481	1905	33	1408
10.5602	1906	34	1408
10.5668	1907	31	208
10.5729	1908	35	1408
10.5793	1909	33	1408
10.5861	1910	31	208
10.5897	1911	33	1408
10.5983	1912	33	1408
10.6047	1913	30	208
10.6087	1914	33	1408
10.6173	1915	33	1408
10.6238	1916	30	208
10.6284	1917	33	1408
10.6435	1918	33	1408
10.6523	1919	31	208
10.6559	1920	33	1408
10.6684	1921	36	1408
10.675	1922	32	208
10.6808	1923	37	1408
10.6899	1924	37	1408
10.6966	1925	36	208
10.7	1926	38	1408
10.7091	1927	39	1408
10.7186	1928	39	208
10.7216	1929	41	1408
10.7307	1930	41	1408
10.7373	1931	40	208
10.7431	1932	44	1408
10.7522	1933	45	1408
10.7588	1934	42	208
10.7623	1935	45	1408
10.7743	1936	48	1408
10.7809	1937	46	208
10.7838	1938	48	1408
10.7929	1939	48	1408
10.8024	1940	49	208
10.8054	1941	51	1408
10.8145	1942	51	1408
10.8216	1943	50	208
10.8274	1944	55	1408
10.8365	1945	55	1408
10.8432	1946	53	208
10.849	1947	58	1408
10.8552	1948	56	1408
10.8647	1949	56	208
10.8677	1950	58	1408
10.8773	1951	59	1408
10.8839	1952	56	208
10.8897	1953	61	1408
10.9017	1954	65	1408
10.9083	1955	63	208
10.9146	1956	68	1408
10.9266	1957	71	1408
10.9332	1958	70	208
10.9395	1959	74	1408
10.9486	1960	75	1408
10.9581	1961	76	208
10.9611	1962	78	1408
10.9764	1963	84	1408
10.983	1964	83	208
10.9865	1965	84	1408
10.9985	1966	88	1408
11.008	1967	88	208
11.0114	1968	91	1408
11.0234	1969	94	1408
11.03	1970	92	208
11.0358	1971	96	1408
11.0421	1972	95	1408
11.0487	1973	92	208
11.0516	1974	94	1408
11.0608	1975	94	1408
11.0645	1976	90	208
11.0703	1977	94	1408
11.0761	1978	92	1408
11.0827	1979	89	208
11.0857	1980	91	1408
11.0948	1981	91	1408
11.0985	1982	87	208
11.1043	1983	92	1408
11.1106	1984	91	1408
11.1138	1985	87	208
11.1173	1986	90	1408
11.1259	1987	91	1408
11.1296	1988	88	208
11.1355	1989	93	1408
11.1417	1990	92	1408
11.1483	1991	92	208
11.1542	1992	97	1408
11.1604	1993	97	1408
11.167	1994	97	208
11.17	1995	98	1408
11.1791	1996	101	1408
11.1886	1997	98	208
11.192	1998	101	1408
11.2069	1999	103	1408
11.2135	2000	99	208
11.2198	2001	103	1408
11.2318	2002	104	1408
11.2417	2003	102	208
11.2447	2004	104	1408
11.2538	2005	104	1408
11.2604	2006	103	208
11.2663	2007	107	1408
11.2754	2008	108	1408
11.282	2009	106	208
11.285	2010	108	1408
11.2941	2011	109	1408
11.304	2012	111	208
11.307	2013	112	1408
11.3132	2014	112	1408
11.3198	2015	110	208
11.3257	2016	115	1408
11.3348	2017	116	1408
11.3414	2018	116	208
11.3444	2019	117	1408
11.3535	2020	119	1408
11.3601	2021	118	208
11.3659	2022	122	1408
11.375	2023	124	1408
11.3788	2024	120	208
11.3846	2025	125	1408
11.3937	2026	126	1408
11.4003	2027	125	208
11.4033	2028	127	1408
11.4124	2029	129	1408
11.419	2030	128	208
11.422	2031	129	1408
11.4311	2032	131	1408
11.4377	2033	130	208
11.4407	2034	132	1408
11.4498	2035	133	1408
11.4564	2036	132	208
11.4627	2037	137	1408
11.4684	2038	136	1408
11.4751	2039	135	208
11.4785	2040	137	1408
11.4876	2041	138	1408
11.4971	2042	140	208
11.5001	2043	142	1408
11.5092	2044	144	1408
11.5158	2045	142	208
11.5187	2046	144	1408
11.5307	2047	147	1408
11.5345	2048	144	208
11.5437	2049	147	1408
11.5528	2050	147	1408
11.5594	2051	147	208
11.5623	2052	148	1408
11.5743	2053	151	1408
11.5781	2054	148	208
11.5839	2055	150	1408
11.5964	2056	154	1408
11.6092	2057	148	208
11.615	2058	153	1408
11.6241	2059	154	1408
11.6308	2060	151	208
11.6337	2061	153	1408
11.6462	2062	154	1408
11.6528	2063	153	208
11.6586	2064	158	1408
11.6677	2065	159	1408
11.6744	2066	157	208
11.6773	2067	160	1408
11.6898	2068	159	1408
11.6964	2069	157	208
11.6994	2070	160	1408
11.7113	2071	163	1408
11.7213	2072	161	208
11.7243	2073	164	1408
11.7363	2074	163	1408
11.7462	2075	164	208
11.7492	2076	166	1408
11.7583	2077	165	1408
11.7678	2078	163	208
11.7712	2079	166	1408
11.7832	2080	168	1408
11.7927	2081	166	208
11.7957	2082	168	1408
11.8115	2083	166	1408
11.8209	2084	166	208
11.8239	2085	168	1408
11.8359	2086	172	1408
11.8487	2087	172	208
11.8517	2088	174	1408
11.8642	2089	176	1408
11.8708	2090	173	208
11.8737	2091	175	1408
11.8828	2092	175	1408
11.8923	2093	173	208
11.8953	2094	175	1408
11.9049	2095	175	1408
11.9144	2096	173	208
11.9173	2097	175	1408
11.9293	2098	175	1408
11.9364	2099	170	208
11.9423	2100	175	1408
11.9514	2101	172	1408
11.958	2102	169	208
11.9609	2103	171	1408
11.97	2104	169	1408
11.9766	2105	163	208
11.9825	2106	168	1408
11.9916	2107	166	1408
12.0016	2108	160	208
12.0045	2109	162	1408
12.0136	2110	159	1408
12.0231	2111	157	208
12.0261	2112	159	1408
12.0414	2113	160	1408
12.0514	2114	157	208
12.0544	2115	159	1408
12.0663	2116	163	1408
12.0729	2117	160	208
12.0759	2118	162	1408
12.0884	2119	163	1408
12.0979	2120	163	208
12.1008	2121	165	1408
12.1133	2122	166	1408
12.1228	2123	163	208
12.1257	2124	165	1408
12.1382	2125	166	1408
12.1477	2126	166	208
12.1507	2127	168	1408
12.1598	2128	168	1408
12.1664	2129	166	208
12.1698	2130	168	1408
12.1847	2131	172	1408
12.1913	2132	170	208
12.1942	2133	172	1408
12.2067	2134	172	1408
12.2162	2135	173	208
12.2192	2136	176	1408
12.2316	2137	175	1408
12.2411	2138	170	208
12.2441	2139	173	1408
12.2565	2140	172	1408
12.266	2141	170	208
12.269	2142	171	1408
12.2814	2143	174	1408
12.2909	2144	172	208
12.2939	2145	174	1408
12.3035	2146	173	1408
12.3158	2147	172	208
12.3188	2148	174	1408
12.3279	2149	172	1408
12.3379	2150	169	208
12.3437	2151	174	1408
12.3528	2152	172	1408
12.3599	2153	170	208
12.3658	2154	175	1408
12.3749	2155	175	1408
12.3848	2156	170	208
12.3907	2157	175	1408
12.3998	2158	175	1408
12.4093	2159	173	208
12.4122	2160	175	1408
12.4213	2161	172	1408
12.4217	2162	160	208
12.4247	2163	162	1408
12.4276	2164	153	1408
12.4342	2165	148	208
12.4371	2166	150	1408
12.4496	2167	150	1408
12.4591	2168	148	208
12.4621	2169	150	1408
12.4745	2170	151	1408
12.4811	2171	148	208
12.4841	2172	150	1408
12.4994	2173	151	1408
12.506	2174	148	208
12.509	2175	150	1408
12.5243	2176	151	1408
12.5309	2177	148	208
12.5339	2178	150	1408
12.5459	2179	150	1408
12.5525	2180	148	208
12.5559	2181	150	1408
12.5708	2182	150	1408
12.5774	2183	148	208
12.5809	2184	150	1408
12.5928	2185	150	1408
12.6023	2186	151	208
12.6053	2187	153	1408
12.6115	2188	152	1408
12.6181	2189	151	208
12.6211	2190	153	1408
12.6331	2191	157	1408
12.6368	2192	153	208
12.6398	2193	155	1408
12.646	2194	154	1408
12.6521	2195	148	208
12.6556	2196	150	1408
12.6676	2197	153	1408
12.6775	2198	148	208
12.6805	2199	150	1408
12.6925	2200	153	1408
12.702	2201	147	208
12.7049	2202	150	1408
12.7145	2203	150	1408
12.7269	2204	151	208
12.7299	2205	154	1408
12.7361	2206	150	1408
12.7456	2207	145	208
12.7485	2208	148	1408
12.7576	2209	147	1408
12.7643	2210	142	208
12.7672	2211	144	1408
12.7763	2212	141	1408
12.7829	2213	137	208
12.7859	2214	139	1408
12.795	2215	139	1408
12.8016	2216	134	208
12.8046	2217	136	1408
12.8137	2218	135	1408
12.8203	2219	132	208
12.8233	2220	133	1408
12.8324	2221	135	1408
12.839	2222	133	208
12.8424	2223	136	1408
12.8515	2224	137	1408
12.8577	2225	135	208
12.8606	2226	137	1408
12.8731	2227	138	1408
12.8797	2228	135	208
12.8856	2229	140	1408
12.898	2230	139	1408
12.9046	2231	138	208
12.9076	2232	140	1408
12.9196	2233	141	1408
12.9262	2234	139	208
12.9292	2235	141	1408
12.9383	2236	141	1408
12.9482	2237	142	208
12.9512	2238	144	1408
12.9603	2239	144	1408
12.9669	2240	141	208
12.9699	2241	143	1408
12.979	2242	144	1408
12.9885	2243	145	208
12.9914	2244	147	1408
13.0005	2245	147	1408
13.0071	2246	145	208
13.0106	2247	147	1408
13.0226	2248	150	1408
13.0263	2249	145	208
13.0322	2250	150	1408
13.0413	2251	151	1408
13.0507	2252	147	208
13.0537	2253	149	1408
13.0662	2254	151	1408
13.0757	2255	147	208
13.0786	2256	149	1408
13.0877	2257	150	1408
13.0977	2258	148	208
13.1007	2259	150	1408
13.1126	2260	153	1408
13.1192	2261	151	208
13.1222	2262	153	1408
13.1347	2263	153	1408
13.1413	2264	151	208
13.1443	2265	153	1408
13.1534	2266	154	1408
13.16	2267	150	208
13.1629	2268	152	1408
13.1749	2269	153	1408
13.1815	2270	151	208
13.1845	2271	153	1408
13.1936	2272	153	1408
13.2036	2273	151	208
13.2065	2274	153	1408
13.2156	2275	153	1408
13.2222	2276	151	208
13.2252	2277	153	1408
13.2372	2278	154	1408
13.2472	2279	151	208
13.2501	2280	154	1408
13.2592	2281	151	1408
13.2658	2282	148	208
13.2688	2283	151	1408
13.2813	2284	151	1408
13.2908	2285	148	208
13.2966	2286	153	1408
13.3277	2287	144	1408
13.3344	2288	139	208
13.3402	2289	143	1408
13.3527	2290	142	1408
13.3593	2291	140	208
13.3651	2292	144	1408
13.3742	2293	144	1408
13.3808	2294	140	208
13.3838	2295	142	1408
13.3929	2296	142	1408
13.3995	2297	139	208
13.403	2298	141	1408
13.4121	2299	141	1408
13.4215	2300	141	208
13.4245	2301	142	1408
13.4336	2302	142	1408
13.4402	2303	139	208
13.4461	2304	144	1408
13.4552	2305	143	1408
13.4618	2306	140	208
13.471	2307	144	1408
13.4959	2308	138	1408
13.5025	2309	136	208
13.5084	2310	138	1408
13.5179	2311	135	1408
13.5274	2312	136	208
13.5333	2313	138	1408
13.5457	2314	141	1408
13.5523	2315	139	208
13.5553	2316	140	1408
13.5644	2317	140	1408
13.5681	2318	134	208
13.574	2319	138	1408
13.5802	2320	135	1408
13.5863	2321	132	208
13.5927	2322	136	1408
13.5984	2323	133	1408
13.605	2324	130	208
13.608	2325	132	1408
13.6171	2326	131	1408
13.6237	2327	128	208
13.6272	2328	126	1408
13.6482	2329	122	1408
13.6582	2330	123	208
13.6612	2331	123	1408
13.6703	2332	122	1408
13.6798	2333	122	208
13.6861	2334	123	1408
13.6981	2335	123	1408
13.7047	2336	120	208
13.711	2337	126	1408
13.7201	2338	125	1408
13.7267	2339	122	208
13.7297	2340	123	1408
13.7417	2341	126	1408
13.7483	2342	125	208
13.7512	2343	127	1408
13.7604	2344	128	1408
13.7641	2345	125	208
13.7699	2346	129	1408
13.7762	2347	128	1408
13.7828	2348	127	208
13.7886	2349	131	1408
13.8073	2350	129	1408
13.8168	2351	126	208
13.8198	2352	127	1408
13.8322	2353	127	1408
13.8417	2354	124	208
13.8451	2355	126	1408
13.86	2356	128	1408
13.87	2357	124	208
13.8729	2358	126	1408
13.882	2359	127	1408
13.8915	2360	126	208
13.8945	2361	128	1408
13.9036	2362	127	1408
13.9102	2363	125	208
13.9165	2364	129	1408
13.9256	2365	129	1408
13.9322	2366	126	208
13.9381	2367	131	1408
13.9472	2368	130	1408
13.9538	2369	127	208
13.9601	2370	133	1408
13.9692	2371	132	1408
13.9758	2372	129	208
13.9817	2373	132	1408
13.9941	2374	132	1408
14.0007	2375	129	208
14.0066	2376	131	1408
14.0191	2377	129	1408
14.0285	2378	128	208
14.0349	2379	131	1408
14.044	2380	131	1408
14.0506	2381	129	208
14.0564	2382	132	1408
14.0655	2383	132	1408
14.0721	2384	130	208
14.0785	2385	132	1408
14.0876	2386	132	1408
14.0942	2387	130	208
14.1	2388	132	1408
14.1096	2389	132	1408
14.1191	2390	133	208
14.1221	2391	132	1408
14.134	2392	135	1408
14.1406	2393	132	208
14.147	2394	135	1408
14.1589	2395	134	1408
14.1656	2396	132	208
14.1719	2397	135	1408
14.1839	2398	134	1408
14.1905	2399	132	208
14.1968	2400	132	1408
14.2088	2401	134	1408
14.2154	2402	132	208
14.2217	2403	135	1408
14.2308	2404	135	1408
14.2374	2405	133	208
14.2433	2406	135	1408
14.2524	2407	135	1408
14.259	2408	132	208
14.2653	2409	135	1408
14.2773	2410	138	1408
14.2872	2411	138	208
14.2931	2412	141	1408
14.3084	2413	144	1408
14.315	2414	144	208
14.3242	2415	147	1408
14.3338	2416	144	1408
14.3399	2417	143	208
14.3491	2418	148	1408
14.3582	2419	145	1408
14.3711	2420	145	208
14.374	2421	146	1408
14.3832	2422	143	1408
14.3898	2423	136	208
14.3961	2424	141	1408
14.4052	2425	137	1408
14.4118	2426	134	208
14.4148	2427	136	1408
14.4239	2428	135	1408
14.4271	2429	130	208
14.4335	2430	134	1408
14.4392	2431	131	1408
14.4458	2432	127	208
14.4521	2433	129	1408
14.4641	2434	126	1408
14.477	2435	122	208
14.4799	2436	124	1408
14.4924	2437	128	1408
14.5019	2438	122	208
14.5048	2439	124	1408
14.5144	2440	125	1408
14.5268	2441	122	208
14.5297	2442	124	1408
14.5393	2443	125	1408
14.5488	2444	122	208
14.5547	2445	127	1408
14.5638	2446	127	1408
14.5708	2447	124	208
14.5767	2448	129	1408
14.5858	2449	128	1408
14.5924	2450	126	208
14.5983	2451	130	1408
14.6074	2452	130	1408
14.614	2453	126	208
14.6203	2454	132	1408
14.6294	2455	131	1408
14.6389	2456	128	208
14.6419	2457	130	1408
14.6543	2458	132	1408
14.6638	2459	129	208
14.6668	2460	131	1408
14.6759	2461	131	1408
14.6887	2462	129	208
14.6917	2463	131	1408
14.7008	2464	131	1408
14.7136	2465	129	208
14.7166	2466	131	1408
14.7262	2467	132	1408
14.7357	2468	129	208
14.7415	2469	134	1408
14.7506	2470	134	1408
14.7606	2471	132	208
14.7635	2472	134	1408
14.7726	2473	134	1408
14.7821	2474	132	208
14.7851	2475	134	1408
14.7942	2476	135	1408
14.8042	2477	133	208
14.8071	2478	135	1408
14.8191	2479	135	1408
14.8291	2480	133	208
14.8349	2481	137	1408
14.8411	2482	136	1408
14.854	2483	132	208
14.8598	2484	137	1408
14.8723	2485	137	1408
14.8818	2486	133	208
14.8847	2487	134	1408
14.8972	2488	135	1408
14.9072	2489	132	208
14.913	2490	136	1408
14.925	2491	135	1408
14.9316	2492	132	208
14.9379	2493	137	1408
14.947	2494	137	1408
14.9536	2495	134	208
14.9595	2496	138	1408
14.9719	2497	134	1408
14.9814	2498	132	208
14.9849	2499	134	1408
14.9997	2500	134	1408
15.0068	2501	131	208
15.0127	2502	135	1408
15.0246	2503	135	1408
15.0346	2504	132	208
15.0404	2505	137	1408
15.0495	2506	135	1408
15.0595	2507	132	208
15.0654	2508	137	1408
15.0778	2509	134	1408
15.0873	2510	132	208
15.0936	2511	137	1408
15.1056	2512	137	1408
15.1156	2513	137	208
15.1214	2514	141	1408
15.1339	2515	143	1408
15.1433	2516	141	208
15.1463	2517	143	1408
15.1588	2518	144	1408
15.1683	2519	139	208
15.1717	2520	141	1408
15.1837	2521	141	1408
15.1932	2522	139	208
15.1961	2523	141	1408
15.2086	2524	138	1408
15.2152	2525	135	208
15.2182	2526	136	1408
15.2302	2527	135	1408
15.2368	2528	129	208
15.2397	2529	131	1408
15.2522	2530	129	1408
15.2588	2531	123	208
15.2618	2532	125	1408
15.2738	2533	122	1408
15.2837	2534	120	208
15.2867	2535	122	1408
15.2987	2536	122	1408
15.3086	2537	120	208
15.3116	2538	122	1408
15.3236	2539	122	1408
15.3335	2540	120	208
15.3365	2541	122	1408
15.3485	2542	122	1408
15.3585	2543	120	208
15.3643	2544	124	1408
15.3768	2545	122	1408
15.3896	2546	121	208
15.3926	2547	122	1408
15.4079	2548	123	1408
15.4174	2549	119	208
15.4237	2550	123	1408
15.4357	2551	121	1408
15.4456	2552	121	208
15.4486	2553	122	1408
15.4606	2554	124	1408
15.4677	2555	120	208
15.4735	2556	125	1408
15.4826	2557	123	1408
15.4921	2558	123	208
15.4956	2559	124	1408
15.5075	2560	126	1408
15.5142	2561	122	208
15.52	2562	126	1408
15.5325	2563	128	1408
15.5391	2564	124	208
15.5449	2565	128	1408
15.554	2566	127	1408
15.564	2567	126	208
15.5669	2568	127	1408
15.5823	2569	129	1408
15.5918	2570	126	208
15.5947	2571	128	1408
15.6072	2572	129	1408
15.6167	2573	126	208
15.6196	2574	128	1408
15.6321	2575	129	1408
15.6416	2576	128	208
15.6446	2577	129	1408
15.6541	2578	129	1408
15.6665	2579	129	208
15.6695	2580	131	1408
15.6819	2581	131	1408
15.6914	2582	129	208
15.6944	2583	131	1408
15.7068	2584	131	1408
15.7163	2585	131	208
15.7193	2586	132	1408
15.7289	2587	131	1408
15.7417	2588	129	208
15.7476	2589	134	1408
15.7567	2590	132	1408
15.7666	2591	129	208
15.7725	2592	134	1408
15.7845	2593	135	1408
15.7944	2594	132	208
15.7974	2595	134	1408
15.8094	2596	135	1408
15.816	2597	131	208
15.8223	2598	136	1408
15.8343	2599	135	1408
15.8442	2600	132	208
15.8472	2601	134	1408
15.8592	2602	135	1408
15.8691	2603	133	208
15.875	2604	137	1408
15.8875	2605	138	1408
15.8941	2606	136	208
15.897	2607	138	1408
15.9152	2608	138	1408
15.9281	2609	137	208
15.9315	2610	138	1408
15.9497	2611	142	1408
15.9654	2612	138	208
15.9684	2613	139	1408
15.9837	2614	140	1408
15.9908	2615	136	208
15.9967	2616	140	1408
16.0087	2617	141	1408
16.0157	2618	137	208
16.0187	2619	139	1408
16.0307	2620	140	1408
16.0373	2621	132	208
16.0432	2622	137	1408
16.0523	2623	135	1408
16.0589	2624	130	208
16.0618	2625	131	1408
16.0743	2626	129	1408
16.0838	2627	122	208
16.0868	2628	124	1408
16.0992	2629	120	1408
16.1149	2630	116	208
16.1179	2631	118	1408
16.1332	2632	120	1408
16.1432	2633	117	208
16.1462	2634	119	1408
16.1581	2635	120	1408
16.1681	2636	119	208
16.1711	2637	120	1408
16.183	2638	121	1408
16.193	2639	120	208
16.196	2640	121	1408
16.208	2641	122	1408
16.215	2642	119	208
16.2209	2643	122	1408
16.2329	2644	123	1408
16.2428	2645	122	208
16.2458	2646	124	1408
16.2578	2647	125	1408
16.2706	2648	123	208
16.2736	2649	125	1408
16.2889	2650	125	1408
16.2989	2651	122	208
16.3019	2652	124	1408
16.3138	2653	125	1408
16.3238	2654	122	208
16.3268	2655	124	1408
16.3387	2656	125	1408
16.3487	2657	122	208
16.3546	2658	127	1408
16.3641	2659	126	1408
16.3765	2660	126	208
16.3795	2661	128	1408
16.3919	2662	129	1408
16.4014	2663	126	208
16.4044	2664	128	1408
16.4168	2665	129	1408
16.4297	2666	126	208
16.4355	2667	130	1408
16.448	2668	128	1408
16.4608	2669	126	208
16.4667	2670	130	1408
16.4791	2671	128	1408
16.4919	2672	126	208
16.4978	2673	129	1408
16.5069	2674	128	1408
16.5169	2675	127	208
16.5227	2676	131	1408
16.5318	2677	129	1408
16.5418	2678	128	208
16.5476	2679	132	1408
16.5567	2680	130	1408
16.5667	2681	129	208
16.5697	2682	131	1408
16.5816	2683	132	1408
16.5945	2684	129	208
16.5979	2685	131	1408
16.6099	2686	131	1408
16.6256	2687	129	208
16.6286	2688	131	1408
16.641	2689	132	1408
16.6568	2690	129	208
16.6597	2691	131	1408
16.6722	2692	133	1408
16.6817	2693	129	208
16.688	2694	134	1408
16.6971	2695	133	1408
16.7099	2696	132	208
16.7129	2697	134	1408
16.7249	2698	135	1408
16.7348	2699	134	208
16.7378	2700	135	1408
16.7531	2701	140	1408
16.766	2702	137	208
16.7814	2703	141	1408
16.7967	2704	141	1408
16.8062	2705	140	208
16.8125	2706	141	1408
16.8279	2707	141	1408
16.8374	2708	140	208
16.8437	2709	141	1408
16.8528	2710	139	1408
16.8594	2711	134	208
16.8624	2712	135	1408
16.8744	2713	134	1408
16.881	2714	129	208
16.8844	2715	130	1408
16.893	2716	129	1408
16.8996	2717	126	208
16.9088	2718	125	1408
16.9179	2719	121	1408
16.9308	2720	119	208
16.9462	2721	120	1408
16.9587	2722	117	1408
16.9715	2723	114	208
16.9774	2724	118	1408
16.9927	2725	117	1408
17.0055	2726	114	208
17.0118	2727	119	1408
17.0238	2728	119	1408
17.0338	2729	117	208
17.0368	2730	118	1408
17.0487	2731	119	1408
17.0587	2732	117	208
17.0645	2733	121	1408
17.077	2734	122	1408
17.0865	2735	120	208
17.0895	2736	121	1408
17.1019	2737	121	1408
17.1147	2738	122	208
17.1177	2739	124	1408
17.1297	2740	124	1408
17.1397	2741	122	208
17.1426	2742	123	1408
17.1546	2743	124	1408
17.1674	2744	125	208
17.1704	2745	126	1408
17.1829	2746	126	1408
17.1924	2747	125	208
17.1987	2748	129	1408
17.2107	2749	129	1408
17.2206	2750	126	208
17.2236	2751	128	1408
17.2356	2752	128	1408
17.2484	2753	129	208
17.2514	2754	131	1408
17.2638	2755	131	1408
17.2767	2756	129	208
17.2796	2757	131	1408
17.2916	2758	131	1408
17.3016	2759	129	208
17.3074	2760	134	1408
17.3199	2761	134	1408
17.3327	2762	132	208
17.3357	2763	134	1408
17.3477	2764	134	1408
17.3605	2765	132	208
17.3635	2766	134	1408
17.3759	2767	134	1408
17.3859	2768	132	208
17.3918	2769	137	1408
17.4037	2770	137	1408
17.4166	2771	135	208
17.4195	2772	137	1408
17.432	2773	137	1408
17.4448	2774	135	208
17.4478	2775	137	1408
17.4598	2776	138	1408
17.4726	2777	135	208
17.4761	2778	138	1408
17.4881	2779	139	1408
17.5038	2780	138	208
17.5067	2781	139	1408
17.5221	2782	140	1408
17.5349	2783	136	208
17.5412	2784	141	1408
17.5537	2785	137	1408
17.5723	2786	140	208
17.5752	2787	141	1408
17.5906	2788	144	1408
17.6005	2789	142	208
17.6064	2790	147	1408
17.616	2791	144	1408
17.6283	2792	145	208
17.6313	2793	146	1408
17.6437	2794	147	1408
17.6504	2795	142	208
17.6562	2796	146	1408
17.6687	2797	146	1408
17.6781	2798	142	208
17.6811	2799	144	1408
17.6936	2800	141	1408
17.7064	2801	135	208
17.7094	2802	137	1408
17.7185	2803	134	1408
17.7313	2804	126	208
17.7434	2805	123	1408
17.7559	2806	123	1408
17.7653	2807	121	208
17.7688	2808	122	1408
17.7836	2809	125	1408
17.7936	2810	123	208
17.7994	2811	126	1408
17.8119	2812	126	1408
17.8214	2813	124	208
17.8248	2814	125	1408
17.8368	2815	125	1408
17.8497	2816	126	208
17.8526	2817	127	1408
17.8646	2818	127	1408
17.8774	2819	127	208
17.8804	2820	129	1408
17.8929	2821	128	1408
17.9028	2822	126	208
17.9149	2823	129	1408
17.9269	2824	129	1408
17.9368	2825	127	208
17.9427	2826	129	1408
17.9551	2827	130	1408
17.9646	2828	129	208
17.971	2829	128	1408
17.9829	2830	131	1408
17.9929	2831	131	208
17.9987	2832	132	1408
18.0112	2833	132	1408
18.0207	2834	132	208
18.027	2835	133	1408
18.0423	2836	132	1408
18.0552	2837	129	208
18.061	2838	132	1408
18.0764	2839	131	1408
18.0925	2840	131	208
18.0955	2841	132	1408
18.1075	2842	132	1408
18.1175	2843	129	208
18.1233	2844	134	1408
18.1358	2845	133	1408
18.1452	2846	131	208
18.1516	2847	135	1408
18.1635	2848	135	1408
18.1735	2849	133	208
18.1794	2850	137	1408
18.1918	2851	137	1408
18.2013	2852	134	208
18.2076	2853	135	1408
18.2201	2854	135	1408
18.2324	2855	135	208
18.2416	2856	135	1408
18.257	2857	134	1408
18.2698	2858	135	208
18.2728	2859	135	1408
18.2852	2860	136	1408
18.2952	2861	134	208
18.3039	2862	138	1408
18.313	2863	136	1408
18.3259	2864	136	208
18.3322	2865	139	1408
18.3442	2866	139	1408
18.3541	2867	137	208
18.36	2868	138	1408
18.3724	2869	139	1408
18.3819	2870	136	208
18.3911	2871	141	1408
18.4064	2872	144	1408
18.4164	2873	142	208
18.4318	2874	144	1408
18.4438	2875	144	1408
18.4538	2876	142	208
18.4596	2877	144	1408
18.4721	2878	145	1408
18.4816	2879	142	208
18.4879	2880	144	1408
18.497	2881	141	1408
18.5036	2882	139	208
18.5128	2883	138	1408
18.5219	2884	137	1408
18.5285	2885	135	208
18.5377	2886	135	1408
18.5497	2887	131	1408
18.5596	2888	125	208
18.5626	2889	125	1408
18.5779	2890	124	1408
18.5908	2891	121	208
18.5966	2892	123	1408
18.6091	2893	124	1408
18.6186	2894	121	208
18.6278	2895	125	1408
18.6402	2896	126	1408
18.6497	2897	123	208
18.6527	2898	124	1408
18.6651	2899	125	1408
18.678	2900	125	208
18.681	2901	126	1408
18.6929	2902	126	1408
18.7058	2903	126	208
18.7087	2904	128	1408
18.7212	2905	128	1408
18.7307	2906	125	208
18.737	2907	129	1408
18.749	2908	128	1408
18.7589	2909	126	208
18.7681	2910	129	1408
18.7801	2911	129	1408
18.793	2912	129	208
18.7993	2913	129	1408
18.8117	2914	129	1408
18.8241	2915	130	208
18.8271	2916	131	1408
18.8395	2917	131	1408
18.849	2918	129	208
18.8553	2919	132	1408
18.8673	2920	132	1408
18.8773	2921	130	208
18.8831	2922	132	1408
18.8985	2923	131	1408
18.9084	2924	129	208
18.9143	2925	133	1408
18.9296	2926	131	1408
18.9424	2927	132	208
18.9454	2928	133	1408
18.9612	2929	132	1408
18.9736	2930	132	208
18.9765	2931	133	1408
18.9919	2932	134	1408
19.0018	2933	132	208
19.0048	2934	134	1408
19.0201	2935	135	1408
19.0296	2936	132	208
19.0331	2937	135	1408
19.0479	2938	134	1408
19.0612	2939	133	208
19.0642	2940	135	1408
19.0824	2941	138	1408
19.0953	2942	135	208
19.0982	2943	136	1408
19.1164	2944	137	1408
19.1293	2945	134	208
19.1322	2946	135	1408
19.1509	2947	136	1408
19.1604	2948	134	208
19.1667	2949	138	1408
19.1787	2950	138	1408
19.1887	2951	136	208
19.1916	2952	137	1408
19.2036	2953	137	1408
19.2165	2954	137	208
19.2228	2955	142	1408
19.2381	2956	144	1408
19.2538	2957	141	208
19.2568	2958	143	1408
19.2721	2959	144	1408
19.2854	2960	139	208
19.2913	2961	144	1408
19.3066	2962	144	1408
19.3161	2963	135	208
19.3224	2964	140	1408
19.3344	2965	138	1408
19.341	2966	133	208
19.344	2967	133	1408
19.3564	2968	134	1408
19.3631	2969	128	208
19.366	2970	129	1408
19.3785	2971	126	1408
19.388	2972	119	208
19.3938	2973	124	1408
19.4091	2974	123	1408
19.422	2975	119	208
19.425	2976	121	1408
19.4436	2977	122	1408
19.4565	2978	120	208
19.4594	2979	122	1408
19.4748	2980	122	1408
19.4843	2981	120	208
19.4877	2982	121	1408
19.5026	2983	124	1408
19.5125	2984	121	208
19.5184	2985	125	1408
19.5308	2986	125	1408
19.5403	2987	122	208
19.5433	2988	124	1408
19.5557	2989	126	1408
19.5652	2990	126	208
19.5682	2991	127	1408
19.5835	2992	128	1408
19.5997	2993	126	208
19.6027	2994	127	1408
19.618	2995	126	1408
19.6309	2996	122	208
19.6372	2997	126	1408
19.6554	2998	128	1408
19.6682	2999	124	208
19.6741	3000	128	1408
19.6837	3001	125	1408
19.696	3002	125	208
19.7023	3003	129	1408
19.7143	3004	129	1408
19.7243	3005	126	208
19.7273	3006	128	1408
19.7426	3007	130	1408
19.7521	3008	128	208
19.755	3009	129	1408
19.7704	3010	131	1408
19.7803	3011	129	208
19.7833	3012	130	1408
19.7986	3013	131	1408
19.8144	3014	129	208
19.8173	3015	131	1408
19.8331	3016	129	1408
19.8455	3017	129	208
19.8485	3018	130	1408
19.8638	3019	131	1408
19.8738	3020	129	208
19.8767	3021	130	1408
19.8921	3022	134	1408
19.902	3023	130	208
19.9079	3024	134	1408
19.9198	3025	133	1408
19.9327	3026	132	208
19.9357	3027	134	1408
19.9481	3028	134	1408
19.9609	3029	132	208
19.9639	3030	134	1408
19.9821	3031	135	1408
19.995	3032	131	208
19.9979	3033	133	1408
