0.01	0
0.01	0
0.01	0
0.01	0
0.01	0
0.01	0
0.01	0
0.01	0
0.01	0
0.01	0
0.01	0
0.013	0
0.013	0
0.017	0
0.133796	90
0.134796	90
0.146229	434
0.155317	650
0.156693	661
0.162533	783
0.167533	783
0.168533	783
0.173533	783
0.178533	783
0.178533	783
0.183533	783
0.188533	783
0.189533	783
0.194533	783
0.199533	783
0.200533	783
0.205533	783
0.210533	783
0.210533	783
0.215533	783
0.220533	783
0.221533	783
0.226533	783
0.231533	783
0.232533	783
0.237533	783
0.242458	882
0.242458	882
0.24777	965
0.25177	965
0.25177	965
0.25577	965
0.262946	965
0.262946	965
0.266946	965
0.282066	965
0.282066	965
0.286066	965
0.291154	965
0.291154	965
0.295154	965
0.303592	965
0.303592	965
0.307592	965
0.31316	965
0.31316	965
0.3256	965
0.33182	965
0.33182	965
0.34426	965
0.356228	965
0.356228	965
0.372016	965
0.38111	965
0.38111	965
0.390676	965
0.405992	965
0.405992	965
0.42178	965
0.428	965
0.428	965
0.443788	965
0.455756	965
0.455756	965
0.465322	1006
0.468322	1006
0.469322	1006
0.474416	1006
0.483982	1010
0.483982	1010
0.493076	1014
0.508864	1033
0.508864	1033
0.51221	1062
0.51621	1062
0.51621	1062
0.52021	1062
0.53422	1062
0.53422	1062
0.538092	1085
0.543397	1105
0.543397	1105
0.547397	1105
0.553262	1105
0.559109	1105
0.562927	1125
0.563927	1125
0.566927	1125
0.572021	1127
0.572021	1127
0.581587	1127
0.590681	1132
0.590681	1132
0.593681	1132
0.603599	1134
0.603599	1134
0.618917	1134
0.631361	1134
0.631361	1134
0.637583	1134
0.653375	1134
0.653375	1134
0.668693	1134
0.674915	1134
0.674915	1134
0.690233	1134
0.699803	1148
0.699803	1148
0.712247	1148
0.718469	1152
0.718469	1152
0.721343	1180
0.725343	1180
0.725343	1180
0.756199	1180
0.759169	1180
0.762169	1180
0.765773	1180
0.769222	1180
0.772222	1180
0.773222	1180
0.784548	1180
0.790296	1180
0.790296	1180
0.793644	1180
0.799392	1180
0.799392	1180
0.802733	1180
0.812211	1180
0.815181	1180
0.815181	1180
0.82179	1180
0.82476	1180
0.83051	1180
0.83051	1180
0.843438	1180
0.846312	1180
0.846312	1180
0.853012	1180
0.868342	1180
0.868342	1180
0.880794	1180
0.884144	1187
0.884144	1187
0.899948	1192
0.915278	1192
0.915278	1192
0.921502	1192
0.933956	1207
0.933956	1207
0.936956	1207
0.946408	1207
0.946408	1207
0.961738	1207
0.971314	1207
0.971314	1207
0.975048	1207
0.987132	1262
0.990006	1262
0.99388	1300
0.99388	1300
0.99688	1300
0.999117	1335
1.00012	1335
1.00237	1348
1.00534	1379
1.00634	1379
1.00934	1379
1.01134	1379
1.01234	1379
1.01583	1408
1.0178	1433
1.0188	1433
1.02167	1433
1.02367	1433
1.02442	1433
1.02642	1433
1.02939	1433
1.03026	1433
1.03226	1433
1.03526	1433
1.03526	1433
1.03801	1475
1.04127	1475
1.04127	1475
1.04424	1475
1.04611	1481
1.04711	1481
1.05134	1481
1.05468	1488
1.05468	1488
1.06379	1488
1.06713	1488
1.06713	1488
1.07289	1488
1.07911	1488
1.07911	1488
1.08534	1488
1.09156	1500
1.09156	1500
1.09779	1500
1.10737	1500
1.10737	1500
1.11312	1500
1.11982	1524
1.11982	1524
1.12182	1524
1.12469	1552
1.12469	1552
1.12795	1552
1.12992	1552
1.13092	1552
1.13467	1552
1.14137	1552
1.14137	1552
1.14424	1552
1.15047	1597
1.15047	1597
1.15247	1597
1.15622	1597
1.15622	1597
1.15957	1604
1.16244	1631
1.16244	1631
1.16482	1631
1.16866	1631
1.16866	1631
1.17154	1659
1.17339	1659
1.17339	1659
1.17824	1659
1.18111	1672
1.18111	1672
1.18734	1705
1.18934	1705
1.18934	1705
1.19169	1804
1.19494	1804
1.19494	1804
1.19691	1804
1.19891	1804
1.19978	1804
1.20178	1804
1.20304	1804
1.20304	1804
1.20601	1861
1.20801	1861
1.20801	1861
1.21088	1894
1.21261	1894
1.21558	1894
1.21846	1894
1.22171	1894
1.22468	1908
1.22755	1967
1.22855	1967
1.22955	1967
1.23128	1967
1.23425	2017
1.23425	2017
1.23713	2017
1.23813	2017
1.23913	2017
1.24335	2024
1.24958	2024
1.24958	2024
1.25293	2042
1.25393	2042
1.25493	2042
1.26203	2079
1.26303	2079
1.26403	2079
1.26825	2079
1.27448	2089
1.27448	2089
1.28405	2168
1.28505	2168
1.28605	2168
1.2898	2232
1.2908	2232
1.2918	2232
1.29938	2232
1.30038	2232
1.30138	2232
1.30561	2232
1.30661	2232
1.30761	2232
1.31806	2232
1.32428	2232
1.32428	2232
1.33386	2232
1.33673	2232
1.33673	2232
1.34296	2232
1.34918	2232
1.34918	2232
1.35253	2232
1.35828	2232
1.35828	2232
1.36786	2232
1.37121	2232
1.37121	2232
1.38031	2232
1.38366	2232
1.38366	2232
1.38988	2232
1.39563	2232
1.39563	2232
1.40233	2232
1.40808	2232
1.40808	2232
1.41191	2232
1.41766	2232
1.41766	2232
1.42388	2232
1.43011	2232
1.43011	2232
1.43345	2232
1.43968	2232
1.43968	2232
1.44256	2232
1.44256	2232
1.44456	2232
1.44879	2232
1.44879	2232
1.45017	2232
1.45017	2232
1.45214	2232
1.45353	2232
1.4555	2232
1.4555	2232
1.45838	2232
1.46126	2232
1.46126	2232
1.46364	2232
1.46364	2232
1.46561	2232
1.47036	2232
1.47036	2232
1.47419	2232
1.47994	2232
1.47994	2232
1.4833	2232
1.48416	2232
1.48713	2232
1.48851	2232
1.48951	2232
1.49384	2232
1.49484	2232
1.50007	2232
1.50007	2232
1.50294	2232
1.50965	2232
1.51065	2232
1.51165	2232
1.51636	2232
1.51736	2232
1.52297	2232
1.52594	2232
1.53217	2232
1.53355	2232
1.53552	2232
1.54127	2232
1.54213	2232
1.54511	2232
1.54611	2232
1.54836	2232
1.55133	2232
1.55421	2246
1.55794	2246
1.56379	2283
1.56479	2283
1.56479	2283
1.56753	2283
1.5705	2283
1.57625	2302
1.57998	2302
1.58295	2302
1.58871	2302
1.59244	2302
1.59541	2302
1.59829	2302
1.60154	2302
1.616	2302
1.61797	2302
1.63143	2302
1.64589	2302
1.64764	2302
1.66148	2302
1.67556	2319
1.67756	2319
1.69127	2319
1.70513	2319
1.71955	2319
1.72152	2319
1.73546	2319
1.75028	2319
1.76461	2319
1.77807	2330
1.7924	2417
1.80576	2553
1.80976	2553
1.81449	2585
1.81549	2585
1.81922	2585
1.82307	2585
1.82407	2585
1.82894	2596
1.83365	2596
1.83365	2596
1.8384	2596
1.8424	2596
1.8434	2596
1.84748	2596
1.85133	2596
1.85233	2596
1.85633	2596
1.86108	2596
1.86108	2596
1.86669	2596
1.87002	2596
1.87002	2596
1.87502	2596
1.87902	2596
1.88012	2596
1.88412	2596
1.88826	2596
1.88926	2596
1.89311	2596
1.89811	2596
1.89811	2596
1.90375	2596
1.90775	2596
1.90875	2596
1.91274	2596
1.91674	2596
1.91774	2596
1.92186	2596
1.92686	2596
1.92686	2596
1.93186	2596
1.93531	2596
1.93619	2596
1.94007	2596
1.94407	2596
1.94583	2596
1.94983	2596
1.95494	2596
1.95494	2596
1.95994	2596
1.96305	2596
1.96405	2596
1.96805	2596
1.97219	2596
1.97364	2596
1.97764	2596
1.98265	2596
1.98265	2596
1.9875	2596
1.99123	2596
1.99223	2596
1.9962	2596
2.00033	2596
2.00133	2596
2.00578	2596
2.01053	2596
2.01053	2596
2.01576	2596
2.01911	2596
2.02011	2596
2.02437	2596
2.02834	2596
2.02934	2596
2.03395	2596
2.03792	2596
2.03892	2596
2.04267	2596
2.0479	2596
2.0479	2596
2.0529	2596
2.05648	2596
2.05748	2596
2.06148	2596
2.06523	2596
2.06696	2596
2.07094	2596
2.07507	2596
2.07507	2596
2.08004	2596
2.08404	2596
2.08527	2596
2.08952	2596
2.09337	2596
2.09437	2596
2.0981	2596
2.10308	2596
2.10308	2596
2.10821	2596
2.11266	2596
2.11366	2596
2.11741	2596
2.12164	2596
2.12264	2596
2.12699	2596
2.13122	2596
2.13122	2596
2.13622	2596
2.14082	2596
2.14182	2596
2.14567	2596
2.14955	2596
2.1508	2596
2.15478	2596
2.159	2596
2.159	2596
2.16436	2596
2.16811	2596
2.16911	2596
2.17384	2596
2.17769	2596
2.17869	2596
2.18294	2596
2.18792	2596
2.18792	2596
2.19114	2596
2.19637	2596
2.19637	2596
2.20125	2596
2.20595	2596
2.20695	2596
2.21095	2596
2.21408	2596
2.21506	2596
2.21906	2596
2.22428	2596
2.22428	2596
2.22951	2596
2.23386	2596
2.23412	2596
2.23809	2596
2.24209	2596
2.24322	2596
2.24767	2596
2.25242	2596
2.25242	2596
2.25768	2596
2.26165	2596
2.26265	2596
2.26626	2596
2.27023	2596
2.27123	2596
2.27598	2596
2.28069	2596
2.28069	2596
2.28556	2596
2.28979	2596
2.29079	2596
2.29479	2596
2.2984	2596
2.29937	2596
2.30337	2596
2.30812	2596
2.30812	2596
2.31383	2596
2.31758	2596
2.31896	2596
2.32293	2596
2.32693	2596
2.32716	2596
2.33142	2596
2.33626	2596
2.33626	2596
2.342	2596
2.34597	2596
2.34597	2596
2.35058	2596
2.35458	2596
2.35542	2596
2.3593	2596
2.36356	2596
2.36453	2596
2.36888	2596
2.37314	2596
2.37314	2596
2.37811	2596
2.38286	2596
2.38359	2596
2.38756	2596
2.39144	2596
2.39244	2596
2.39667	2596
2.40167	2596
2.40167	2596
2.40625	2596
2.41025	2596
2.411	2596
2.41573	2596
2.4197	2596
2.4207	2596
2.42484	2596
2.42981	2596
2.42981	2596
2.43404	2596
2.43829	2596
2.43926	2596
2.44362	2596
2.44787	2596
2.44884	2596
2.45284	2596
2.45795	2596
2.45795	2596
2.46295	2596
2.46618	2596
2.46718	2596
2.4714	2596
2.4754	2596
2.4764	2596
2.48098	2596
2.48574	2596
2.48574	2596
2.49012	2596
2.49444	2596
2.49532	2596
2.49957	2596
2.50354	2596
2.50454	2596
2.50815	2596
2.51315	2596
2.51315	2596
2.51788	2596
2.52261	2596
2.52261	2596
2.52746	2596
2.53171	2596
2.53268	2596
2.53668	2596
2.54029	2596
2.54129	2596
2.54514	2596
2.55002	2596
2.55002	2596
2.55572	2596
2.55972	2596
2.56047	2596
2.56482	2596
2.56882	2596
2.56982	2596
2.57305	2596
2.57828	2596
2.57828	2596
2.58389	2596
2.58786	2596
2.58886	2596
2.59247	2596
2.59832	2596
2.59832	2596
2.60219	2596
2.60742	2596
2.60742	2596
2.61365	2596
2.617	2596
2.617	2596
2.62275	2596
2.62946	2596
2.62946	2596
2.63333	2596
2.63856	2596
2.63856	2596
2.64479	2596
2.65102	2596
2.65102	2596
2.65589	2596
2.6606	2596
2.6606	2596
2.66635	2596
2.6707	2596
2.6707	2596
2.67593	2596
2.68216	2596
2.68216	2596
2.68603	2596
2.69174	2596
2.69174	2596
2.69749	2596
2.70132	2596
2.70132	2596
2.70707	2596
2.7133	2596
2.7133	2596
2.71952	2596
2.72388	2596
2.72388	2596
2.72863	2596
2.73246	2596
2.73346	2596
2.73821	2596
2.74444	2596
2.74444	2596
2.74831	2596
2.75402	2596
2.75402	2596
2.75889	2596
2.76312	2596
2.76312	2596
2.76935	2596
2.7737	2596
2.7737	2596
2.77845	2596
2.78228	2596
2.78328	2596
2.78803	2596
2.79239	2596
2.79239	2596
2.79774	2596
2.80197	2596
2.80297	2596
2.81046	2596
2.81443	2596
2.81957	2596
2.82357	2596
2.8259	2376
2.82976	2376
2.83447	2376
2.83944	2376
2.84367	2376
2.84867	2376
2.8498	2376
2.85551	2376
2.85948	2376
2.86448	2376
2.86954	2376
2.86954	2376
2.87489	2376
2.87902	2376
2.88002	2376
2.88499	2376
2.88918	2376
2.89418	2376
2.89518	2376
2.89981	2376
2.90451	2376
2.90551	2376
2.91013	2376
2.9141	2376
2.91985	2376
2.92085	2376
2.92929	2376
2.93326	2376
2.938	2376
2.94397	2376
2.94711	2376
2.94808	2376
2.95308	2376
2.95856	2376
2.95856	2376
2.96341	2376
2.96814	2376
2.96914	2376
2.97311	2376
2.97825	2376
2.97922	2376
2.98322	2376
2.9888	2376
2.9898	2376
2.99455	2376
2.99881	2376
2.99981	2376
3.00478	2376
3.00939	2376
3.00939	2376
3.01436	2376
3.01936	2376
3.01936	2376
3.02482	2376
3.02953	2376
3.03091	2376
3.03491	2376
3.03959	2376
3.04485	2376
3.04582	2376
3.04968	2376
3.05442	2376
3.05542	2376
3.05969	2376
3.06466	2239
3.06566	2239
3.07042	2239
3.07518	2239
3.07618	2239
3.08195	2239
3.0867	2239
3.08797	2239
3.09294	2239
3.09769	2239
3.09769	2239
3.10283	2239
3.10768	2239
3.10868	2239
3.11368	2239
3.11828	2239
3.11928	2239
3.1245	2239
3.12926	2239
3.13064	2239
3.13549	2239
3.14084	2239
3.14184	2239
3.14607	2239
3.15183	2239
3.15183	2239
3.15683	2239
3.16131	2239
3.16231	2239
3.16728	2239
3.17251	2239
3.17351	2239
3.17826	2239
3.1835	2239
3.1845	2239
3.18911	2239
3.19495	2239
3.19595	2239
3.20071	2239
3.20544	2239
3.20544	2239
3.21029	2239
3.21554	2239
3.21699	2239
3.22187	2239
3.22612	2239
3.22712	2239
3.23271	2239
3.23756	2239
3.24244	2239
3.24344	2239
3.24867	2239
3.25342	2239
3.25442	2239
3.25913	2239
3.264	2239
3.264	2239
3.26923	2239
3.27423	2239
3.27546	2239
3.28069	2239
3.28556	2239
3.28656	2239
3.29117	2239
3.29614	2239
3.29714	2239
3.30263	2239
3.3076	2239
3.30848	2239
3.31383	2338
3.3177	2338
3.31896	2338
3.32341	2338
3.32841	2338
3.32941	2338
3.33389	2338
3.33874	2338
3.33974	2338
3.34487	2338
3.34884	2338
3.34984	2338
3.35445	2338
3.3593	2338
3.3603	2338
3.36418	2338
3.36988	2338
3.37088	2338
3.37563	2338
3.38034	2338
3.38034	2338
3.38534	2338
3.39082	2338
3.39182	2338
3.39579	2338
3.4004	2338
3.40525	2338
3.40625	2338
3.41148	2338
3.41548	2338
3.41648	2338
3.42196	2338
3.42681	2338
3.42681	2338
3.43155	2338
3.43652	2338
3.43752	2338
3.44227	2338
3.44697	2338
3.44797	2338
3.45272	2338
3.45843	2338
3.45843	2338
3.46369	2338
3.46802	2338
3.47327	2338
3.47725	2338
3.47825	2338
3.48348	2338
3.48861	2338
3.48958	2338
3.49346	2338
3.49819	2338
3.49916	2338
3.50416	2338
3.50964	2338
3.50964	2338
3.51449	2338
3.51984	2338
3.52084	2338
3.5246	2338
3.52933	2338
3.5303	2338
3.5353	2338
3.54091	2338
3.54091	2338
3.54576	2338
3.55089	2338
3.55186	2338
3.55586	2338
3.56432	2211
3.56432	2211
3.56919	2211
3.5749	2211
3.5759	2211
3.58065	2211
3.58635	2211
3.58635	2211
3.5921	2211
3.59881	2211
3.59881	2211
3.60368	2211
3.60839	2211
3.60939	2211
3.61414	2211
3.62037	2211
3.62037	2211
3.6266	2211
3.63195	2211
3.63195	2211
3.6367	2211
3.6424	2211
3.6424	2211
3.64728	2211
3.65203	2211
3.65476	2211
3.65974	2211
3.66449	2211
3.66722	2211
3.67307	2211
3.6789	2211
3.68365	2211
3.68365	2211
3.68936	2211
3.69423	2211
3.69423	2211
3.69946	2211
3.70507	2211
3.70507	2211
3.71004	2211
3.71667	2211
3.71667	2211
3.72167	2211
3.72625	2211
3.72725	2211
3.732	2211
3.73774	2211
3.73871	2211
3.74371	2211
3.74881	2211
3.74981	2211
3.75404	2211
3.7593	2211
3.76027	2211
3.76514	2211
3.77085	2211
3.77185	2211
3.77698	2211
3.78195	2211
3.78295	2211
3.78718	2211
3.79241	2211
3.79341	2211
3.79864	2211
3.80386	2211
3.80486	2211
3.81057	2248
3.81632	2248
3.81632	2248
3.82302	2248
3.82878	2248
3.82878	2248
3.83548	2248
3.84036	2248
3.84036	2248
3.84558	2248
3.85081	2248
3.85181	2248
3.85704	2248
3.86292	2248
3.86292	2248
3.86762	2248
3.87237	2248
3.87337	2248
3.87908	2248
3.88483	2248
3.88483	2248
3.89153	2248
3.89728	2248
3.89728	2248
3.90264	2248
3.90739	2248
3.90839	2248
3.91597	2248
3.9222	2248
3.9222	2248
3.92708	2248
3.93231	2248
3.93331	2248
3.93891	2248
3.94389	2248
3.94489	2248
3.94964	2248
3.95434	2248
3.95534	2248
3.96047	2248
3.96545	2248
3.96545	2248
3.97005	2248
3.9759	2248
3.9769	2248
3.98151	2248
3.98648	2248
3.98748	2248
3.99223	2248
3.99794	2248
3.99894	2248
4.00307	2248
4.00804	2248
4.00804	2248
4.01365	2248
4.01862	2248
4.01962	2248
4.02438	2248
4.02961	2248
4.03061	2248
4.03584	2248
4.04006	2248
4.04106	2248
4.04629	2248
4.05252	2248
4.05252	2248
4.05875	2248
4.06498	2248
4.06498	2248
4.06985	2248
4.07456	2248
4.07556	2248
4.08031	2248
4.08701	2248
4.08701	2248
4.09276	2248
4.09947	2248
4.09947	2248
4.10472	2248
4.10995	2248
4.11095	2248
4.1158	2248
4.12006	2248
4.12103	2248
4.12603	2248
4.13151	2248
4.13251	2248
4.13736	2248
4.14209	2248
4.14209	2248
4.14706	2248
4.15255	2248
4.15355	2248
4.15852	2248
4.16365	2248
4.16465	2248
4.1691	2248
4.17411	2248
4.17511	2248
4.18008	2248
4.18569	2248
4.18569	2248
4.19066	2248
4.19541	2248
4.19614	2248
4.20112	2248
4.20625	2248
4.20725	2248
4.21222	2248
4.21745	2248
4.2187	2248
4.22355	2248
4.22828	2248
4.22828	2248
4.23326	2248
4.23801	2248
4.23901	2248
4.24471	2248
4.24984	2248
4.25084	2248
4.25582	2248
4.26004	2248
4.26104	2248
4.26627	2248
4.27188	2248
4.27188	2248
4.27685	2248
4.2816	2248
4.2826	2248
4.28731	2248
4.29206	2248
4.29306	2248
4.29876	2248
4.30302	2248
4.30402	2248
4.30999	2248
4.3141	2248
4.3141	2248
4.31935	2248
4.32458	2248
4.32558	2248
4.33081	2248
4.33566	2248
4.33666	2248
4.34139	2248
4.34636	2248
4.34736	2248
4.35294	2596
4.35694	2596
4.35769	2596
4.36195	2596
4.36592	2596
4.36692	2596
4.37015	2596
4.37553	2596
4.37553	2596
4.38025	2596
4.38498	2596
4.38596	2596
4.38996	2596
4.39309	2596
4.39409	2596
4.39806	2596
4.40329	2596
4.40329	2596
4.40752	2596
4.41287	2596
4.41287	2596
4.4171	2596
4.4211	2596
4.4221	2596
4.42658	2596
4.43055	2596
4.43155	2596
4.4353	2596
4.44066	2596
4.44066	2596
4.44588	2596
4.44914	2596
4.45014	2596
4.45499	2596
4.45872	2596
4.45972	2596
4.46369	2596
4.46844	2596
4.46844	2596
4.47315	2596
4.47702	2596
4.47802	2596
4.48225	2596
4.48651	2596
4.48751	2596
4.49136	2596
4.49671	2596
4.49671	2596
4.50132	2596
4.50529	2596
4.50629	2596
4.51004	2596
4.51439	2596
4.51539	2596
4.51939	2596
4.52488	2596
4.52488	2596
4.52985	2596
4.53308	2596
4.53408	2596
4.5383	2596
4.54218	2596
4.54318	2596
4.54788	2596
4.55288	2596
4.55288	2596
4.55799	2596
4.56099	2596
4.56199	2596
4.56422	2596
4.56747	2596
4.56847	2596
4.57145	2596
4.57532	2596
4.57532	2596
4.57903	2596
4.5829	2596
4.5839	2596
4.58616	2596
4.59013	2596
4.59013	2596
4.59413	2596
4.59771	2596
4.59871	2596
4.60171	2596
4.60546	2596
4.60546	2596
4.60919	2596
4.61217	2596
4.61304	2596
4.61604	2596
4.62027	2596
4.62027	2596
4.62415	2596
4.62788	2596
4.62885	2596
4.63185	2596
4.63598	2596
4.63598	2596
4.63895	2596
4.64295	2596
4.64295	2596
4.64618	2596
4.64944	2596
4.65041	2596
4.65341	2596
4.65702	2596
4.65702	2596
4.66199	2596
4.66425	2596
4.66525	2596
4.66822	2596
4.67297	2596
4.67297	2596
4.6767	2596
4.67967	2596
4.68067	2596
4.68443	2596
4.69113	2596
4.69113	2596
4.69401	2596
4.70023	2596
4.70023	2596
4.70646	2596
4.71269	2596
4.71269	2596
4.71892	2596
4.72515	2596
4.72515	2596
4.72802	2596
4.73473	2596
4.73473	2596
4.74048	2596
4.74718	2596
4.74718	2596
4.75293	2596
4.75629	2596
4.75629	2596
4.76251	2596
4.76587	2596
4.76587	2596
4.77162	2596
4.77832	2596
4.77832	2596
4.7812	2596
4.78743	2596
4.78843	2596
4.79403	2596
4.80026	2596
4.80126	2596
4.80623	2596
4.81234	2596
4.81334	2596
4.81995	2596
4.82592	2596
4.82592	2596
4.83102	2596
4.83702	2596
4.83863	2596
4.8446	2596
4.84971	2596
4.85071	2596
4.85631	2596
4.86216	2596
4.86354	2596
4.86851	2596
4.87427	2596
4.876	2596
4.88185	2596
4.88707	2596
4.88707	2596
4.89295	2596
4.89665	2596
4.89765	2596
4.90153	2596
4.90576	2596
4.90676	2596
4.91063	2596
4.91534	2596
4.91534	2596
4.92021	2596
4.92444	2596
4.92544	2596
4.92918	2596
4.93316	2596
4.93829	2596
4.93829	2596
4.94326	2596
4.94749	2596
4.94749	2596
4.95271	2596
4.95672	2596
4.95772	2596
4.96194	2596
4.96517	2596
4.96617	2596
4.97005	2596
4.97575	2596
4.97575	2596
4.98063	2596
4.98485	2596
4.98586	2596
4.98985	2596
4.99308	2596
4.99434	2596
4.99831	2596
5.00392	2596
5.00392	2596
5.00877	2596
5.01212	2596
5.01312	2596
5.01712	2596
5.0216	2596
5.0226	2596
5.02658	2596
5.03171	2511
5.03171	2511
5.03655	2511
5.04029	2511
5.04129	2511
5.04526	2511
5.05039	2511
5.05139	2511
5.05536	2511
5.06097	2511
5.06097	2511
5.06594	2511
5.06969	2511
5.07069	2511
5.0744	2511
5.0794	2511
5.08015	2511
5.0845	2511
5.0885	2511
5.0895	2511
5.09411	2511
5.09883	2511
5.09983	2511
5.10357	2511
5.10854	2511
5.10854	2511
5.11367	2511
5.11764	2511
5.11864	2511
5.12387	2511
5.1271	2511
5.1281	2511
5.13298	2511
5.13768	2511
5.13768	2511
5.14243	2511
5.14678	2511
5.14778	2511
5.15178	2511
5.15627	2511
5.15727	2511
5.16111	2511
5.16611	2511
5.16611	2511
5.17169	2511
5.17569	2511
5.17644	2511
5.18017	2511
5.18515	2511
5.18515	2511
5.19028	2511
5.19425	2511
5.19513	2511
5.20086	2511
5.20471	2511
5.20571	2511
5.20996	2511
5.21481	2511
5.21481	2511
5.21954	2511
5.22339	2511
5.22439	2511
5.22865	2511
5.23349	2511
5.23449	2511
5.23823	2511
5.2432	2511
5.2432	2511
5.2483	2511
5.2523	2511
5.2533	2511
5.25788	2511
5.26288	2511
5.26363	2511
5.26799	2511
5.27186	2511
5.27286	2511
5.27757	2511
5.28144	2511
5.28244	2511
5.28667	2511
5.29167	2511
5.29167	2511
5.29625	2511
5.30025	2511
5.301	2511
5.30673	2511
5.31058	2511
5.31158	2511
5.31584	2511
5.32081	2511
5.32081	2511
5.32542	2511
5.32939	2511
5.33039	2511
5.33452	2511
5.33985	2511
5.34085	2511
5.3441	2511
5.34907	2511
5.34907	2511
5.35456	2511
5.35853	2511
5.35953	2511
5.36341	2511
5.36863	2511
5.36863	2511
5.37324	2511
5.37721	2511
5.37821	2511
5.38335	2511
5.38732	2511
5.38832	2511
5.39293	2511
5.3979	2511
5.3979	2511
5.40203	2511
5.406	2511
5.407	2511
5.41161	2511
5.41658	2511
5.41758	2511
5.42171	2511
5.42669	2511
5.42669	2511
5.43129	2511
5.43527	2511
5.43627	2511
5.44002	2511
5.44572	2511
5.44672	2511
5.4506	2511
5.45483	2511
5.45583	2511
5.46043	2511
5.46441	2511
5.46541	2511
5.46928	2511
5.47451	2511
5.47451	2511
5.47912	2511
5.48309	2511
5.48409	2511
5.48922	2511
5.49319	2511
5.49407	2511
5.4988	2511
5.50377	2511
5.50377	2511
5.50891	2511
5.51288	2511
5.51388	2511
5.51711	2511
5.52233	2511
5.52333	2511
5.52721	2511
5.53291	2511
5.53291	2511
5.53767	2511
5.54102	2511
5.54202	2511
5.54689	2511
5.5516	2511
5.5516	2511
5.55635	2511
5.5607	2511
5.5617	2511
5.56631	2511
5.57028	2511
5.57128	2511
5.57503	2511
5.58174	2511
5.58174	2511
5.58661	2511
5.59084	2511
5.59184	2511
5.59572	2511
5.60042	2511
5.60042	2511
5.6053	2511
5.60953	2511
5.61053	2511
5.6154	2511
5.61911	2511
5.62011	2511
5.62498	2511
5.62921	2511
5.62921	2511
5.63409	2511
5.63879	2511
5.63979	2511
5.64354	2511
5.64889	2511
5.64989	2511
5.65312	2511
5.65847	2511
5.65847	2511
5.66361	2511
5.66758	2511
5.66858	2511
5.67219	2511
5.67716	2511
5.67716	2511
5.68229	2511
5.68626	2511
5.68726	2511
5.69287	2511
5.69684	2511
5.69784	2511
5.70159	2511
5.7063	2511
5.7063	2511
5.71117	2511
5.7154	2511
5.7164	2511
5.72075	2511
5.72598	2511
5.72698	2511
5.73073	2511
5.73509	2511
5.73509	2511
5.74031	2511
5.74467	2511
5.74567	2511
5.74942	2511
5.75612	2511
5.75612	2511
5.76138	2511
5.76523	2511
5.76623	2511
5.7701	2511
5.77581	2511
5.77581	2511
5.78068	2511
5.78491	2511
5.78591	2511
5.79052	2511
5.79449	2511
5.79549	2511
5.79937	2511
5.8046	2511
5.8046	2511
5.8092	2511
5.81318	2511
5.81418	2511
5.81805	2511
5.82328	2511
5.82428	2511
5.82889	2511
5.83386	2511
5.83386	2511
5.83899	2511
5.84296	2511
5.84396	2511
5.84757	2511
5.85242	2511
5.85242	2511
5.85768	2511
5.862	2511
5.862	2511
5.86788	2511
5.8711	2511
5.8721	2511
5.87698	2511
5.88168	2511
5.88168	2511
5.88656	2511
5.89079	2511
5.89179	2511
5.8964	2511
5.90037	2511
5.90137	2511
5.90512	2511
5.91047	2511
5.91047	2511
5.91508	2511
5.91905	2511
5.92005	2511
5.92418	2511
5.92916	2511
5.93016	2511
5.93476	2511
5.93961	2511
5.93961	2511
5.94487	2511
5.94884	2511
5.94984	2511
5.95307	2511
5.9583	2511
5.9583	2511
5.96317	2511
5.96788	2511
5.96888	2511
5.97375	2511
5.97798	2511
5.97898	2511
5.98286	2511
5.98756	2511
5.98756	2511
5.99244	2511
5.99666	2511
5.99766	2511
6.00189	2511
6.00812	2511
6.00812	2511
6.01338	2511
6.01735	2511
6.01835	2511
6.02258	2511
6.0278	2511
6.0278	2511
6.03268	2511
6.03638	2511
6.03738	2511
6.04226	2511
6.04649	2511
6.04749	2511
6.05136	2511
6.05607	2511
6.05607	2511
6.0612	2511
6.06517	2511
6.06617	2511
6.0704	2511
6.07575	2511
6.07675	2511
6.08088	2511
6.08586	2511
6.08586	2511
6.09046	2511
6.09444	2511
6.09544	2511
6.09957	2511
6.10454	2511
6.10454	2511
6.10915	2511
6.114	2511
6.115	2511
6.11987	2511
6.12358	2511
6.12458	2511
6.12845	2511
6.13368	2511
6.13368	2511
6.13856	2511
6.14226	2511
6.14326	2511
6.14714	2511
6.15236	2511
6.15336	2511
6.15772	2511
6.16294	2511
6.16294	2511
6.16708	2511
6.17105	2511
6.17205	2511
6.17628	2511
6.18163	2511
6.18263	2511
6.18676	2511
6.19173	2511
6.19173	2511
6.19634	2511
6.20031	2511
6.20131	2511
6.20506	2511
6.21077	2511
6.21077	2511
6.21564	2511
6.21987	2511
6.22087	2511
6.22575	2511
6.22945	2511
6.23045	2511
6.23433	2511
6.23956	2511
6.23956	2511
6.24443	2511
6.24814	2511
6.24914	2511
6.25389	2511
6.25824	2511
6.25924	2511
6.26347	2511
6.2697	2511
6.2697	2511
6.27495	2511
6.27928	2511
6.27928	2511
6.28415	2511
6.28838	2511
6.28938	2511
6.29326	2511
6.29896	2511
6.29896	2511
6.30384	2511
6.30706	2511
6.30806	2511
6.31367	2511
6.31764	2511
6.31864	2511
6.3224	2511
6.32775	2511
6.32775	2511
6.33236	2511
6.33633	2511
6.33733	2511
6.34108	2511
6.34643	2511
6.34743	2511
6.35104	2511
6.35601	2511
6.35601	2511
6.36114	2511
6.36512	2511
6.36612	2511
6.37034	2511
6.37557	2511
6.37557	2511
6.38083	2511
6.38515	2511
6.38515	2511
6.39003	2511
6.39426	2511
6.39526	2511
6.39913	2511
6.40484	2511
6.40484	2511
6.40971	2511
6.41394	2511
6.41494	2511
6.41955	2511
6.42352	2511
6.42452	2511
6.42827	2511
6.43362	2511
6.43362	2511
6.43823	2511
6.4422	2511
6.4432	2511
6.44734	2511
6.45231	2511
6.45331	2511
6.45792	2511
6.46276	2511
6.46276	2511
6.46764	2511
6.47234	2511
6.47234	2511
6.47722	2511
6.48145	2511
6.48245	2511
6.48632	2511
6.49103	2511
6.49103	2511
6.4969	2511
6.50013	2511
6.50113	2511
6.50601	2511
6.51071	2511
6.51171	2511
6.51546	2511
6.52082	2511
6.52082	2511
6.52504	2511
6.53127	2511
6.53127	2511
6.53615	2511
6.54085	2511
6.54185	2511
6.54511	2511
6.55096	2511
6.55096	2511
6.55583	2511
6.55954	2511
6.56054	2511
6.56541	2511
6.56964	2511
6.57064	2511
6.57487	2511
6.57922	2511
6.57922	2511
6.5841	2511
6.58832	2511
6.58932	2511
6.59355	2511
6.5989	2511
6.5999	2511
6.60304	2511
6.60801	2511
6.60801	2511
6.61362	2511
6.61759	2511
6.61859	2511
6.62272	2511
6.62769	2511
6.62769	2511
6.6323	2511
6.63715	2511
6.63715	2511
6.64202	2511
6.64673	2511
6.64773	2511
6.6516	2511
6.65683	2511
6.65683	2511
6.66171	2511
6.66541	2511
6.66641	2511
6.67129	2511
6.67552	2511
6.67652	2511
6.68074	2511
6.6851	2511
6.6851	2511
6.69023	2511
6.6942	2511
6.6952	2511
6.69943	2511
6.70478	2511
6.70578	2511
6.70991	2511
6.71488	2511
6.71488	2511
6.71949	2511
6.72434	2511
6.72434	2511
6.72922	2511
6.73392	2511
6.73492	2511
6.7388	2511
6.74302	2511
6.74302	2511
6.7489	2511
6.7526	2511
6.7536	2511
6.75848	2511
6.76271	2511
6.76371	2511
6.76758	2511
6.77229	2511
6.77229	2511
6.77704	2511
6.78139	2511
6.78239	2511
6.78674	2511
6.79197	2511
6.79297	2511
6.7961	2511
6.80155	2511
6.80155	2511
6.80668	2511
6.81066	2511
6.81166	2511
6.81526	2511
6.82024	2511
6.82024	2511
6.82537	2511
6.82934	2511
6.83034	2511
6.83595	2511
6.83992	2511
6.84092	2511
6.84467	2511
6.8499	2511
6.8499	2511
6.85463	2511
6.8586	2511
6.8596	2511
6.86336	2511
6.86858	2511
6.86958	2511
6.87394	2511
6.87816	2511
6.87816	2511
6.8833	2511
6.88727	2511
6.88827	2511
6.89262	2511
6.89785	2511
6.89885	2511
6.90298	2511
6.90743	2511
6.90743	2511
6.91256	2511
6.91653	2511
6.91753	2511
6.92114	2511
6.92611	2511
6.92611	2511
6.93186	2511
6.93609	2511
6.93609	2511
6.94182	2511
6.9458	2511
6.9468	2511
6.95055	2511
6.95578	2511
6.95578	2511
6.97681	2511
6.98304	2511
6.98304	2511
6.98879	2511
6.99262	2511
6.99362	2511
6.99837	2511
7.00272	2511
7.00372	2511
7.00748	2511
7.0123	2511
7.0123	2511
7.01706	2511
7.02141	2511
7.02241	2511
7.02616	2511
7.03199	2511
7.03299	2511
7.03674	2511
7.04197	2511
7.04197	2511
7.04632	2511
7.05155	2511
7.05155	2511
7.05642	2511
7.06065	2511
7.06165	2511
7.065	2511
7.07023	2511
7.07023	2511
7.07598	2511
7.07981	2511
7.08081	2511
7.08569	2511
7.08992	2511
7.09092	2511
7.09467	2511
7.0995	2511
7.0995	2511
7.10425	2511
7.1086	2511
7.1096	2511
7.11335	2511
7.11818	2511
7.11918	2511
7.12393	2511
7.12916	2511
7.12916	2511
7.13489	2511
7.13886	2511
7.13986	2511
7.14362	2511
7.14884	2511
7.14884	2511
7.1532	2511
7.15742	2511
7.15842	2511
7.1633	2511
7.16753	2511
7.16853	2511
7.17276	2511
7.17711	2511
7.17711	2511
7.18224	2511
7.18669	2511
7.18769	2511
7.19144	2511
7.19767	2511
7.19767	2511
7.20677	2511
7.21012	2511
7.21112	2511
7.21635	2511
7.22258	2511
7.22258	2511
7.22746	2511
7.23216	2511
7.23216	2511
7.23704	2511
7.24126	2511
7.24226	2511
7.24614	2511
7.25184	2511
7.25184	2511
7.25672	2511
7.26095	2511
7.26195	2511
7.2663	2511
7.27053	2511
7.27153	2511
7.27528	2511
7.28063	2511
7.28063	2511
7.28524	2511
7.28921	2511
7.29021	2511
7.29444	2511
7.2997	2511
7.30067	2511
7.30492	2511
7.30977	2511
7.30977	2511
7.31412	2511
7.31838	2511
7.31935	2511
7.32361	2511
7.32858	2511
7.32858	2511
7.33371	2511
7.33768	2511
7.33868	2511
7.34329	2511
7.34726	2511
7.34826	2511
7.35202	2511
7.35772	2511
7.35772	2511
7.3626	2511
7.36682	2511
7.36782	2511
7.37118	2511
7.3764	2511
7.3774	2511
7.38116	2511
7.38651	2511
7.38651	2511
7.39112	2511
7.39509	2511
7.39609	2511
7.4007	2511
7.40567	2511
7.40667	2511
7.41067	2511
7.41565	2511
7.41565	2511
7.42065	2511
7.42488	2511
7.42513	2511
7.4291	2511
7.43471	2511
7.43471	2511
7.43968	2511
7.44356	2511
7.44482	2511
7.44979	2511
7.45314	2511
7.4544	2511
7.45837	2511
7.4635	2511
7.4635	2511
7.46835	2511
7.4727	2511
7.4737	2511
7.47793	2511
7.48266	2511
7.48366	2511
7.48751	2511
7.49238	2511
7.49238	2511
7.49761	2511
7.50149	2511
7.50249	2511
7.50619	2511
7.51107	2511
7.51107	2511
7.5163	2511
7.52065	2511
7.52165	2511
7.52688	2511
7.53063	2511
7.53101	2511
7.53598	2511
7.54021	2511
7.54021	2511
7.54556	2511
7.54931	2511
7.55017	2511
7.55514	2511
7.55989	2511
7.56089	2511
7.56415	2511
7.57	2511
7.57	2511
7.5747	2511
7.57858	2511
7.57958	2511
7.5838	2511
7.58816	2511
7.58916	2511
7.59338	2511
7.59838	2511
7.59838	2511
7.60396	2511
7.60796	2511
7.60872	2511
7.61297	2511
7.61782	2511
7.61782	2511
7.62255	2511
7.62652	2511
7.6274	2511
7.63275	2511
7.63601	2511
7.63701	2511
7.64186	2511
7.64611	2511
7.64611	2511
7.65144	2511
7.65531	2511
7.65657	2511
7.66054	2511
7.66527	2511
7.66627	2511
7.67012	2511
7.67525	2511
7.67525	2511
7.6801	2511
7.68483	2511
7.68583	2511
7.6898	2511
7.69494	2511
7.69494	2511
7.69978	2511
7.70352	2511
7.70452	2511
7.70949	2511
7.71362	2596
7.71459	2596
7.71859	2596
7.7222	2596
7.7232	2596
7.72717	2596
7.7323	2596
7.7323	2596
7.73728	2596
7.74188	2596
7.74288	2596
7.74673	2596
7.75061	2596
7.75161	2596
7.75531	2596
7.76019	2596
7.76019	2596
7.76542	2596
7.76977	2596
7.77077	2596
7.775	2596
7.779	2596
7.77975	2596
7.7831	2596
7.78898	2596
7.78898	2596
7.79368	2596
7.79756	2596
7.79856	2596
7.80278	2596
7.80666	2596
7.80766	2596
7.81136	2596
7.81624	2596
7.81624	2596
7.82147	2596
7.82534	2596
7.82634	2596
7.83005	2596
7.83492	2596
7.83592	2596
7.83915	2596
7.8435	2596
7.8445	2596
7.84873	2596
7.85361	2596
7.85361	2596
7.85884	2596
7.86219	2596
7.86319	2596
7.86742	2596
7.87142	2596
7.87242	2596
7.87652	2596
7.88152	2596
7.88152	2596
7.8861	2596
7.8901	2596
7.8911	2596
7.89523	2596
7.89968	2596
7.90068	2596
7.90443	2596
7.90966	2596
7.90966	2596
7.91354	2596
7.91627	2596
7.91724	2596
7.92012	2596
7.92437	2596
7.92437	2596
7.92834	2596
7.93122	2596
7.93222	2596
7.93592	2596
7.9398	2596
7.9398	2596
7.94206	2596
7.94603	2596
7.94603	2596
7.9509	2596
7.95364	2596
7.95461	2596
7.95748	2596
7.96174	2596
7.96174	2596
7.96571	2596
7.96859	2596
7.96959	2596
7.97232	2596
7.97617	2596
7.97617	2596
7.98042	2596
7.9834	2596
7.9844	2596
7.98727	2596
7.991	2596
7.991	2596
7.99585	2596
7.99811	2596
7.99911	2596
8.00208	2596
8.00696	2596
8.00696	2596
8.01066	2596
8.01354	2596
8.01454	2596
8.01779	2596
8.02076	2596
8.02176	2596
8.02464	2596
8.02837	2596
8.02837	2596
8.03222	2596
8.03522	2596
8.03648	2596
8.03945	2596
8.04332	2596
8.04332	2596
8.04706	2596
8.05003	2596
8.05103	2596
8.05416	2596
8.05813	2596
8.05813	2596
8.06213	2596
8.06574	2596
8.06671	2596
8.06971	2596
8.07384	2596
8.07384	2596
8.07782	2596
8.08082	2596
8.08182	2596
8.08442	2596
8.0884	2596
8.0884	2596
8.09253	2596
8.0955	2596
8.0965	2596
8.0995	2596
8.10211	2596
8.10311	2596
8.10908	2596
8.11518	2596
8.11606	2596
8.12276	2609
8.12764	2609
8.12864	2609
8.13474	2609
8.14057	2609
8.14057	2609
8.1467	2626
8.15268	2634
8.15343	2634
8.15878	2634
8.16439	2634
8.16539	2634
8.17124	2638
8.17646	2638
8.17746	2638
8.18369	2667
8.1893	2667
8.1893	2667
8.19527	2667
8.20138	2690
8.20138	2690
8.20798	2690
8.21383	2690
8.21383	2690
8.21709	2690
8.22294	2690
8.22294	2690
8.22667	2690
8.23152	2692
8.23152	2692
8.23577	2692
8.24062	2692
8.24062	2692
8.24497	2727
8.24997	2727
8.24997	2727
8.25355	2727
8.25755	2727
8.25855	2727
8.26266	2727
8.26653	2741
8.26753	2741
8.27126	2741
8.27511	2741
8.27611	2741
8.28037	2741
8.28422	2741
8.2856	2741
8.28957	2741
8.29357	2741
8.29357	2741
8.29715	2741
8.30202	2741
8.30202	2741
8.30625	2741
8.31051	2763
8.31151	2763
8.31548	2770
8.31909	2770
8.32009	2770
8.32406	2770
8.32819	2783
8.32819	2783
8.33316	2783
8.33704	2783
8.33704	2783
8.34174	2783
8.34562	2787
8.34662	2787
8.35085	2787
8.35485	2787
8.35585	2787
8.35943	2787
8.36343	2787
8.36343	2787
8.36756	2787
8.37153	2787
8.37253	2787
8.37614	2787
8.38011	2787
8.38111	2787
8.38572	2787
8.38972	2787
8.38972	2787
8.39344	2787
8.3977	2787
8.3987	2787
8.40267	2787
8.40602	2787
8.40728	2787
8.41125	2787
8.415	2787
8.415	2787
8.41936	2787
8.42371	2787
8.42471	2787
8.42894	2787
8.43281	2787
8.43381	2787
8.43704	2787
8.44192	2787
8.44192	2787
8.44565	2787
8.4495	2787
8.45088	2787
8.45485	2787
8.4586	2787
8.45998	2787
8.46395	2787
8.46783	2787
8.46783	2787
8.47153	2787
8.47579	2787
8.47679	2787
8.48064	2787
8.48489	2787
8.48589	2787
8.48986	2787
8.49309	2787
8.49309	2787
8.49744	2787
8.50132	2787
8.50232	2787
8.50655	2787
8.51042	2787
8.51142	2787
8.51513	2787
8.51913	2787
8.51913	2787
8.52326	2787
8.52723	2787
8.52823	2787
8.53284	2787
8.53681	2787
8.53781	2787
8.54194	2787
8.54592	2787
8.54592	2787
8.54914	2787
8.5535	2787
8.5545	2787
8.55825	2787
8.5626	2787
8.5636	2787
8.5676	2787
8.57118	2787
8.57118	2787
8.57518	2787
8.58031	2787
8.58031	2787
8.58464	2787
8.58889	2787
8.58986	2787
8.59386	2787
8.598	2787
8.598	2787
8.60184	2787
8.60658	2787
8.60658	2787
8.61055	2787
8.61442	2787
8.61568	2787
8.61965	2787
8.62388	2787
8.62388	2787
8.62888	2787
8.63249	2787
8.63249	2787
8.63646	2787
8.64059	2787
8.64159	2787
8.64544	2787
8.64917	2787
8.65017	2787
8.65414	2787
8.6584	2787
8.6584	2787
8.66225	2787
8.6665	2787
8.66748	2787
8.67148	2787
8.67508	2787
8.67608	2787
8.68093	2787
8.68419	2787
8.68419	2787
8.68816	2787
8.69216	2787
8.69377	2787
8.69774	2787
8.70149	2787
8.70287	2787
8.70684	2787
8.71072	2787
8.71072	2787
8.71442	2787
8.7183	2787
8.7193	2787
8.72353	2787
8.72726	2787
8.72826	2787
8.73223	2787
8.73636	2787
8.73636	2787
8.74034	2787
8.74434	2787
8.74509	2787
8.74944	2787
8.75379	2787
8.75479	2787
8.75802	2787
8.7629	2787
8.7629	2787
8.76615	2787
8.77	2787
8.771	2787
8.77573	2787
8.77958	2787
8.78058	2787
8.78484	2787
8.78868	2787
8.78868	2787
8.79251	2787
8.79651	2787
8.79751	2787
8.80162	2787
8.80562	2787
8.80662	2787
8.81072	2787
8.81407	2787
8.81407	2787
8.81833	2787
8.8223	2787
8.82318	2787
8.82743	2787
8.8314	2787
8.83228	2787
8.83611	2787
8.84011	2787
8.84011	2787
8.84424	2787
8.84821	2787
8.84921	2787
8.85334	2787
8.85732	2787
8.85867	2787
8.86292	2787
8.8669	2787
8.8669	2787
8.87003	2787
8.874	2787
8.875	2787
8.8797	2787
8.8837	2787
8.8847	2787
8.88884	2787
8.89268	2787
8.89268	2787
8.89642	2787
8.90139	2787
8.90139	2787
8.90552	2787
8.91037	2787
8.91037	2787
8.91462	2787
8.91807	2787
8.91907	2787
8.9232	2787
8.92718	2787
8.92718	2787
8.93105	2787
8.93628	2787
8.93628	2787
8.94001	2787
8.94498	2787
8.94598	2787
8.94912	2787
8.95309	2787
8.95309	2787
8.95822	2787
8.96219	2787
8.96219	2787
8.96642	2787
8.97077	2787
8.97177	2787
8.97552	2787
8.97988	2787
8.98088	2787
8.98461	2787
8.98858	2787
8.98858	2787
8.99233	2787
8.99756	2787
8.99756	2787
9.00129	2787
9.00526	2787
9.00626	2787
9.01014	2787
9.01437	2787
9.01437	2787
9.01912	2787
9.02347	2787
9.02347	2787
9.0272	2787
9.03118	2787
9.03218	2787
9.03693	2787
9.04116	2787
9.04116	2787
9.04589	2787
9.04986	2787
9.05074	2787
9.05409	2787
9.05809	2787
9.05809	2787
9.06222	2787
9.06719	2787
9.06719	2787
9.07132	2787
9.0753	2787
9.0763	2787
9.0809	2787
9.08475	2818
9.08475	2818
9.08801	2818
9.09298	2818
9.09386	2818
9.09771	2818
9.10156	2818
9.10256	2818
9.10644	2818
9.11066	2818
9.11066	2818
9.11492	2818
9.11889	2818
9.11924	2818
9.1235	2818
9.12747	2818
9.12747	2818
9.13122	2818
9.13558	2818
9.13658	2818
9.14045	2818
9.14416	2818
9.14516	2818
9.14903	2818
9.15326	2818
9.15326	2818
9.15752	2818
9.16149	2818
9.16249	2818
9.1661	2818
9.17007	2818
9.17007	2818
9.17482	2818
9.17817	2818
9.17917	2818
9.1839	2818
9.18775	2818
9.18775	2818
9.19163	2818
9.19686	2818
9.19686	2818
9.20011	2818
9.20408	2818
9.20508	2818
9.20944	2818
9.21366	2818
9.21366	2818
9.21754	2818
9.22177	2818
9.22277	2818
9.22602	2818
9.231	2818
9.231	2818
9.23422	2818
9.23858	2818
9.23958	2818
9.24333	2818
9.24768	2818
9.24868	2818
9.25291	2818
9.25626	2818
9.25626	2818
9.26014	2818
9.26536	2818
9.26536	2818
9.2691	2818
9.27307	2818
9.27407	2818
9.27882	2818
9.28405	2818
9.28405	2818
9.2883	2818
9.29228	2818
9.29315	2818
9.29788	2818
9.30186	2818
9.30186	2818
9.30573	2818
9.30996	2818
9.31096	2818
9.31469	2818
9.31854	2818
9.31854	2818
9.32242	2818
9.32764	2818
9.32764	2818
9.3319	2818
9.33587	2818
9.33675	2818
9.34048	2818
9.34445	2818
9.34445	2818
9.34833	2818
9.35256	2818
9.35356	2818
9.35781	2818
9.36126	2818
9.36126	2818
9.36501	2818
9.36936	2818
9.37036	2818
9.37412	2818
9.37847	2818
9.37947	2818
9.3832	2818
9.38717	2818
9.38717	2818
9.3913	2818
9.39615	2818
9.39615	2818
9.40041	2818
9.40438	2818
9.40538	2818
9.40999	2818
9.41396	2818
9.41396	2818
9.41784	2818
9.42106	2818
9.42206	2818
9.42694	2818
9.43064	2818
9.43064	2818
9.4349	2818
9.43975	2818
9.43975	2818
9.443	2818
9.44798	2818
9.44885	2818
9.45258	2818
9.45656	2818
9.45656	2818
9.46043	2818
9.46466	2818
9.46566	2818
9.46992	2818
9.47389	2818
9.47389	2818
9.47712	2818
9.48147	2818
9.48247	2818
9.48622	2818
9.49057	2818
9.49157	2818
9.4958	2818
9.49915	2818
9.49915	2818
9.5049	2818
9.50826	2818
9.50826	2818
9.51213	2818
9.51784	2818
9.51784	2818
9.52171	2818
9.52694	2818
9.52694	2818
9.5302	2818
9.53417	2818
9.53517	2818
9.53952	2818
9.54375	2818
9.54375	2818
9.5485	2818
9.55185	2818
9.55285	2818
9.55611	2818
9.56008	2818
9.56108	2818
9.56569	2818
9.56966	2818
9.56966	2818
9.57341	2818
9.57776	2818
9.57876	2818
9.5825	2818
9.58634	2818
9.58634	2818
9.59022	2818
9.59545	2818
9.59545	2818
9.5997	2818
9.60368	2818
9.60468	2818
9.60828	2818
9.61226	2818
9.61226	2818
9.61701	2818
9.62036	2818
9.62136	2818
9.62524	2818
9.62994	2818
9.63094	2818
9.6342	2818
9.63904	2818
9.63904	2818
9.6433	2818
9.64727	2818
9.64827	2818
9.65288	2818
9.65685	2818
9.65685	2818
9.66073	2818
9.66496	2818
9.66596	2818
9.66983	2818
9.67354	2818
9.67354	2818
9.67741	2818
9.68264	2818
9.68264	2818
9.6869	2818
9.69087	2818
9.69187	2818
9.6951	2818
9.69945	2818
9.69945	2818
9.7042	2818
9.70755	2818
9.70855	2818
9.71281	2818
9.71678	2818
9.71778	2818
9.72139	2818
9.72536	2818
9.72536	2818
9.72911	2818
9.73346	2818
9.73446	2818
9.73882	2818
9.74204	2818
9.74204	2818
9.74692	2818
9.75115	2818
9.75115	2818
9.75588	2818
9.75985	2818
9.76085	2818
9.76498	2818
9.76983	2818
9.76983	2818
9.77309	2818
9.77706	2818
9.77806	2818
9.78241	2818
9.78664	2818
9.78664	2818
9.79052	2818
9.79474	2818
9.79574	2818
9.799	2818
9.80397	2818
9.80397	2818
9.8072	2818
9.81155	2818
9.81255	2818
9.8163	2818
9.82066	2818
9.82166	2818
9.82539	2818
9.82936	2818
9.82936	2818
9.83349	2818
9.83834	2818
9.83834	2818
9.8426	2818
9.84604	2818
9.84704	2818
9.85118	2818
9.85515	2818
9.85515	2818
9.8599	2818
9.86325	2818
9.86425	2818
9.8686	2818
9.87283	2818
9.87283	2818
9.87671	2818
9.88194	2818
9.88194	2818
9.88519	2818
9.88916	2818
9.89016	2818
9.89452	2818
9.89874	2818
9.89874	2818
9.9035	2818
9.90685	2818
9.90785	2818
9.91158	2818
9.91555	2818
9.91655	2818
9.92068	2818
9.92553	2818
9.92553	2818
9.92979	2818
9.93376	2818
9.93476	2818
9.93811	2818
9.94234	2818
9.94234	2818
9.94622	2818
9.95044	2818
9.95144	2818
9.9557	2818
9.95967	2818
9.95967	2818
9.96328	2818
9.96725	2818
9.96825	2818
9.972	2818
9.97636	2818
9.97736	2818
9.98171	2818
9.98594	2818
9.98594	2818
9.98981	2818
9.99404	2818
9.99404	2818
9.9983	2818
10.0023	2818
10.0033	2818
10.0079	2818
10.0118	2818
10.0118	2818
10.0156	2818
10.02	2818
10.021	2818
10.0248	2818
10.0285	2818
10.0285	2818
10.0324	2818
10.0376	2818
10.0376	2818
10.0419	2818
10.0459	2818
10.0469	2818
10.0501	2818
10.0544	2818
10.0544	2818
10.0592	2818
10.0625	2818
10.0635	2818
10.0673	2818
10.0713	2818
10.0723	2818
10.0764	2818
10.0812	2818
10.0812	2818
10.0855	2818
10.0895	2818
10.0905	2818
10.0941	2818
10.098	2818
10.098	2818
10.1029	2818
10.1061	2818
10.1071	2818
10.111	2818
10.1157	2818
10.1157	2818
10.12	2818
10.1248	2818
10.1248	2818
10.1281	2818
10.1321	2818
10.1331	2818
10.1373	2818
10.1416	2818
10.1416	2818
10.1464	2818
10.1497	2818
10.1507	2818
10.1546	2818
10.1583	2818
10.1593	2818
10.1636	2818
10.1676	2818
10.1676	2818
10.1713	2818
10.1757	2818
10.1767	2818
10.1805	2818
10.1842	2818
10.1842	2818
10.1881	2818
10.1924	2818
10.1933	2818
10.1972	2818
10.2019	2818
10.2029	2818
10.2062	2818
10.2101	2818
10.2101	2818
10.2141	2818
10.2182	2818
10.2192	2818
10.2232	2818
10.2278	2818
10.2278	2818
10.2317	2818
10.236	2818
10.2369	2818
10.2402	2818
10.2442	2818
10.2442	2818
10.2482	2818
10.2527	2818
10.2537	2818
10.2577	2818
10.2618	2818
10.2628	2818
10.2667	2818
10.2705	2818
10.2705	2818
10.2743	2818
10.2787	2818
10.2797	2818
10.2834	2818
10.2878	2818
10.2878	2818
10.2918	2818
10.2954	2818
10.2963	2818
10.3003	2818
10.3045	2818
10.3054	2818
10.3093	2818
10.313	2818
10.313	2818
10.317	2818
10.3213	2818
10.3223	2818
10.3261	2818
10.3304	2818
10.3304	2818
10.3344	2818
10.339	2818
10.3399	2818
10.3438	2818
10.3471	2818
10.3471	2818
10.351	2818
10.3553	2818
10.3563	2818
10.3605	2818
10.3635	2818
10.3644	2818
10.3677	2818
10.3706	2831
10.372	2831
10.3749	2839
10.3772	2839
10.3772	2839
10.3812	2839
10.3844	2839
10.3844	2839
10.3874	2839
10.3917	2839
10.3917	2839
10.3946	2839
10.3979	2839
10.3989	2839
10.4017	2844
10.4041	2844
10.4051	2844
10.409	2844
10.4117	2844
10.4117	2844
10.4157	2844
10.4189	2844
10.4189	2844
10.4219	2844
10.4259	2844
10.4259	2844
10.428	2844
10.431	2844
10.432	2844
10.435	2844
10.4386	2844
10.4396	2844
10.4425	2844
10.4455	2844
10.4455	2844
10.4497	2844
10.4526	2844
10.4526	2844
10.4553	2844
10.4593	2844
10.4593	2844
10.4625	2844
10.4655	2852
10.4665	2852
10.4695	2852
10.4726	2852
10.4736	2852
10.4766	2852
10.4796	2852
10.4796	2852
10.4832	2852
10.4861	2852
10.4861	2852
10.4891	2852
10.4933	2852
10.4933	2852
10.4965	2852
10.4995	2852
10.5005	2852
10.5035	2852
10.5061	2852
10.5071	2852
10.5101	2865
10.5133	2865
10.5133	2865
10.5163	2865
10.5205	2865
10.5205	2865
10.5234	2865
10.5268	2865
10.5278	2865
10.53	2865
10.533	2865
10.534	2865
10.5373	2865
10.5402	2865
10.5402	2865
10.5435	2865
10.5497	2865
10.5507	2865
10.5559	2901
10.5608	2930
10.5618	2930
10.566	2930
10.5713	2959
10.5723	2959
10.5772	2974
10.5828	2974
10.5838	2974
10.5881	2992
10.5931	2992
10.5931	2992
10.5982	3066
10.6035	3066
10.6045	3066
10.6097	3098
10.615	3098
10.615	3098
10.6197	3125
10.6241	3125
10.6251	3125
10.6307	3125
10.6346	3125
10.6355	3125
10.6409	3135
10.645	3143
10.645	3143
10.7289	3217
10.7322	3217
10.7352	3217
10.738	3217
10.7429	3217
10.7448	3217
10.7476	3217
10.752	3217
10.752	3217
10.7567	3217
10.7591	3217
10.7601	3217
10.7663	3217
10.7697	3217
10.7707	3217
10.7754	3217
10.7788	3217
10.7792	3217
10.785	3217
10.7874	3217
10.7912	3217
10.7941	3217
10.7988	3217
10.8008	3217
10.8037	3217
10.8079	3217
10.8099	3217
10.8128	3217
10.8165	3217
10.8195	3217
10.8224	3217
10.8266	3217
10.8286	3217
10.8319	3217
10.8352	3217
10.8382	3217
10.841	3217
10.8453	3217
10.8473	3217
10.9033	3217
10.9096	3217
10.9096	3217
10.9134	3217
10.9191	3217
10.9191	3217
10.923	3217
10.9282	3217
10.9282	3217
10.9325	3217
10.9355	3217
10.9365	3217
10.9398	3217
10.9431	3217
10.9431	3217
10.9479	3217
10.9507	3217
10.9517	3217
10.9547	3217
10.9585	3217
10.9585	3217
10.9628	3217
10.9656	3217
10.9666	3217
10.9699	3217
10.9739	3217
10.9739	3217
10.9772	3217
10.9804	3217
10.9814	3217
10.9843	3217
10.9885	3217
10.9885	3217
10.993	3217
10.996	3217
10.997	3217
11	3217
11.004	3217
11.004	3217
11.008	3217
11.011	3217
11.012	3217
11.0146	3217
11.0188	3217
11.0188	3217
11.0228	3217
11.0259	3217
11.0269	3217
11.0299	3217
11.0339	3217
11.0339	3217
11.0375	3217
11.0405	3217
11.0415	3217
11.0446	3217
11.0486	3217
11.0486	3217
11.0524	3217
11.0552	3217
11.0562	3217
11.059	3217
11.0633	3217
11.0633	3217
11.0673	3217
11.071	3217
11.072	3217
11.075	3217
11.0781	3217
11.0781	3217
11.0821	3217
11.0851	3217
11.0861	3217
11.0892	3217
11.0932	3217
11.0932	3217
11.0978	3217
11.1007	3217
11.1017	3217
11.1046	3217
11.1089	3217
11.1089	3217
11.1127	3217
11.1155	3217
11.1165	3217
11.1194	3217
11.1233	3217
11.1243	3217
11.1275	3217
11.1318	3217
11.1318	3217
11.1358	3217
11.1388	3217
11.1398	3217
11.1424	3217
11.1463	3217
11.1463	3217
11.1505	3217
11.1534	3217
11.1544	3217
11.1578	3217
11.1611	3217
11.1611	3217
11.1659	3217
11.1682	3217
11.1692	3217
11.1721	3217
11.1769	3217
11.1769	3217
11.1808	3217
11.1836	3217
11.185	3217
11.1879	3217
11.1919	3217
11.1919	3217
11.1951	3217
11.198	3217
11.199	3217
11.202	3217
11.2066	3217
11.2066	3217
11.2106	3217
11.2138	3217
11.2147	3217
11.2177	3217
11.2211	3217
11.2211	3217
11.2253	3217
11.2282	3217
11.2292	3217
11.2324	3217
11.2363	3217
11.2363	3217
11.24	3217
11.244	3217
11.245	3217
11.2479	3217
11.2511	3217
11.2511	3217
11.2554	3217
11.2584	3217
11.2598	3217
11.2628	3217
11.2669	3217
11.2669	3217
11.2709	3217
11.2737	3217
11.274	3217
11.277	3217
11.281	3217
11.281	3217
11.2856	3217
11.2886	3217
11.2895	3217
11.2925	3217
11.2967	3217
11.2967	3217
11.3006	3217
11.3033	3217
11.3043	3217
11.3073	3217
11.3111	3217
11.3111	3217
11.3154	3217
11.3181	3217
11.3191	3217
11.3231	3217
11.3268	3217
11.3278	3217
11.3301	3217
11.3341	3217
11.3341	3217
11.3383	3217
11.3418	3217
11.3428	3217
11.3455	3217
11.3499	3217
11.3499	3217
11.3539	3217
11.356	3217
11.357	3217
11.361	3217
11.3643	3217
11.3643	3217
11.3686	3217
11.3714	3217
11.3724	3217
11.3757	3217
11.3795	3217
11.3795	3217
11.3833	3217
11.3862	3217
11.3872	3217
11.3905	3217
11.3945	3217
11.3945	3217
11.3982	3217
11.4016	3217
11.4026	3217
11.4056	3217
11.4092	3217
11.4092	3217
11.4131	3217
11.4161	3217
11.4173	3217
11.4203	3217
11.4243	3217
11.4243	3217
11.4289	3217
11.4318	3217
11.4327	3217
11.4357	3217
11.4399	3217
11.4399	3217
11.4433	3217
11.4465	3217
11.4475	3217
11.4505	3217
11.4544	3217
11.4544	3217
11.4586	3217
11.4615	3217
11.4625	3217
11.4652	3217
11.4692	3217
11.4692	3217
11.4735	3217
11.4763	3217
11.4773	3217
11.4806	3217
11.4845	3217
11.4845	3217
11.4885	3217
11.4911	3217
11.4921	3217
11.4951	3217
11.4992	3217
11.4992	3217
11.5032	3217
11.5066	3217
11.5076	3217
11.5108	3217
11.5147	3217
11.5147	3217
11.5189	3217
11.5228	3217
11.5228	3217
11.5265	3217
11.5295	3217
11.5305	3217
11.5334	3217
11.5386	3217
11.5386	3217
11.5429	3217
11.5482	3217
11.5482	3217
11.5539	3217
11.5573	3217
11.5573	3217
11.5616	3217
11.5668	3217
11.5668	3217
11.5726	3217
11.576	3217
11.577	3217
11.5822	3217
11.5855	3217
11.5865	3217
11.5913	3217
11.5951	3217
11.5951	3217
11.6009	3217
11.6071	3217
11.6071	3217
11.6118	3217
11.6167	3217
11.6167	3217
11.6205	3217
11.6258	3217
11.6258	3217
11.6297	3217
11.6354	3217
11.6354	3217
11.6392	3217
11.6445	3217
11.6445	3217
11.6488	3217
11.654	3217
11.654	3217
11.6589	3217
11.6631	3217
11.6631	3217
11.6675	3217
11.6727	3217
11.6727	3217
11.6785	3217
11.6818	3217
11.6828	3217
11.6881	3217
11.6914	3217
11.6924	3217
11.6972	3217
11.7005	3217
11.7015	3217
11.7067	3217
11.713	3217
11.713	3217
11.7167	3217
11.7197	3217
11.7207	3217
11.7254	3217
11.7288	3217
11.7298	3217
11.7327	3217
11.7379	3217
11.7379	3217
11.7416	3217
11.7446	3217
11.7456	3217
11.7503	3217
11.7537	3217
11.7547	3217
11.7594	3217
11.7628	3217
11.7638	3217
11.7667	3217
11.7724	3217
11.7724	3217
11.7766	3217
11.7796	3217
11.7806	3217
11.7844	3217
11.7877	3217
11.7887	3217
11.7939	3217
11.7973	3217
11.7973	3217
11.803	3217
11.8069	3217
11.8079	3217
11.8126	3217
11.8188	3217
11.8188	3217
11.8227	3217
11.8284	3217
11.8284	3217
11.8323	3217
11.8375	3217
11.8375	3217
11.8419	3217
11.8471	3217
11.8471	3217
11.852	3217
11.8562	3217
11.8562	3217
11.8624	3217
11.8658	3217
11.8668	3217
11.8715	3217
11.8749	3217
11.8759	3217
11.8811	3217
11.8845	3217
11.8855	3217
11.8902	3217
11.8941	3217
11.8941	3217
11.8998	3217
11.906	3217
11.906	3217
11.9109	3217
11.9156	3217
11.9156	3217
11.9195	3217
11.9247	3217
11.9247	3217
11.9286	3217
11.9343	3217
11.9343	3217
11.9401	3217
11.9434	3217
11.9444	3217
11.9496	3217
11.953	3217
11.954	3217
11.9587	3217
11.9621	3217
11.9621	3217
11.9683	3217
11.9717	3217
11.9727	3217
11.9774	3217
11.9808	3217
11.9818	3217
11.987	3217
11.9904	3217
11.9914	3217
11.9961	3217
11.9995	3217
12.0005	3217
12.0038	3217
12.009	3217
12.009	3217
12.0148	3217
12.0181	3217
12.0181	3217
12.0244	3217
12.0277	3217
12.0287	3217
12.0335	3217
12.0368	3217
12.0378	3217
12.0431	3217
12.0464	3217
12.0474	3217
12.0522	3217
12.0589	3217
12.0589	3217
12.0627	3217
12.068	3217
12.068	3217
12.0718	3217
12.0775	3217
12.0775	3217
12.0814	3217
12.0866	3217
12.0866	3217
12.0929	3217
12.0962	3217
12.0962	3217
12.102	3217
12.1053	3217
12.1053	3217
12.1116	3217
12.1149	3217
12.1159	3217
12.1207	3217
12.1274	3217
12.1274	3217
12.1312	3217
12.1365	3217
12.1365	3217
12.1403	3217
12.1461	3217
12.1461	3217
12.1518	3217
12.1552	3217
12.1552	3217
12.1595	3217
12.1647	3217
12.1647	3217
12.1705	3217
12.1738	3217
12.1748	3217
12.1801	3217
12.1863	3217
12.1863	3217
12.19	3217
12.1959	3217
12.1959	3217
12.1998	3217
12.205	3217
12.205	3217
12.2089	3217
12.2146	3217
12.2146	3217
12.2184	3217
12.2237	3217
12.2237	3217
12.227	3217
12.2332	3217
12.2332	3217
12.239	3217
12.2423	3217
12.2423	3217
12.2467	3217
12.2519	3217
12.2519	3217
12.2577	3217
12.261	3217
12.261	3217
12.2673	3217
12.2706	3217
12.2716	3217
12.2764	3217
12.2802	3217
12.2802	3217
12.2859	3217
12.2922	3217
12.2922	3217
12.296	3217
12.3018	3217
12.3018	3217
12.3056	3217
12.3109	3217
12.3109	3217
12.3142	3217
12.3204	3217
12.3204	3217
12.3262	3217
12.3295	3217
12.3305	3217
12.3358	3217
12.3391	3217
12.3391	3217
12.3449	3217
12.3482	3217
12.3482	3217
12.3545	3217
12.3607	3217
12.3607	3217
12.3646	3217
12.3703	3217
12.3703	3217
12.3741	3217
12.3794	3217
12.3794	3217
12.3856	3217
12.3889	3217
12.3899	3217
12.3947	3217
12.398	3217
12.398	3217
12.4043	3217
12.4076	3217
12.4086	3217
12.4134	3217
12.4201	3217
12.4201	3217
12.425	3217
12.4292	3217
12.4292	3217
12.4331	3217
12.4388	3217
12.4388	3217
12.4445	3217
12.4479	3217
12.4489	3217
12.4541	3217
12.4575	3217
12.4585	3217
12.4632	3217
12.4666	3217
12.4676	3217
12.4728	3217
12.4761	3217
12.4761	3217
12.4819	3217
12.4886	3217
12.4886	3217
12.4925	3217
12.4977	3217
12.4977	3217
12.5016	3217
12.5073	3217
12.5073	3217
12.5112	3217
12.5164	3217
12.5164	3217
12.5226	3217
12.526	3217
12.527	3217
12.5317	3217
12.5355	3217
12.5355	3217
12.5413	3217
12.5475	3217
12.5475	3217
12.5514	3217
12.5571	3217
12.5571	3217
12.562	3217
12.5662	3217
12.5662	3217
12.5706	3217
12.5758	3217
12.5758	3217
12.5815	3217
12.5849	3217
12.5859	3217
12.5911	3217
12.5945	3217
12.5955	3217
12.6002	3217
12.6069	3217
12.6069	3217
12.6108	3217
12.616	3217
12.616	3217
12.6209	3217
12.6256	3217
12.6256	3217
12.6314	3217
12.6347	3217
12.6357	3217
12.6409	3217
12.6443	3217
12.6443	3217
12.65	3217
12.6534	3217
12.6544	3217
12.6596	3217
12.6659	3217
12.6659	3217
12.6697	3217
12.6754	3217
12.6754	3217
12.6793	3217
12.6845	3217
12.6845	3217
12.6889	3217
12.6941	3217
12.6941	3217
12.6999	3217
12.7032	3217
12.7032	3217
12.7094	3217
12.7128	3217
12.7138	3217
12.7186	3217
12.7219	3217
12.7229	3217
12.7281	3217
12.7344	3217
12.7344	3217
12.7382	3217
12.7439	3217
12.7439	3217
12.7478	3217
12.753	3217
12.753	3217
12.7574	3217
12.7626	3217
12.7626	3217
12.7684	3217
12.7717	3217
12.7727	3217
12.778	3217
12.7813	3217
12.7813	3217
12.7871	3217
12.7938	3217
12.7938	3217
12.7976	3217
12.8029	3217
12.8029	3217
12.8091	3217
12.8124	3217
12.8134	3217
12.8182	3217
12.8216	3217
12.8226	3217
12.8278	3217
12.834	3217
12.834	3217
12.8387	3217
12.8436	3217
12.8436	3217
12.8475	3217
12.8527	3217
12.8527	3217
12.8589	3217
12.8623	3217
12.8623	3217
12.868	3217
12.8714	3217
12.8724	3217
12.8776	3217
12.8838	3217
12.8838	3217
12.8877	3217
12.8934	3217
12.8934	3217
12.8973	3217
12.9025	3217
12.9025	3217
12.9064	3217
12.9121	3217
12.9121	3217
12.9178	3217
12.9212	3217
12.9212	3217
12.9274	3217
12.9337	3217
12.9337	3217
12.9375	3217
12.9432	3217
12.9432	3217
12.9475	3217
12.9505	3217
12.9515	3217
12.9547	3217
12.9586	3217
12.9586	3217
12.9629	3217
12.9652	3217
12.9662	3217
12.9691	3217
12.9734	3217
12.9734	3217
12.9774	3217
12.9801	3217
12.9811	3217
12.9849	3217
12.9888	3217
12.9888	3217
12.9927	3217
12.9959	3217
12.9969	3217
12.9993	3217
13.0055	3217
13.0055	3217
13.0113	3217
13.0146	3217
13.0156	3217
13.0208	3217
13.0271	3217
13.0271	3217
13.032	3217
13.0367	3217
13.0367	3217
13.0405	3217
13.0458	3217
13.0458	3217
13.052	3217
13.0553	3217
13.0553	3217
13.0611	3217
13.0644	3217
13.0654	3217
13.0707	3217
13.0769	3217
13.0769	3217
13.0808	3217
13.0865	3217
13.0865	3217
13.0904	3217
13.0956	3217
13.0956	3217
13.0995	3217
13.1052	3217
13.1052	3217
13.1109	3217
13.1143	3217
13.1143	3217
13.1205	3217
13.1267	3217
13.1267	3217
13.1306	3217
13.1363	3217
13.1363	3217
13.1406	3217
13.1435	3217
13.1445	3217
13.1478	3217
13.1516	3217
13.1516	3217
13.156	3217
13.159	3217
13.16	3217
13.1621	3217
13.1661	3217
13.1661	3217
13.1703	3217
13.1737	3217
13.1747	3217
13.1794	3217
13.1828	3217
13.1838	3217
13.1861	3217
13.1924	3217
13.1924	3217
13.1962	3217
13.2015	3217
13.2015	3217
13.2053	3217
13.211	3217
13.211	3217
13.2159	3217
13.2201	3217
13.2201	3217
13.224	3217
13.2297	3217
13.2297	3217
13.2336	3217
13.2388	3217
13.2388	3217
13.2451	3217
13.2484	3217
13.2494	3217
13.2542	3217
13.2575	3217
13.2585	3217
13.2637	3217
13.27	3217
13.27	3217
13.2738	3217
13.2795	3217
13.2795	3217
13.2834	3217
13.2887	3217
13.2887	3217
13.2925	3217
13.2982	3217
13.2982	3217
13.304	3217
13.3073	3217
13.3073	3217
13.3136	3217
13.3198	3217
13.3198	3217
13.3237	3217
13.3294	3217
13.3294	3217
13.3336	3217
13.3366	3217
13.3376	3217
13.3409	3217
13.3448	3217
13.3448	3217
13.349	3217
13.3519	3217
13.3529	3217
13.3572	3217
13.3605	3217
13.3615	3217
13.3663	3217
13.3696	3217
13.3706	3217
13.3735	3217
13.3792	3217
13.3792	3217
13.3831	3217
13.3883	3217
13.3883	3217
13.3926	3217
13.3955	3217
13.3965	3217
13.4008	3217
13.4041	3217
13.4041	3217
13.4099	3217
13.4132	3217
13.4132	3217
13.4171	3217
13.4228	3217
13.4228	3217
13.4285	3217
13.4319	3217
13.4329	3217
13.4381	3217
13.4415	3217
13.4425	3217
13.4472	3217
13.4506	3217
13.4516	3217
13.4568	3217
13.463	3217
13.463	3217
13.4679	3217
13.4726	3217
13.4726	3217
13.4765	3217
13.4817	3217
13.4817	3217
13.4856	3217
13.4913	3217
13.4913	3217
13.4971	3217
13.5004	3217
13.5014	3217
13.5066	3217
13.5129	3217
13.5129	3217
13.5167	3217
13.5224	3217
13.5224	3217
13.5267	3217
13.5297	3217
13.5307	3217
13.5335	3217
13.5378	3217
13.5378	3217
13.541	3217
13.544	3217
13.545	3217
13.5483	3217
13.5522	3217
13.5522	3217
13.5566	3217
13.5598	3217
13.5608	3217
13.5631	3217
13.567	3217
13.567	3217
13.5718	3217
13.5751	3217
13.5751	3217
13.5795	3217
13.5847	3217
13.5847	3217
13.5886	3217
13.5938	3217
13.5938	3217
13.5976	3217
13.6005	3217
13.6015	3217
13.6063	3217
13.6125	3217
13.6125	3217
13.6169	3217
13.6221	3217
13.6221	3217
13.6263	3217
13.6293	3217
13.6303	3217
13.6341	3217
13.6379	3217
13.6389	3217
13.6436	3217
13.6499	3217
13.6499	3217
13.6532	3217
13.6595	3217
13.6595	3217
13.6633	3217
13.6686	3217
13.6686	3217
13.6729	3217
13.6781	3217
13.6781	3217
13.6839	3217
13.6877	3217
13.6877	3217
13.6935	3217
13.6965	3217
13.6977	3217
13.7007	3217
13.7041	3217
13.7041	3217
13.7083	3217
13.7113	3217
13.7122	3217
13.7155	3217
13.7195	3217
13.7195	3217
13.7236	3217
13.7266	3217
13.7275	3217
13.7303	3217
13.7343	3217
13.7343	3217
13.7384	3217
13.7414	3217
13.7424	3217
13.7453	3217
13.7495	3217
13.7495	3217
13.7533	3217
13.7562	3217
13.7572	3217
13.7601	3217
13.7644	3217
13.7644	3217
13.7682	3217
13.7712	3217
13.7725	3217
13.7754	3217
13.7797	3217
13.7797	3217
13.7831	3217
13.786	3217
13.787	3217
13.7902	3217
13.7942	3217
13.7942	3217
13.7984	3217
13.8013	3217
13.8023	3217
13.8057	3217
13.8099	3217
13.8099	3217
13.8138	3217
13.8161	3217
13.8171	3217
13.82	3217
13.8248	3217
13.8248	3217
13.8286	3217
13.8315	3217
13.8325	3217
13.8357	3217
13.8397	3217
13.8397	3217
13.8433	3217
13.8463	3217
13.8473	3217
13.8503	3217
13.8544	3217
13.8544	3217
13.8584	3217
13.8618	3217
13.862	3217
13.866	3217
13.87	3217
13.87	3217
13.8736	3217
13.8766	3217
13.8776	3217
13.8803	3217
13.8846	3217
13.8846	3217
13.8885	3217
13.8914	3217
13.8924	3217
13.8961	3217
13.8994	3217
13.9004	3217
13.9033	3217
13.9081	3217
13.9081	3217
13.9125	3217
13.9158	3217
13.9158	3217
13.921	3217
13.9239	3217
13.9243	3217
13.9273	3217
13.933	3217
13.933	3217
13.9364	3217
13.9397	3217
13.9397	3217
13.9431	3217
13.9488	3217
13.9488	3217
13.9522	3217
13.955	3217
13.955	3217
13.9613	3217
13.9646	3217
13.9646	3217
13.968	3217
13.9709	3217
13.9709	3217
13.9771	3217
13.9828	3217
13.9828	3217
13.9862	3217
13.9891	3217
13.9891	3217
13.9929	3217
13.9986	3217
13.9986	3217
14.002	3217
14.0077	3217
14.0077	3217
14.0111	3217
14.0145	3217
14.0145	3217
14.0207	3217
14.0236	3217
14.0236	3217
14.0298	3217
14.0327	3217
14.0327	3217
14.0394	3217
14.0422	3217
14.0422	3217
14.0485	3217
14.0513	3217
14.0513	3217
14.0552	3217
14.058	3217
14.058	3217
14.0643	3217
14.0672	3217
14.0672	3217
14.0734	3217
14.0767	3217
14.0767	3217
14.083	3217
14.0858	3217
14.0858	3217
14.0921	3217
14.0949	3217
14.0959	3217
14.1016	3217
14.1045	3217
14.1045	3217
14.1079	3217
14.1136	3217
14.1136	3217
14.117	3217
14.1203	3217
14.1203	3217
14.1237	3217
14.1294	3217
14.1294	3217
14.1328	3217
14.1357	3217
14.1357	3217
14.1419	3217
14.1448	3217
14.1448	3217
14.1486	3217
14.1515	3217
14.1515	3217
14.1577	3217
14.1606	3217
14.1606	3217
14.1639	3217
14.1697	3217
14.1697	3217
14.174	3217
14.1797	3217
14.1797	3217
14.1847	3217
14.1898	3217
14.1898	3217
14.1946	3217
14.1999	3217
14.1999	3217
14.2046	3217
14.2096	3217
14.2096	3217
14.2147	3217
14.2195	3217
14.2195	3217
14.2249	3217
14.2292	3217
14.2292	3217
14.2344	3217
14.2396	3217
14.2396	3217
14.2444	3217
14.2491	3217
14.2491	3217
14.255	3217
14.2592	3217
14.2592	3217
14.265	3217
14.2885	3194
14.2885	3194
14.2947	3194
14.2976	3194
14.2986	3194
14.3038	3194
14.3067	3194
14.3075	3194
14.3105	3194
14.3148	3194
14.3148	3194
14.3187	3194
14.3225	3194
14.3225	3194
14.3269	3194
14.3292	3194
14.3306	3194
14.3336	3194
14.3383	3194
14.3383	3194
14.3427	3194
14.3474	3194
14.3474	3194
14.3518	3194
14.3541	3194
14.3555	3194
14.3585	3194
14.3632	3194
14.3632	3194
14.3676	3194
14.3704	3194
14.3714	3194
14.3757	3194
14.3786	3194
14.3794	3194
14.3824	3194
14.3863	3194
14.3863	3194
14.3915	3194
14.3944	3194
14.3957	3194
14.3987	3194
14.4035	3194
14.4035	3194
14.4073	3194
14.4102	3194
14.4112	3194
14.4164	3194
14.4193	3194
14.4203	3194
14.4255	3194
14.4289	3194
14.4299	3194
14.4351	3194
14.439	3194
14.44	3194
14.4442	3194
14.4471	3194
14.4481	3194
14.4538	3194
14.4566	3194
14.4576	3194
14.4629	3194
14.4662	3194
14.4662	3194
14.4706	3194
14.4753	3194
14.4753	3194
14.4797	3194
14.4844	3194
14.4844	3194
14.4883	3194
14.494	3194
14.494	3194
14.4984	3194
14.5031	3194
14.5031	3194
14.5079	3194
14.5102	3194
14.5112	3194
14.5142	3194
14.5184	3194
14.5184	3194
14.5223	3194
14.5256	3194
14.5266	3194
14.5295	3194
14.5338	3194
14.5338	3194
14.5376	3194
14.541	3194
14.542	3194
14.545	3194
14.5481	3194
14.5481	3194
14.5521	3194
14.5563	3194
14.5563	3194
14.5603	3194
14.5634	3194
14.5644	3194
14.5674	3194
14.5713	3194
14.5713	3194
14.576	3194
14.5782	3194
14.5792	3194
14.5822	3194
14.587	3194
14.587	3194
14.5903	3194
14.5932	3194
14.5942	3194
14.5999	3194
14.6028	3194
14.6031	3194
14.609	3194
14.6119	3194
14.6123	3194
14.6152	3194
14.6196	3194
14.6196	3194
14.6248	3194
14.6277	3194
14.6287	3194
14.6339	3194
14.6368	3194
14.6372	3194
14.6406	3194
14.6464	3194
14.6464	3194
14.6507	3194
14.6555	3194
14.6555	3194
14.6598	3194
14.665	3194
14.665	3194
14.6694	3194
14.6723	3194
14.6733	3194
14.6775	3194
14.6804	3194
14.6812	3194
14.6842	3194
14.69	3194
14.69	3194
14.6933	3194
14.6991	3194
14.6991	3194
14.7034	3194
14.7061	3194
14.7071	3194
14.7101	3194
14.7149	3194
14.7149	3194
14.7182	3194
14.7211	3194
14.7225	3194
14.7255	3194
14.7302	3194
14.7302	3194
14.7346	3194
14.7374	3194
14.7384	3194
14.7431	3194
14.746	3194
14.7474	3194
14.7504	3194
14.7551	3194
14.7551	3194
14.7595	3194
14.7622	3194
14.7632	3194
14.7662	3194
14.7709	3194
14.7709	3194
14.7743	3194
14.78	3194
14.78	3194
14.7844	3194
14.7871	3194
14.7881	3194
14.7911	3194
14.7958	3194
14.7958	3194
14.7992	3194
14.8021	3194
14.8031	3194
14.8083	3194
14.8112	3194
14.812	3194
14.816	3194
14.8207	3194
14.8207	3194
14.8241	3194
14.8299	3194
14.8299	3194
14.8332	3194
14.8366	3194
14.8376	3194
14.8428	3194
14.8457	3194
14.846	3194
14.8519	3194
14.8548	3194
14.8551	3194
14.8581	3194
14.8643	3194
14.8643	3194
14.8687	3194
14.8734	3194
14.8734	3194
14.8778	3194
14.8807	3194
14.8817	3194
14.8864	3194
14.8893	3194
14.8903	3194
14.8955	3194
14.8984	3194
14.8994	3194
14.9051	3194
14.9089	3194
14.9099	3194
14.9142	3194
14.9175	3194
14.9185	3194
14.9237	3194
14.9266	3194
14.9276	3194
14.9328	3194
14.9362	3194
14.9362	3194
14.9424	3194
14.9453	3194
14.9463	3194
14.9515	3194
14.9549	3194
14.9559	3194
14.9611	3194
14.965	3194
14.966	3194
14.9702	3194
14.9731	3194
14.9741	3194
14.9798	3194
14.9827	3194
14.9837	3194
14.9889	3194
14.9918	3194
14.9928	3194
14.9985	3194
15.0014	3194
15.0024	3194
15.0076	3194
15.0105	3194
15.0113	3194
15.0172	3194
15.02	3194
15.0214	3194
15.0244	3194
15.0283	3194
15.0283	3194
15.0325	3194
15.0354	3194
15.0364	3194
15.0421	3194
15.0453	3194
15.0463	3194
15.0493	3194
15.0541	3194
15.0541	3194
15.0584	3194
15.0636	3194
15.0636	3194
15.068	3194
15.0709	3194
15.0719	3194
15.0761	3194
15.08	3194
15.081	3194
15.0857	3194
15.0886	3194
15.0896	3194
15.0948	3194
15.0977	3194
15.0987	3194
15.1044	3194
15.1072	3194
15.1082	3194
15.1135	3194
15.1163	3194
15.1177	3194
15.123	3194
15.1263	3194
15.1273	3194
15.1321	3194
15.135	3194
15.136	3194
15.1417	3194
15.1446	3194
15.146	3194
15.1508	3194
15.1537	3194
15.1541	3194
15.1604	3194
15.1633	3194
15.1647	3194
15.1676	3194
15.1724	3194
15.1724	3194
15.1791	3194
15.1824	3194
15.1834	3194
15.1882	3194
15.1911	3194
15.1921	3194
15.1978	3194
15.2007	3194
15.201	3194
15.204	3194
15.2098	3194
15.2098	3194
15.2131	3194
15.217	3194
15.218	3194
15.2227	3194
15.2256	3194
15.2266	3194
15.2318	3194
15.2347	3194
15.2351	3194
15.2414	3194
15.2443	3194
15.2456	3194
15.2505	3194
15.2534	3194
15.2547	3194
15.2577	3194
15.2616	3194
15.2616	3194
15.2663	3194
15.2692	3194
15.2702	3194
15.2754	3194
15.2783	3194
15.2791	3194
15.2821	3194
15.2878	3194
15.2878	3194
15.2912	3194
15.297	3194
15.297	3194
15.3003	3194
15.3037	3194
15.3047	3194
15.3099	3194
15.3128	3194
15.3138	3194
15.319	3194
15.3219	3194
15.3229	3194
15.3286	3194
15.3314	3194
15.3328	3194
15.3377	3194
15.3405	3194
15.3419	3194
15.3449	3194
15.3482	3194
15.3482	3194
15.3521	3194
15.3554	3194
15.3564	3194
15.3594	3194
15.364	3194
15.364	3194
15.3679	3194
15.3717	3194
15.3717	3194
15.375	3194
15.3813	3194
15.3813	3194
15.3856	3194
15.3904	3194
15.3904	3194
15.3947	3194
15.3976	3194
15.3986	3194
15.4033	3194
15.4062	3194
15.4072	3194
15.4124	3194
15.4153	3194
15.4163	3194
15.422	3194
15.4249	3194
15.4259	3194
15.4311	3194
15.4343	3194
15.4353	3194
15.4383	3194
15.4422	3194
15.4422	3194
15.4469	3194
15.4498	3194
15.4508	3194
15.456	3194
15.4593	3194
15.4603	3194
15.4637	3194
15.4685	3194
15.4685	3194
15.4747	3194
15.4776	3194
15.4789	3194
15.4819	3194
15.4858	3194
15.4858	3194
15.4905	3194
15.4934	3194
15.4944	3194
15.4996	3194
15.5025	3194
15.5035	3194
15.5092	3194
15.5121	3194
15.5131	3194
15.5183	3194
15.5212	3194
15.5225	3194
15.5255	3194
15.5298	3194
15.5298	3194
15.5336	3194
15.5366	3194
15.5373	3194
15.5403	3194
15.5442	3194
15.5442	3194
15.5494	3194
15.5523	3194
15.5533	3194
15.559	3194
15.5623	3194
15.5633	3194
15.5662	3194
15.571	3194
15.571	3194
15.5743	3194
15.5772	3194
15.5782	3194
15.5839	3194
15.5868	3194
15.5878	3194
15.593	3194
15.5969	3194
15.5979	3194
15.6026	3194
15.6055	3194
15.6065	3194
15.6117	3194
15.6146	3194
15.616	3194
15.6189	3194
15.6228	3194
15.6228	3194
15.6275	3194
15.6304	3194
15.6314	3194
15.6366	3194
15.6395	3194
15.6409	3194
15.6433	3194
15.6491	3194
15.6491	3194
15.6534	3194
15.6582	3194
15.6582	3194
15.6625	3194
15.6654	3194
15.6664	3194
15.6711	3194
15.675	3194
15.676	3194
15.6802	3194
15.6831	3194
15.6849	3194
15.6879	3194
15.6927	3194
15.6927	3194
15.6989	3194
15.7018	3194
15.7022	3194
15.7051	3194
15.7094	3194
15.7094	3194
15.7134	3194
15.7176	3194
15.7176	3194
15.7219	3194
15.7267	3194
15.7267	3194
15.73	3194
15.7363	3194
15.7363	3194
15.7406	3194
15.7435	3194
15.7445	3194
15.7487	3194
15.7516	3194
15.753	3194
15.7559	3194
15.7598	3194
15.7598	3194
15.7645	3194
15.7674	3194
15.7684	3194
15.7736	3194
15.7765	3194
15.7775	3194
15.7832	3194
15.7861	3194
15.7871	3194
15.7923	3194
15.7952	3194
15.7966	3194
15.7995	3194
15.8034	3194
15.8034	3194
15.8081	3194
15.812	3194
15.813	3194
15.8172	3194
15.8201	3194
15.8215	3194
15.8249	3194
15.8297	3194
15.8297	3194
15.833	3194
15.8388	3194
15.8388	3194
15.8421	3194
15.845	3194
15.846	3194
15.8517	3194
15.8546	3194
15.8556	3194
15.8608	3194
15.8637	3194
15.8641	3194
15.8671	3194
15.8733	3194
15.8733	3194
15.8776	3194
15.8824	3194
15.8824	3194
15.8867	3194
15.8895	3194
15.8905	3194
15.8953	3194
15.8982	3194
15.8996	3194
15.9044	3194
15.9073	3194
15.9087	3194
15.9116	3194
15.9169	3194
15.9169	3194
15.9202	3194
15.9231	3194
15.9241	3194
15.9293	3194
15.9322	3194
15.9336	3194
15.9366	3194
15.9409	3194
15.9409	3194
15.9451	3194
15.948	3194
15.949	3194
15.9542	3194
15.9571	3194
15.9581	3194
15.9638	3194
15.9667	3194
15.9671	3194
15.9729	3194
15.9758	3194
15.9762	3194
15.9792	3194
15.983	3194
15.983	3194
15.9887	3194
15.9916	3194
15.9926	3194
15.9978	3194
16.0007	3194
16.0011	3194
16.0045	3194
16.0103	3194
16.0103	3194
16.0146	3194
16.0194	3194
16.0194	3194
16.0238	3194
16.0266	3194
16.0276	3194
16.0323	3194
16.0352	3194
16.0362	3194
16.0414	3194
16.0443	3194
16.0457	3194
16.0487	3194
16.0539	3194
16.0539	3194
16.0572	3194
16.063	3194
16.063	3194
16.0663	3194
16.0692	3194
16.0702	3194
16.0759	3194
16.0788	3194
16.0798	3194
16.085	3194
16.0883	3194
16.0893	3194
16.0923	3194
16.0975	3194
16.0975	3194
16.1018	3194
16.1066	3194
16.1066	3194
16.1109	3194
16.1132	3194
16.1142	3194
16.1172	3194
16.1224	3194
16.1224	3194
16.1268	3194
16.1296	3194
16.1306	3194
16.1349	3194
16.1377	3194
16.1387	3194
16.1444	3194
16.1473	3194
16.1483	3194
16.1535	3194
16.1564	3194
16.1578	3194
16.1608	3194
16.1646	3194
16.1646	3194
16.1693	3194
16.1722	3194
16.1732	3194
16.1784	3194
16.1813	3194
16.1827	3194
16.1857	3194
16.1909	3194
16.1909	3194
16.1943	3194
16.2	3194
16.2	3194
16.2044	3194
16.2072	3194
16.2082	3194
16.2129	3194
16.2158	3194
16.2168	3194
16.222	3194
16.2253	3194
16.2263	3194
16.2293	3194
16.2345	3194
16.2345	3194
16.2389	3194
16.2436	3194
16.2436	3194
16.248	3194
16.2508	3194
16.2518	3194
16.2565	3194
16.2594	3194
16.2604	3194
16.2656	3194
16.2685	3194
16.2699	3194
16.2729	3194
16.2781	3194
16.2781	3194
16.2824	3194
16.2872	3194
16.2872	3194
16.2916	3194
16.2948	3194
16.2958	3194
16.2983	3194
16.303	3194
16.303	3194
16.3074	3194
16.3121	3194
16.3121	3194
16.3165	3194
16.3198	3194
16.3208	3194
16.325	3194
16.3289	3194
16.3299	3194
16.3342	3194
16.337	3194
16.3384	3194
16.3414	3194
16.3457	3194
16.3457	3194
16.35	3194
16.3528	3194
16.3538	3194
16.3591	3194
16.3623	3194
16.3633	3194
16.3668	3194
16.3715	3194
16.3715	3194
16.3759	3194
16.3806	3194
16.3806	3194
16.385	3194
16.3878	3194
16.3889	3194
16.3936	3194
16.3964	3194
16.3974	3194
16.4027	3194
16.4055	3194
16.4069	3194
16.4099	3194
16.4151	3194
16.4151	3194
16.4195	3194
16.4242	3194
16.4242	3194
16.4286	3194
16.4314	3194
16.4324	3194
16.4372	3194
16.44	3194
16.441	3194
16.4463	3194
16.4491	3194
16.4505	3194
16.4535	3194
16.4587	3194
16.4587	3194
16.4621	3194
16.4678	3194
16.4678	3194
16.4712	3194
16.474	3194
16.4754	3194
16.4789	3194
16.4836	3194
16.4836	3194
16.488	3194
16.4927	3194
16.4927	3194
16.4961	3194
16.4994	3194
16.5004	3194
16.5057	3194
16.5085	3194
16.5095	3194
16.5148	3194
16.5176	3194
16.518	3194
16.522	3194
16.5253	3194
16.5253	3194
16.5306	3194
16.5334	3194
16.5348	3194
16.5378	3194
16.5426	3194
16.5426	3194
16.5469	3194
16.5493	3194
16.5506	3194
16.5555	3194
16.5584	3194
16.5597	3194
16.5627	3194
16.5675	3194
16.5675	3194
16.5718	3194
16.5742	3194
16.5752	3194
16.5784	3194
16.5824	3194
16.5824	3194
16.5863	3194
16.5895	3194
16.5905	3194
16.5932	3194
16.5972	3194
16.5972	3194
16.6012	3194
16.6043	3194
16.6053	3194
16.6083	3194
16.6124	3194
16.6124	3194
16.6164	3194
16.6208	3194
16.6208	3194
16.625	3194
16.6279	3194
16.6289	3194
16.6311	3194
16.6351	3194
16.6351	3194
16.6398	3194
16.6428	3194
16.6438	3194
16.6469	3194
16.6509	3194
16.6509	3194
16.6547	3194
16.657	3194
16.658	3194
16.661	3194
16.6657	3194
16.6657	3194
16.6696	3194
16.6735	3194
16.6735	3194
16.6777	3194
16.6804	3194
16.6814	3194
16.6844	3194
16.6883	3194
16.6883	3194
16.6925	3194
16.6954	3194
16.6964	3194
16.6996	3194
16.7036	3194
16.7036	3194
16.7073	3194
16.7103	3194
16.7112	3194
16.7146	3194
16.7184	3194
16.7184	3194
16.7223	3194
16.7265	3194
16.7265	3194
16.7302	3194
16.7332	3194
16.7342	3194
16.7371	3194
16.7414	3194
16.7414	3194
16.7452	3194
16.7482	3194
16.7495	3194
16.7524	3194
16.7562	3194
16.7562	3194
16.7601	3194
16.7631	3194
16.7643	3194
16.7672	3194
16.7712	3194
16.7712	3194
16.7754	3194
16.7793	3194
16.7793	3194
16.783	3194
16.786	3194
16.787	3194
16.7902	3194
16.7931	3194
16.7931	3194
16.7979	3194
16.8013	3194
16.8013	3194
16.8046	3194
16.8108	3194
16.8108	3194
16.8137	3194
16.8199	3194
16.8199	3194
16.8228	3194
16.8266	3194
16.8266	3194
16.8295	3194
16.8357	3194
16.8357	3194
16.8386	3194
16.8448	3194
16.8448	3194
16.8477	3194
16.8516	3194
16.8516	3194
16.8544	3194
16.8607	3194
16.8607	3194
16.8635	3194
16.8698	3194
16.8698	3194
16.8726	3194
16.8765	3194
16.8765	3194
16.8793	3194
16.8827	3194
16.8827	3194
16.8884	3194
16.8918	3194
16.8918	3194
16.8947	3194
16.9009	3194
16.9009	3194
16.9038	3194
16.9071	3194
16.9071	3194
16.9134	3194
16.9167	3194
16.9167	3194
16.9196	3194
16.9229	3194
16.9229	3194
16.9287	3194
16.932	3194
16.932	3194
16.9359	3194
16.9416	3194
16.9416	3194
16.9445	3194
16.9478	3194
16.9478	3194
16.9536	3194
16.957	3194
16.957	3194
16.9598	3194
16.9632	3194
16.9632	3194
16.9694	3194
16.9728	3194
16.9728	3194
16.9756	3194
16.9819	3194
16.9819	3194
16.9847	3194
16.9914	3194
16.9914	3194
16.9943	3194
16.9977	3194
16.9977	3194
17.0005	3194
17.0068	3194
17.0068	3194
17.0097	3194
17.0164	3194
17.0164	3194
17.0192	3194
17.0226	3194
17.0226	3194
17.0255	3194
17.0317	3194
17.0317	3194
17.0369	3194
17.0419	3194
17.0419	3194
17.0465	3194
17.0514	3194
17.0514	3194
17.0566	3194
17.0613	3194
17.0613	3194
17.0663	3194
17.0714	3194
17.0724	3194
17.0767	3194
17.0816	3194
17.0826	3194
17.0868	3194
17.0916	3194
17.0926	3194
17.0963	3194
17.1016	3194
17.1026	3194
17.1075	3194
17.1117	3194
17.1126	3194
17.1179	3194
17.1219	3194
17.1229	3194
17.1275	3194
17.1404	2998
17.1404	2998
17.1438	2998
17.15	2998
17.15	2998
17.1544	2998
17.1586	2998
17.1586	2998
17.1626	2998
17.1667	2998
17.1667	2998
17.1707	2998
17.1746	2998
17.1746	2998
17.1783	2998
17.1825	2998
17.1825	2998
17.1865	2998
17.1903	2998
17.1903	2998
17.1946	2998
17.1989	2998
17.1989	2998
17.2028	2998
17.2061	2998
17.2075	2998
17.2104	2998
17.2152	2998
17.2152	2998
17.2195	2998
17.2234	2998
17.2234	2998
17.2281	2998
17.2314	2998
17.2324	2998
17.2363	2998
17.2392	2998
17.2402	2998
17.2444	2998
17.2473	2998
17.2483	2998
17.253	2998
17.2563	2998
17.2573	2998
17.2612	2998
17.2641	2998
17.2651	2998
17.2694	2998
17.2721	2998
17.2731	2998
17.2771	2998
17.2808	2998
17.2812	2998
17.2852	2998
17.2899	2998
17.2899	2998
17.2933	2998
17.2971	2998
17.2971	2998
17.3028	2998
17.3057	2998
17.3061	2998
17.3119	2998
17.3148	2998
17.3152	2998
17.3192	2998
17.3244	2998
17.3244	2998
17.3288	2998
17.3335	2998
17.3335	2998
17.3379	2998
17.3411	2998
17.3411	2998
17.3456	2998
17.3493	2998
17.3493	2998
17.3555	2998
17.3584	2998
17.3594	2998
17.3651	2998
17.3684	2998
17.3694	2998
17.3734	2998
17.3762	2998
17.3772	2998
17.3815	2998
17.3843	2998
17.3853	2998
17.39	2998
17.3933	2998
17.3943	2998
17.3983	2998
17.402	2998
17.402	2998
17.4064	2998
17.4106	2998
17.4106	2998
17.4146	2998
17.4182	2998
17.4182	2998
17.4222	2998
17.4261	2998
17.4261	2998
17.4303	2998
17.4345	2998
17.4345	2998
17.4385	2998
17.4427	2998
17.4427	2998
17.4461	2998
17.451	2998
17.451	2998
17.4552	2998
17.4581	2998
17.4599	2998
17.4648	2998
17.4676	2998
17.468	2998
17.473	2998
17.4767	2998
17.4767	2998
17.4801	2998
17.4845	2998
17.4845	2998
17.4897	2998
17.4926	2998
17.4939	2998
17.4979	2998
17.5017	2998
17.5017	2998
17.505	2998
17.5112	2998
17.5112	2998
17.5156	2998
17.5198	2998
17.5198	2998
17.5238	2998
17.528	2998
17.528	2998
17.5314	2998
17.5362	2998
17.5362	2998
17.5405	2998
17.5453	2998
17.5453	2998
17.5496	2998
17.554	2998
17.554	2998
17.5582	2998
17.5611	2998
17.5621	2998
17.5673	2998
17.5702	2998
17.5716	2998
17.576	2998
17.5798	2998
17.5798	2998
17.5831	2998
17.588	2998
17.588	2998
17.5922	2998
17.5951	2998
17.5965	2998
17.6004	2998
17.6047	2998
17.6047	2998
17.608	2998
17.6129	2998
17.6129	2998
17.6171	2998
17.6204	2998
17.6214	2998
17.6253	2998
17.6296	2998
17.6296	2998
17.6339	2998
17.6387	2998
17.6387	2998
17.642	2998
17.6468	2998
17.6468	2998
17.6507	2998
17.6545	2998
17.6545	2998
17.6588	2998
17.6627	2998
17.6627	2998
17.6669	2998
17.6702	2998
17.6702	2998
17.6765	2998
17.6794	2998
17.6808	2998
17.6847	2998
17.6885	2998
17.6885	2998
17.6929	2998
17.6966	2998
17.6966	2998
17.7006	2998
17.7043	2998
17.7043	2998
17.7105	2998
17.7134	2998
17.7148	2998
17.7188	2998
17.723	2998
17.723	2998
17.7263	2998
17.7321	2998
17.7321	2998
17.7365	2998
17.7403	2998
17.7403	2998
17.745	2998
17.7483	2998
17.7493	2998
17.7533	2998
17.757	2998
17.757	2998
17.7614	2998
17.7657	2998
17.7657	2998
17.7699	2998
17.7732	2998
17.7732	2998
17.779	2998
17.7823	2998
17.7833	2998
17.7873	2998
17.7915	2998
17.7915	2998
17.7959	2998
17.7997	2998
17.7997	2998
17.804	2998
17.8072	2998
17.8072	2998
17.8117	2998
17.8164	2998
17.8164	2998
17.8208	2998
17.8246	2998
17.8246	2998
17.8289	2998
17.8321	2998
17.8321	2998
17.8361	2998
17.8413	2998
17.8413	2998
17.8457	2998
17.8504	2998
17.8504	2998
17.8548	2998
17.8587	2998
17.8587	2998
17.8634	2998
17.8662	2998
17.8676	2998
17.8716	2998
17.8745	2998
17.8755	2998
17.8797	2998
17.8829	2998
17.884	2998
17.8879	2998
17.8911	2998
17.8911	2998
17.8974	2998
17.9003	2998
17.9016	2998
17.9056	2998
17.9098	2998
17.9098	2998
17.9132	2998
17.9171	2998
17.9171	2998
17.9223	2998
17.9252	2998
17.9265	2998
17.931	2998
17.9347	2998
17.9347	2998
17.9381	2998
17.943	2998
17.943	2998
17.9472	2998
17.9506	2998
17.9516	2998
17.9568	2998
17.9597	2998
17.96	2998
17.9659	2998
17.9688	2998
17.9691	2998
17.9731	2998
17.9765	2998
17.9775	2998
17.9817	2998
17.9846	2998
17.986	2998
17.9899	2998
17.9937	2998
17.9937	2998
17.997	2998
18.0033	2998
18.0033	2998
18.0076	2998
18.0115	2998
18.0115	2998
18.0157	2998
18.02	2998
18.02	2998
18.0239	2998
18.0282	2998
18.0282	2998
18.0325	2998
18.0373	2998
18.0373	2998
18.0416	2998
18.0459	2998
18.0459	2998
18.0499	2998
18.0532	2998
18.0532	2998
18.0574	2998
18.0613	2998
18.0613	2998
18.0655	2998
18.0694	2998
18.0694	2998
18.0751	2998
18.0784	2998
18.0794	2998
18.0842	2998
18.0871	2998
18.0885	2998
18.0924	2998
18.0958	2998
18.0968	2998
18.1	2998
18.1033	2998
18.1043	2998
18.1083	2998
18.112	2998
18.112	2998
18.1164	2998
18.1216	2998
18.1216	2998
18.1259	2998
18.1298	2998
18.1298	2998
18.134	2998
18.1379	2998
18.1389	2998
18.1436	2998
18.1465	2998
18.1479	2998
18.1518	2998
18.1547	2998
18.1557	2998
18.16	2998
18.1622	2998
18.1632	2998
18.1677	2998
18.1714	2998
18.1714	2998
18.1758	2998
18.1805	2998
18.1805	2998
18.1849	2998
18.1886	2998
18.1886	2998
18.1926	2998
18.1963	2998
18.1963	2998
18.2007	2998
18.2045	2998
18.2045	2998
18.2088	2998
18.212	2998
18.212	2998
18.216	2998
18.2212	2998
18.2212	2998
18.2256	2998
18.2298	2998
18.2298	2998
18.2338	2998
18.2379	2998
18.2379	2998
18.2419	2998
18.2458	2998
18.2458	2998
18.2495	2998
18.2534	2998
18.2534	2998
18.2586	2998
18.2615	2998
18.2629	2998
18.2668	2998
18.2692	2998
18.2702	2998
18.2744	2998
18.2773	2998
18.2783	2998
18.2835	2998
18.2864	2998
18.2878	2998
18.2917	2998
18.296	2998
18.296	2998
18.2993	2998
18.3051	2998
18.3051	2998
18.3094	2998
18.3132	2998
18.3132	2998
18.318	2998
18.3213	2998
18.3223	2998
18.3262	2998
18.33	2998
18.3304	2998
18.3343	2998
18.3372	2998
18.3382	2998
18.3429	2998
18.3458	2998
18.3462	2998
18.3501	2998
18.3549	2998
18.3549	2998
18.3582	2998
18.3621	2998
18.3621	2998
18.3678	2998
18.3707	2998
18.3711	2998
18.3751	2998
18.3798	2998
18.3798	2998
18.3832	2998
18.387	2998
18.387	2998
18.3927	2998
18.3956	2998
18.397	2998
18.401	2998
18.4038	2998
18.4048	2998
18.4081	2998
18.4113	2998
18.4123	2998
18.4163	2998
18.4205	2998
18.4205	2998
18.4249	2998
18.4288	2998
18.4288	2998
18.433	2998
18.4362	2998
18.4362	2998
18.4402	2998
18.4454	2998
18.4454	2998
18.4498	2998
18.4537	2998
18.4537	2998
18.4579	2998
18.4616	2998
18.4616	2998
18.4656	2998
18.4704	2998
18.4704	2998
18.4747	2998
18.4795	2998
18.4795	2998
18.4838	2998
18.4877	2998
18.4877	2998
18.4924	2998
18.4953	2998
18.4966	2998
18.5006	2998
18.5044	2998
18.5044	2998
18.5087	2998
18.5126	2998
18.5126	2998
18.5173	2998
18.5202	2998
18.5212	2998
18.5264	2998
18.5293	2998
18.5307	2998
18.5346	2998
18.5389	2998
18.5389	2998
18.5422	2998
18.5461	2998
18.5461	2998
18.5513	2998
18.5542	2998
18.5556	2998
18.5595	2998
18.5629	2998
18.5639	2998
18.5671	2998
18.57	2998
18.5714	2998
18.5754	2998
18.5791	2998
18.5791	2998
18.5835	2998
18.5873	2998
18.5873	2998
18.592	2998
18.5953	2998
18.5963	2998
18.6003	2998
18.604	2998
18.604	2998
18.6084	2998
18.6122	2998
18.6122	2998
18.617	2998
18.6202	2998
18.6202	2998
18.6242	2998
18.6289	2998
18.6289	2998
18.6323	2998
18.6362	2998
18.6362	2998
18.6419	2998
18.6447	2998
18.6451	2998
18.6491	2998
18.6538	2998
18.6538	2998
18.6572	2998
18.6615	2998
18.6615	2998
18.6668	2998
18.6697	2998
18.6707	2998
18.6759	2998
18.6788	2998
18.6791	2998
18.6831	2998
18.6865	2998
18.6875	2998
18.6917	2998
18.6946	2998
18.6956	2998
18.7008	2998
18.7037	2998
18.704	2998
18.7085	2998
18.7132	2998
18.7132	2998
18.7176	2998
18.7224	2998
18.7224	2998
18.7267	2998
18.731	2998
18.731	2998
18.7349	2998
18.7382	2998
18.7382	2998
18.7425	2998
18.7464	2998
18.7464	2998
18.7506	2998
18.7549	2998
18.7549	2998
18.7588	2998
18.7631	2998
18.7631	2998
18.7674	2998
18.7713	2998
18.7713	2998
18.7755	2998
18.7798	2998
18.7798	2998
18.7838	2998
18.788	2998
18.788	2998
18.7913	2998
18.7952	2998
18.7952	2998
18.8004	2998
18.8033	2998
18.8047	2998
18.8087	2998
18.8129	2998
18.8129	2998
18.8162	2998
18.8201	2998
18.8201	2998
18.8253	2998
18.8282	2998
18.8296	2998
18.8336	2998
18.8369	2998
18.8379	2998
18.8412	2998
18.844	2998
18.845	2998
18.8503	2998
18.8531	2998
18.8545	2998
18.8585	2998
18.8618	2998
18.8628	2998
18.8661	2998
18.8699	2998
18.8709	2998
18.8752	2998
18.878	2998
18.8794	2998
18.8839	2998
18.8876	2998
18.8876	2998
18.892	2998
18.8967	2998
18.8967	2998
18.9001	2998
18.9043	2998
18.9043	2998
18.9088	2998
18.9125	2998
18.9125	2998
18.9169	2998
18.9216	2998
18.9216	2998
18.926	2998
18.9299	2998
18.9299	2998
18.9346	2998
18.9375	2998
18.9388	2998
18.9428	2998
18.9466	2998
18.9466	2998
18.9509	2998
18.9548	2998
18.9548	2998
18.9595	2998
18.9624	2998
18.9637	2998
18.9677	2998
18.9715	2998
18.9715	2998
18.9758	2998
18.9797	2998
18.9797	2998
18.9844	2998
18.9873	2998
18.9887	2998
18.9926	2998
18.9964	2998
18.9964	2998
19.0007	2998
19.005	2998
19.005	2998
19.009	2998
19.0122	2998
19.0122	2998
19.0165	2998
19.0204	2998
19.0204	2998
19.0246	2998
19.0289	2998
19.0289	2998
19.0329	2998
19.0371	2998
19.0371	2998
19.0415	2998
19.0453	2998
19.0453	2998
19.0496	2998
19.0538	2998
19.0538	2998
19.0573	2998
19.062	2998
19.062	2998
19.0664	2998
19.0711	2998
19.0711	2998
19.0755	2998
19.0792	2998
19.0792	2998
19.0841	2998
19.0873	2998
19.0883	2998
19.0923	2998
19.096	2998
19.096	2998
19.1004	2998
19.1047	2998
19.1047	2998
19.109	2998
19.1128	2998
19.1128	2998
19.1181	2998
19.1213	2998
19.1223	2998
19.1263	2998
19.1296	2998
19.1306	2998
19.1349	2998
19.1378	2998
19.1388	2998
19.143	2998
19.1459	2998
19.1462	2998
19.1502	2998
19.1554	2998
19.1554	2998
19.1598	2998
19.1637	2998
19.1637	2998
19.1679	2998
19.1711	2998
19.1711	2998
19.1751	2998
19.18	2998
19.18	2998
19.1837	2998
19.188	2998
19.188	2998
19.1919	2998
19.1957	2998
19.1957	2998
19.199	2998
19.2039	2998
19.2039	2998
19.2086	2998
19.2115	2998
19.2129	2998
19.2168	2998
19.2206	2998
19.2206	2998
19.2249	2998
19.2288	2998
19.2288	2998
19.2335	2998
19.2364	2998
19.2374	2998
19.2426	2998
19.2455	2998
19.2469	2998
19.2509	2998
19.2532	2998
19.2542	2998
19.2584	2998
19.2613	2998
19.2623	2998
19.2675	2998
19.2704	2998
19.2718	2998
19.2758	2998
19.2781	2998
19.2791	2998
19.2833	2998
19.2891	2998
19.2891	2998
19.2934	2998
19.2977	2998
19.2977	2998
19.3017	2998
19.3053	2998
19.3053	2998
19.3093	2998
19.314	2998
19.314	2998
19.3184	2998
19.3221	2998
19.3221	2998
19.3261	2998
19.3302	2998
19.3302	2998
19.3342	2998
19.3389	2998
19.3389	2998
19.3423	2998
19.3465	2998
19.3465	2998
19.3505	2998
19.3547	2998
19.3547	2998
19.3581	2998
19.363	2998
19.363	2998
19.3672	2998
19.3701	2998
19.3714	2998
19.3754	2998
19.3788	2998
19.3798	2998
19.384	2998
19.3862	2998
19.3873	2998
19.3912	2998
19.395	2998
19.3954	2998
19.3993	2998
19.4036	2998
19.4036	2998
19.4076	2998
19.4112	2998
19.4112	2998
19.4151	2998
19.4194	2998
19.4194	2998
19.4232	2998
19.4275	2998
19.4275	2998
19.4315	2998
19.4353	2998
19.4353	2998
19.439	2998
19.4433	2998
19.4433	2998
19.4473	2998
19.451	2998
19.451	2998
19.4554	2998
19.4597	2998
19.4607	2998
19.464	2998
19.4672	2998
19.4682	2998
19.4731	2998
19.4763	2998
19.4773	2998
19.4813	2998
19.4843	2998
19.4853	2998
19.4899	2998
19.4927	2998
19.4937	2998
19.497	2998
19.5009	2998
19.5017	2998
19.5057	2998
19.5097	2998
19.5097	2998
19.5138	2998
19.5177	2998
19.5177	2998
19.5219	2998
19.5258	2998
19.5258	2998
19.5291	2998
19.5331	2998
19.5331	2998
19.5377	2998
19.5416	2998
19.5416	2998
19.5459	2998
19.5499	2998
19.5499	2998
19.5531	2998
19.5579	2998
19.5579	2998
19.5616	2998
19.5656	2998
19.5665	2998
19.5698	2998
19.5737	2998
19.5747	2998
19.578	2998
19.5818	2998
19.5822	2998
19.5852	2998
19.5892	2998
19.5902	2998
19.5947	2998
19.5976	2998
19.598	2998
19.603	2998
19.606	2998
19.6067	2998
19.6101	2998
19.614	2998
19.615	2998
19.6187	2998
19.6217	2998
19.6225	2998
19.6269	2998
19.6309	2998
19.6309	2998
19.634	2998
19.6383	2998
19.6383	2998
19.6426	2998
19.6466	2998
19.6466	2998
19.6508	2998
19.6548	2998
19.6548	2998
19.6589	2998
19.6629	2998
19.6629	2998
19.6663	2998
19.6705	2998
19.6705	2998
19.6747	2998
19.6786	2998
19.6786	2998
19.6828	2998
19.6858	2998
19.6868	2998
19.6898	2998
19.6924	2998
19.6924	2998
19.6954	2998
19.6983	2998
19.6993	2998
19.7025	2998
19.7055	2998
19.7055	2998
19.7088	2998
19.7117	2998
19.7126	2998
19.7156	2998
19.7183	2998
19.7193	2998
19.7222	2998
19.7255	2998
19.7255	2998
19.7313	2998
19.7346	2998
19.7346	2998
19.7375	2998
19.7409	2998
19.7409	2998
19.7471	2998
19.7504	2998
19.7504	2998
19.7533	2998
19.7566	2998
19.7596	2998
19.7624	2998
19.7658	2998
19.7658	2998
19.7687	3016
19.7717	3016
19.7717	3016
19.7754	3016
19.7782	3016
19.7782	3016
19.7816	3016
19.7873	3016
19.7873	3016
19.7907	3016
19.7936	3016
19.7936	3016
19.8003	3016
19.8031	3016
19.8031	3016
19.8065	3016
19.8123	3016
19.8123	3016
19.8156	3016
19.8185	3016
19.8185	3016
19.8252	3016
19.8281	3016
19.8281	3016
19.8314	3016
19.8372	3016
19.8372	3016
19.8405	3016
19.8434	3016
19.8434	3016
19.8472	3016
19.853	3016
19.853	3016
19.8563	3016
19.8621	3016
19.8621	3016
19.8654	3016
19.8683	3016
19.8683	3016
19.875	3016
19.8779	3016
19.8783	3016
19.8812	3016
19.8841	3016
19.8841	3016
19.8903	3016
19.8932	3016
19.8932	3016
19.8986	3016
19.9032	3016
19.9042	3016
19.909	3016
19.9144	3016
19.9153	3030
19.9205	3030
19.9257	3030
19.9257	3030
19.9306	3030
19.9353	3030
19.9363	3030
19.9415	3030
19.9464	3038
19.9474	3038
19.9516	3038
19.9569	3038
19.9579	3038
19.9628	3038
19.9675	3038
19.9684	3038
19.9737	3038
19.9785	3038
19.9785	3038
19.9838	3038
19.9886	3038
19.9896	3038
19.9943	3038
19.9996	3038
19.9996	3038
