0.01	0
0.01	0
0.01	0
0.01	0
0.01	0
0.01	0
0.01	0
0.01	0
0.01	0
0.01	0
0.01	0
0.013	0
0.013	0
0.017	0
0.0731925	175
0.0731925	175
0.0804086	505
0.0866246	783
0.0866246	783
0.0918406	1020
0.0950886	1122
0.0960886	1122
0.0990566	1211
0.102929	1308
0.103929	1308
0.106929	1308
0.109929	1308
0.109929	1308
0.112929	1308
0.115929	1308
0.116929	1308
0.119929	1308
0.122929	1308
0.122929	1308
0.125929	1308
0.128929	1308
0.128929	1308
0.131929	1308
0.134797	1710
0.135797	1710
0.137765	1886
0.139765	1886
0.139765	1886
0.141765	1886
0.144605	1886
0.144605	1886
0.146605	1886
0.148229	1886
0.148229	1886
0.150197	1886
0.152197	1886
0.153197	1886
0.155037	1886
0.157693	1886
0.157693	1886
0.159285	1886
0.161285	1886
0.162253	1886
0.164533	1886
0.166533	1886
0.166533	1886
0.168125	1886
0.170125	1886
0.170125	1886
0.173501	1886
0.175501	1886
0.175501	1886
0.177749	1886
0.179749	1886
0.179749	1886
0.181125	1886
0.183125	1886
0.184533	1886
0.186501	1886
0.188501	1886
0.188501	1886
0.190749	1886
0.192717	1886
0.193717	1886
0.195589	1886
0.198994	3144
0.198994	3144
0.199994	3144
0.201866	3144
0.201866	3144
0.202242	3144
0.20521	3149
0.20521	3149
0.20621	3149
0.208082	3174
0.208082	3174
0.20993	3368
0.211898	3385
0.211898	3385
0.212898	3385
0.217642	3385
0.217642	3385
0.218018	3400
0.220986	3461
0.220986	3461
0.221986	3461
0.223858	3461
0.223858	3461
0.224234	3461
0.227202	3461
0.227202	3461
0.228202	3461
0.230074	3541
0.230074	3541
0.231074	3541
0.23629	3541
0.23629	3541
0.23729	3541
0.239162	3541
0.239162	3541
0.240538	3541
0.242506	3541
0.242506	3541
0.243506	3541
0.245378	3541
0.245378	3541
0.246226	3541
0.249194	3541
0.249194	3541
0.250194	3541
0.254938	3541
0.254938	3541
0.255314	3541
0.258282	3541
0.258282	3541
0.259282	3541
0.264026	3541
0.264026	3541
0.265404	3541
0.267374	3541
0.267374	3541
0.268374	3541
0.27072	3541
0.27072	3541
0.27172	3541
0.27694	3541
0.27694	3541
0.27794	3541
0.279814	3541
0.279814	3541
0.280192	3541
0.286034	3541
0.286034	3541
0.287034	3541
0.288908	3541
0.288908	3541
0.289286	3541
0.292728	3541
0.292728	3541
0.298474	3541
0.304694	3541
0.304694	3541
0.307568	3541
0.311388	3541
0.311388	3541
0.317134	3541
0.320482	3541
0.320482	3541
0.323356	3541
0.329576	3541
0.329576	3541
0.33245	3541
0.335798	3541
0.335798	3541
0.339144	3541
0.345364	3541
0.345364	3541
0.348238	3541
0.354458	3541
0.354458	3541
0.357332	3541
0.364024	3541
0.364024	3541
0.366898	3541
0.370246	3541
0.370246	3541
0.37312	3541
0.37934	3541
0.37934	3541
0.382214	3541
0.385562	3541
0.385562	3541
0.388908	3541
0.395128	3541
0.395128	3541
0.400874	3541
0.404222	3541
0.404222	3541
0.407096	3541
0.410916	3541
0.410916	3541
0.416662	3541
0.42001	3541
0.42001	3541
0.422884	3541
0.429104	3541
0.429104	3541
0.431978	3541
0.43867	3541
0.43867	3541
0.441544	3541
0.447764	3541
0.447764	3541
0.450638	3541
0.45733	3541
0.45733	3541
0.460204	3541
0.466424	3541
0.466424	3541
0.469298	3541
0.472646	3541
0.472646	3541
0.47552	3541
0.485084	3541
0.485084	3541
0.487958	3541
0.491306	3541
0.491306	3541
0.492691	3541
0.49466	3541
0.497534	3541
0.497534	3541
0.500883	3541
0.509977	3541
0.510977	3541
0.510977	3541
0.511977	3541
0.511977	3541
0.516669	3541
0.519543	3541
0.519543	3541
0.522891	3541
0.526237	3541
0.526237	3541
0.533309	3541
0.534309	3541
0.536279	3541
0.539153	3541
0.539153	3541
0.545373	3541
0.548247	3541
0.548247	3541
0.554939	3541
0.557813	3541
0.557813	3541
0.564033	3541
0.566907	3541
0.566907	3541
0.570255	3541
0.576477	3541
0.576477	3541
0.579825	3541
0.582699	3541
0.582699	3541
0.586047	3541
0.591795	3541
0.591795	3541
0.595143	3541
0.598017	3541
0.598017	3541
0.604713	3541
0.610461	3541
0.610461	3541
0.613809	3541
0.616683	3541
0.616683	3541
0.620031	3541
0.626253	3541
0.626253	3541
0.629601	3541
0.632475	3541
0.632475	3541
0.635823	3541
0.641571	3541
0.641571	3541
0.648267	3541
0.651141	3541
0.651141	3541
0.654489	3541
0.657363	3541
0.657363	3541
0.663585	3541
0.666459	3541
0.666459	3541
0.673155	3541
0.676029	3541
0.676029	3541
0.679377	3541
0.685125	3541
0.685125	3541
0.694695	3541
0.697569	3541
0.697569	3541
0.700917	3541
0.703791	3541
0.703791	3541
0.707139	3541
0.710487	3541
0.710487	3541
0.713361	3541
0.716235	3541
0.716235	3541
0.719591	3541
0.722938	3541
0.722938	3541
0.725812	3541
0.732508	3541
0.732508	3541
0.735382	3541
0.744083	3541
0.753182	3541
0.754182	3541
0.763404	3541
0.773757	3541
0.774757	3541
0.783829	3541
0.792405	3541
0.794405	3541
0.80386	3541
0.80486	3541
0.813088	3541
0.823666	3541
0.83212	3541
0.8335	3541
0.842602	3541
0.852178	3541
0.853178	3541
0.86238	3541
0.871608	3541
0.88044	3541
0.882412	3541
0.891162	3541
0.900118	3541
0.90109	3541
0.911192	3541
0.920768	3541
0.921768	3541
0.930872	3541
0.940974	3541
0.941702	3541
0.95041	2909
0.961258	2909
0.972244	2909
0.974244	2909
0.985582	2909
0.996038	2909
0.998038	2909
1.00989	2909
1.01489	2909
1.0155	2909
1.02047	2909
1.02547	2909
1.02647	2909
1.03192	2909
1.03792	2909
1.03792	2909
1.04302	2909
1.04877	2909
1.04877	2909
1.05447	2909
1.05922	2909
1.06022	2909
1.06592	2909
1.07067	2909
1.07067	2909
1.07402	2909
1.07802	2909
1.07902	2909
1.08324	2909
1.08647	2909
1.08747	2909
1.09147	2909
1.09547	2909
1.09547	2909
1.09957	2909
1.10379	2909
1.10479	2909
1.10802	2909
1.11102	2909
1.11202	2909
1.11602	2909
1.1205	2909
1.1205	2909
1.12435	2909
1.12835	2909
1.12935	2909
1.13235	2909
1.13679	2909
1.13779	2909
1.14179	2909
1.14537	2909
1.14537	2909
1.14937	2909
1.15337	2909
1.15499	2909
1.15772	2909
1.16172	2909
1.16272	2909
1.16657	2909
1.17057	2909
1.17057	2909
1.17466	2909
1.17866	2909
1.17866	2909
1.18224	2909
1.18624	2909
1.18724	2909
1.19124	2909
1.19534	2909
1.19534	2909
1.19994	2909
1.20391	2909
1.20391	2909
1.21001	2909
1.21671	2909
1.21671	2909
1.22581	2909
1.22916	2909
1.22916	2909
1.23491	2909
1.24161	2909
1.24161	2909
1.24736	2909
1.25071	2909
1.25171	2909
1.25693	2909
1.26316	2909
1.26316	2909
1.26704	2909
1.27274	2909
1.27274	2909
1.27849	2909
1.28184	2909
1.28284	2909
1.28671	2909
1.29141	2909
1.29141	2909
1.29716	2909
1.30052	2909
1.30152	2909
1.30961	2909
1.31631	2909
1.31631	2909
1.32541	2909
1.33164	2909
1.33164	2909
1.33551	2909
1.34409	2909
1.34409	2909
1.34896	2909
1.35654	2909
1.35654	2909
1.36276	2909
1.36899	2909
1.36899	2909
1.37521	2909
1.38479	2909
1.38479	2909
1.39054	2909
1.39724	2909
1.39724	2909
1.40384	2909
1.40682	2909
1.41295	2909
1.41592	2909
1.41692	2909
1.43748	2909
1.44048	2909
1.44174	2909
1.44574	2909
1.44907	2909
1.45307	2909
1.45307	2909
1.45768	2909
1.46196	2909
1.46596	2909
1.46971	2909
1.46971	2909
1.47341	2909
1.47777	2909
1.48102	2909
1.48102	2909
1.486	2909
1.48922	2909
1.4906	2909
1.49458	2909
1.49731	2909
1.50128	2909
1.50228	2909
1.50839	2909
1.51797	2909
1.52097	2909
1.52197	2909
1.58073	2036
1.59031	2036
1.59031	2036
1.59606	2036
1.60276	2036
1.60276	2036
1.60852	2036
1.61475	2036
1.61475	2036
1.6205	2036
1.62585	2036
1.62685	2036
1.63919	2036
1.6459	2036
1.6459	2036
1.65165	2036
1.65653	2036
1.65753	2036
1.6646	2036
1.66948	2036
1.67048	2036
1.67572	2036
1.68133	2036
1.68714	2036
1.69297	2036
1.69824	2036
1.70355	2036
1.70955	2036
1.70955	2036
1.71503	2036
1.7219	2036
1.726	2036
1.73274	2036
1.73274	2036
1.73874	2036
1.74474	2036
1.74474	2036
1.78684	1810
1.79219	1810
1.79929	1810
1.79929	1810
1.80652	1810
1.81275	1810
1.81375	1810
1.81945	1810
1.8252	1810
1.8262	1810
1.83243	1810
1.83914	1810
1.84014	1810
1.84624	1810
1.85299	1810
1.85399	1810
1.85922	1810
1.86598	1810
1.86686	1810
1.87261	1810
1.87985	1810
1.88085	1810
1.88661	1810
1.89223	1810
1.89323	1810
1.89946	1810
1.90543	1810
1.90643	1810
1.91395	1810
1.91909	1810
1.92009	1810
1.92606	1810
1.93217	1810
1.93317	1810
1.93967	1810
1.94552	1810
1.94652	1810
1.95327	1810
1.95988	1810
1.96085	1810
1.96685	1810
1.97281	1810
1.97381	1810
1.97966	1810
1.98614	1810
1.98714	1810
1.99399	1810
1.99922	1810
2.00022	1810
2.00647	1810
2.0128	1810
2.01355	1810
2.01928	1810
2.02625	1810
2.02725	1810
2.03361	1810
2.03958	1810
2.04058	1810
2.04669	1810
2.05239	1810
2.05339	1810
2.06014	1810
2.06672	1810
2.06772	1810
2.07395	1810
2.07968	1810
2.08068	1810
2.08653	1810
2.09202	1810
2.09302	1810
2.10086	1810
2.10609	1810
2.10709	1810
2.1138	1810
2.11942	1810
2.12042	1810
2.12613	1810
2.13313	1810
2.13313	1810
2.14049	1810
2.14646	1810
2.14746	1810
2.15356	1810
2.15927	1810
2.16027	1810
2.16602	1810
2.1736	1810
2.1746	1810
2.18083	1810
2.18644	1810
2.18744	1810
2.19341	1810
2.19989	1810
2.20089	1810
2.20774	1810
2.2137	1810
2.2147	1810
2.22055	1810
2.2263	1810
2.2273	1810
2.233	1810
2.239	1810
2.24	1810
2.24734	1810
2.25334	1810
2.25434	1810
2.26017	1810
2.26614	1810
2.26714	1810
2.27325	1810
2.28048	1810
2.28048	1810
2.2877	1810
2.29331	1810
2.29428	1810
2.30004	1810
2.30604	1810
2.30764	1810
2.31362	1810
2.3201	1810
2.3211	1810
2.32755	1810
2.33318	1810
2.33418	1810
2.34076	1810
2.34676	1810
2.34798	1810
2.35421	1810
2.36021	1810
2.36121	1810
2.36705	1810
2.37302	1810
2.37402	1810
2.38012	1810
2.38635	1810
2.38735	1810
2.39458	1810
2.40016	1810
2.40116	1810
2.40791	1810
2.41364	1810
2.41464	1810
2.42049	1810
2.42772	1810
2.42772	1810
2.4343	1810
2.44005	1810
2.44178	1810
2.44776	1810
2.45386	1810
2.45486	1810
2.46056	1810
2.46756	1810
2.46819	1810
2.4749	1810
2.4809	1810
2.48112	1810
2.48726	1810
2.49323	1810
2.49933	1810
2.50506	1810
2.51104	1810
2.51226	1810
2.5184	1810
2.52437	1810
2.5276	1810
2.5342	1810
2.54018	1810
2.54293	1810
2.54866	1810
2.55451	1810
2.55874	3541
2.56174	3541
2.56499	3541
2.56499	3541
2.56844	3541
2.57144	3541
2.57407	3541
2.57707	3541
2.58077	3541
2.58077	3541
2.58477	3541
2.58777	3541
2.58988	3541
2.59288	3541
2.59513	3541
2.59513	3541
2.5991	3541
2.6021	3541
2.60521	3541
2.60821	3541
2.61191	3541
2.61191	3541
2.61591	3541
2.61814	3541
2.61814	3541
2.62114	3541
2.62527	3541
2.62527	3541
2.62824	3541
2.63124	3541
2.63347	3541
2.63647	3541
2.64008	3541
2.64008	3541
2.64305	3541
2.64605	3541
2.6488	3541
2.6518	3541
2.65541	3541
2.65541	3541
2.65838	3541
2.66138	3541
2.66461	3541
2.66761	3541
2.67087	3541
2.67087	3541
2.67419	3541
2.67719	3541
2.67994	3541
2.68294	3541
2.68568	3541
2.68568	3541
2.68965	3541
2.69575	3541
2.69575	3541
2.70533	3541
2.71156	3541
2.71156	3541
2.72066	3541
2.72977	3541
2.72977	3541
2.73647	3541
2.74558	3541
2.74558	3541
2.75516	3541
2.76177	3541
2.76762	3541
2.76762	3541
2.77385	3541
2.7772	3541
2.7772	3541
2.78007	3541
2.78631	3541
2.78631	3541
2.78631	3541
2.78918	3541
2.79301	3541
2.79301	3541
2.83182	3541
2.83892	3541
2.84292	3541
2.84676	3541
2.85063	3541
2.85583	3541
2.85983	3541
2.88597	1964
2.88597	1964
2.88597	1964
2.89219	1964
2.89219	1964
2.8989	2016
2.90463	2018
2.90961	2043
2.91061	2043
2.91683	2075
2.92141	2075
2.92241	2075
2.92717	2075
2.93317	2075
2.93317	2075
2.93975	2075
2.94497	2075
2.94597	2075
2.95158	2075
2.95655	2075
2.95755	2075
2.96266	2075
2.96841	2122
2.96841	2122
2.97412	2122
2.97912	2122
2.98322	2122
2.98857	2122
2.99319	2122
2.99863	2122
2.99963	2122
3.00534	2122
3.01034	2122
3.01534	2122
3.01634	2122
3.02731	2122
3.03354	2122
3.03354	2122
3.0393	2122
3.04506	2122
3.05083	2122
3.05658	2122
3.06281	2122
3.06281	2122
3.08055	2122
3.08592	2122
3.08692	2122
3.09162	2122
3.09637	2122
3.09737	2122
3.10261	2122
3.11171	2122
3.11171	2122
3.11794	2122
3.12417	2122
3.12417	2122
3.13092	2122
3.13663	2122
3.13663	2122
3.14239	2122
3.14862	2122
3.14862	2122
3.15438	2122
3.16108	2122
3.16108	2122
3.16783	2122
3.17306	2122
3.17306	2122
3.18217	2122
3.19175	2122
3.19175	2122
3.1971	2122
3.20223	2122
3.20323	2122
3.20868	2122
3.21331	2122
3.21431	2122
3.21954	2122
3.22576	2122
3.22576	2122
3.23487	2122
3.24157	2122
3.24157	2122
3.24732	2122
3.25979	2122
3.25979	2122
3.26601	2122
3.27224	2122
3.27224	2122
3.28757	2122
3.29428	2122
3.29428	2122
3.30015	2122
3.30586	2122
3.30686	2122
3.31161	2122
3.31919	2122
3.31919	2122
3.32542	2122
3.33452	2122
3.33452	2122
3.34075	2122
3.34698	2122
3.34698	2122
3.35321	2122
3.35943	2122
3.35943	2122
3.36566	2122
3.37001	2122
3.37101	2122
3.37812	2122
3.38482	2122
3.38482	2122
3.39057	2122
3.40015	2122
3.40015	2122
3.40638	2122
3.41261	2122
3.41261	2122
3.41884	2122
3.42507	2122
3.42507	2122
3.43129	2122
3.43612	2122
3.43712	2122
3.44287	2122
3.44758	2122
3.44858	2122
3.45334	2122
3.46579	2122
3.46579	2122
3.47202	2122
3.47825	2122
3.47825	2122
3.4907	2122
3.49693	2122
3.49693	2122
3.50316	2122
3.50986	2122
3.50986	2122
3.51562	2122
3.5252	2122
3.5252	2122
3.53195	2122
3.54053	2122
3.54053	2122
3.54676	2122
3.55298	2122
3.55298	2122
3.55921	2122
3.56592	2122
3.56592	2122
3.57454	2122
3.58125	2122
3.58125	2122
3.587	2122
3.5937	2122
3.5937	2122
3.60281	2122
3.60904	2122
3.60904	2122
3.61814	2122
3.62437	2122
3.62437	2122
3.6306	2122
3.63683	2122
3.63683	2122
3.64218	2122
3.64976	2122
3.64976	2122
3.65551	2122
3.6651	2122
3.6701	2122
3.6711	2122
3.67668	2122
3.68191	2122
3.68291	2122
3.69002	2122
3.69913	2122
3.69913	2122
3.70536	2122
3.71158	2122
3.71158	2122
3.72116	2122
3.72692	2122
3.72792	2122
3.7365	2122
3.74272	2122
3.74272	2122
3.7523	2122
3.75806	2122
3.75806	2122
3.76476	2122
3.77051	2122
3.77051	2122
3.78345	2122
3.7887	2122
3.79368	2122
3.79468	2122
3.79916	2122
3.80513	2122
3.80513	2122
3.81124	2122
3.81794	2122
3.81794	2122
3.82369	2122
3.83327	2122
3.83327	2122
3.8395	2122
3.84573	2122
3.84573	2122
3.85196	2122
3.85818	2122
3.85818	2122
3.88933	1690
3.89796	1690
3.89796	1690
3.90466	1690
3.91377	1690
3.91377	1690
3.921	1690
3.9291	1690
3.9291	1690
3.9368	1690
3.94303	1690
3.94403	1690
3.95114	1690
3.95736	1690
3.95836	1690
3.96559	1690
3.9727	1690
3.9727	1690
3.9794	1690
3.9885	1690
3.9885	1690
3.99526	1690
4.00296	1690
4.00396	1690
4.00971	1690
4.01642	1690
4.01742	1690
4.0249	1690
4.03087	1690
4.03162	1690
4.03823	1690
4.0452	1690
4.0462	1690
4.05269	1690
4.05966	1690
4.06089	1690
4.06712	1690
4.07312	1690
4.07412	1690
4.08768	1690
4.13798	1690
4.13798	1690
4.14473	1690
4.15143	1690
4.15243	1690
4.15954	1690
4.16576	1690
4.16676	1690
4.17399	1690
4.18157	1690
4.18157	1690
4.18832	1690
4.1969	1690
4.1969	1690
4.20313	1690
4.21036	1690
4.21136	1690
4.21846	1690
4.22517	1690
4.22517	1690
4.23292	1690
4.2405	1690
4.2405	1690
4.24773	1690
4.25496	1690
4.25596	1690
4.26118	1690
4.26841	1690
4.26941	1690
4.27787	1690
4.30901	1690
4.30901	1690
4.31624	1690
4.32482	1690
4.32482	1690
4.33157	1690
4.33827	1690
4.33927	1690
4.3455	1690
4.3526	1690
4.3536	1690
4.36083	1690
4.36841	1690
4.36841	1690
4.37516	1690
4.38374	1690
4.38374	1690
4.39097	1690
4.3972	1690
4.3982	1690
4.40443	1690
4.41201	1690
4.41201	1690
4.41976	1690
4.42734	1690
4.42734	1690
4.43457	1690
4.4418	1690
4.4428	1690
4.4489	2122
4.4549	2122
4.4559	2122
4.47094	2122
4.47594	2122
4.47694	2122
4.48116	2122
4.48674	2122
4.48774	2122
4.4925	2122
4.49823	2122
4.49823	2122
4.5042	2122
4.50995	2122
4.51095	2122
4.51553	2122
4.52053	2122
4.52176	2122
4.52737	2122
4.53234	2122
4.53334	2122
4.53809	2122
4.54567	2122
4.54567	2122
4.55478	2122
4.56148	2122
4.56148	2122
4.57058	2122
4.57681	2122
4.57681	2122
4.58592	2122
4.5955	2122
4.5955	2122
4.60172	2122
4.6113	2122
4.6113	2122
4.61706	2122
4.62664	2122
4.62664	2122
4.63909	2122
4.64532	2122
4.64532	2122
4.65155	2122
4.65825	2122
4.65825	2122
4.66688	2122
4.67358	2122
4.67358	2122
4.67934	2122
4.68604	2122
4.68604	2122
4.69227	2122
4.70137	2122
4.70137	2122
4.7076	2122
4.71383	2122
4.71383	2122
4.72006	2122
4.72964	2122
4.72964	2122
4.73874	2122
4.74497	2122
4.74497	2122
4.75407	2122
4.76365	2122
4.76365	2122
4.77611	2122
4.78569	2122
4.78569	2122
4.79479	2122
4.80437	2122
4.80437	2122
4.81348	2122
4.82593	2122
4.82693	2122
4.83839	2122
4.84562	2122
4.84662	2122
4.85372	2122
4.8633	2122
4.8643	2122
4.8724	2122
4.88198	2122
4.88198	2122
4.89109	2122
4.89779	2122
4.89779	2122
4.90402	2122
4.9136	2122
4.9136	2122
4.91935	2122
4.92606	2122
4.92606	2122
4.93281	2122
4.94139	2122
4.94139	2122
4.95049	2122
4.9572	2122
4.9572	2122
4.96395	2122
4.97253	2122
4.97253	2122
4.98498	2122
4.99121	2122
4.99121	2122
5.00032	2122
5.0099	2122
5.0099	2122
5.01612	2122
5.0257	2122
5.0257	2122
5.03481	2122
5.04726	2122
5.04726	2122
5.05684	2122
5.06307	2122
5.06307	2122
5.07218	2122
5.0784	2122
5.0784	2122
5.08798	2122
5.09374	2122
5.09374	2122
5.10332	2122
5.10954	2122
5.10954	2122
5.11912	2122
5.12488	2122
5.12588	2122
5.13446	2122
5.14357	2122
5.14357	2122
5.1498	2122
5.1589	2122
5.1589	2122
5.16848	2122
5.17758	2122
5.17758	2122
5.18716	2122
5.19627	2122
5.19627	2122
5.20585	2122
5.21208	2122
5.21208	2122
5.22166	2122
5.23076	2122
5.23076	2122
5.24322	2122
5.25232	2122
5.25232	2122
5.25902	2122
5.26813	2122
5.26813	2122
5.27436	2122
5.28346	2122
5.28346	2122
5.29016	2122
5.29927	2122
5.29927	2122
5.30597	2122
5.31795	2122
5.31795	2122
5.32418	2122
5.33328	2122
5.33328	2122
5.34286	2122
5.34909	2122
5.34909	2122
5.35867	2122
5.36778	2122
5.36778	2122
5.37736	2122
5.38646	2122
5.38646	2122
5.39604	2122
5.40514	2122
5.40514	2122
5.41137	2122
5.42048	2122
5.42048	2122
5.43006	2122
5.43916	2122
5.43916	2122
5.44874	2122
5.45784	2122
5.45784	2122
5.46742	2122
5.47365	2122
5.47365	2122
5.48323	2122
5.48898	2122
5.48998	2122
5.49856	2122
5.50479	2122
5.50479	2122
5.51725	2122
5.52348	2122
5.52348	2122
5.53306	2122
5.54216	2122
5.54216	2122
5.54839	2122
5.55749	2122
5.55749	2122
5.56707	2122
5.57618	2122
5.57618	2122
5.58576	2122
5.59486	2122
5.59486	2122
5.60444	2122
5.61067	2122
5.61067	2122
5.62025	2122
5.62935	2122
5.62935	2122
5.63893	2122
5.64804	2122
5.64804	2122
5.65762	2122
5.66672	2122
5.66672	2122
5.67295	2122
5.68205	2122
5.68205	2122
5.69163	2122
5.69786	2122
5.69786	2122
5.70744	2122
5.71654	2122
5.71654	2122
5.72325	2122
5.73235	2122
5.73235	2122
5.74146	2122
5.75056	2122
5.75056	2122
5.76014	2122
5.76924	2122
5.76924	2122
5.77595	2122
5.78793	2122
5.78793	2122
5.79463	2122
5.80374	2122
5.80374	2122
5.81332	2122
5.81954	2122
5.81954	2122
5.82912	2122
5.83775	2122
5.83775	2122
5.84733	2122
5.85644	2122
5.85644	2122
5.86602	2122
5.87224	2122
5.87224	2122
5.88182	2122
5.89093	2122
5.89093	2122
5.90051	2122
5.90674	2122
5.90674	2122
5.91919	2122
5.92494	2122
5.92594	2122
5.93452	2122
5.94363	2122
5.94363	2122
5.95321	2122
5.96231	2122
5.96231	2122
5.96902	2122
5.97524	2122
5.97524	2122
5.9877	2122
5.99345	2122
5.99345	2122
6.00303	2122
6.01214	2122
6.01214	2122
6.02172	2122
6.03082	2122
6.03082	2122
6.03752	2122
6.04663	2122
6.04663	2122
6.05621	2122
6.06531	2122
6.06531	2122
6.07489	2122
6.08112	2122
6.08112	2122
6.09022	2122
6.09933	2122
6.09933	2122
6.10891	2122
6.11801	2122
6.11801	2122
6.12759	2122
6.1367	2122
6.1367	2122
6.1434	2122
6.1525	2122
6.1525	2122
6.16208	2122
6.17119	2122
6.17119	2122
6.17742	2122
6.18652	2122
6.18652	2122
6.1961	2122
6.2052	2122
6.2052	2122
6.21478	2122
6.22101	2122
6.22101	2122
6.23059	2122
6.23634	2122
6.23634	2122
6.2464	2122
6.25503	2122
6.25503	2122
6.26461	2122
6.27371	2122
6.27371	2122
6.28329	2122
6.28952	2122
6.28952	2122
6.2991	2122
6.3082	2122
6.3082	2122
6.31778	2122
6.32689	2122
6.32689	2122
6.33647	2122
6.34222	2122
6.34222	2122
6.35228	2122
6.3609	2122
6.3609	2122
6.37048	2122
6.37959	2122
6.37959	2122
6.38917	2122
6.3954	2122
6.3954	2122
6.40498	2122
6.41408	2122
6.41408	2122
6.42366	2122
6.42989	2122
6.42989	2122
6.43899	2122
6.4481	2122
6.4481	2122
6.45768	2122
6.46678	2122
6.46678	2122
6.47636	2122
6.48259	2122
6.48259	2122
6.49217	2122
6.4984	2122
6.4984	2122
6.5075	2122
6.51708	2122
6.51708	2122
6.52618	2122
6.53529	2122
6.53529	2122
6.54199	2122
6.55397	2122
6.5577	2122
6.56268	2122
6.56978	2122
6.57639	2122
6.58136	2122
6.58846	2122
6.59507	2122
6.60004	2122
6.60527	2122
6.6104	2122
6.61538	2122
6.62248	2122
6.62909	2122
6.63406	2122
6.64116	2122
6.6449	2122
6.64987	2122
6.65985	2122
6.66358	2122
6.66855	2122
6.67566	2122
6.68226	2122
6.68724	2122
6.69246	2122
6.6976	2122
6.70257	2122
6.70967	2122
6.71628	2122
6.72125	2122
6.72836	2122
6.73496	2122
6.73994	2122
6.74416	2122
6.75077	2122
6.75662	2122
6.76285	2122
6.76658	2122
6.7753	2122
6.78153	2122
6.78479	2122
6.79399	2122
6.80022	2122
6.80347	2122
6.8098	2122
6.81555	2122
6.81928	2122
6.82848	2122
6.83423	2122
6.83796	2122
6.84381	2122
6.85004	2122
6.85665	2122
6.8625	2122
6.86872	2122
6.87246	2122
6.88118	2122
6.88741	2122
6.89066	2122
6.89699	2122
6.90274	2122
6.90935	2122
6.91567	2122
6.92142	2122
6.92516	2122
6.93436	2122
6.94011	2122
6.94096	2122
6.94969	2122
6.95592	2122
6.95965	2122
6.9655	2122
6.9746	2122
6.97786	2122
6.98418	2122
6.99328	2122
6.99654	2122
7.00286	2122
7.00862	2122
7.01235	2122
7.0192	2122
7.0273	2122
7.03103	2122
7.03888	2122
7.04511	2122
7.04684	2122
7.05556	2122
7.06279	2122
7.06552	2122
7.13318	1481
7.14088	1481
7.14188	1481
7.14998	1481
7.15672	1481
7.15856	1481
7.16532	1481
7.17302	1481
7.1749	1481
7.1815	1481
7.18948	1481
7.1907	1481
7.19881	1481
7.20581	1481
7.20781	1481
7.21452	1481
7.22249	1481
7.22349	1481
7.23033	1481
7.23818	1481
7.23918	1481
7.2474	1481
7.25498	1481
7.25698	1481
7.26398	1481
7.29846	1481
7.29946	1481
7.30804	1481
7.31714	1481
7.31814	1481
7.32537	1481
7.33347	1481
7.33447	1481
7.34205	1481
7.34928	1481
7.35028	1481
7.35886	1481
7.36696	1481
7.36796	1481
7.37654	1481
7.38342	1481
7.38442	1481
7.392	1481
7.39975	1481
7.40136	1481
7.40833	1481
7.41644	1481
7.41717	1481
7.42402	1481
7.43224	1481
7.43324	1481
7.45463	1481
7.46326	1481
7.46426	1481
7.47284	1481
7.48194	1481
7.48294	1481
7.49152	1481
7.49875	1481
7.49975	1481
7.50733	1481
7.51644	1481
7.51744	1481
7.52602	1481
7.53377	1481
7.53477	1481
7.54235	1481
7.55045	1481
7.55145	1481
7.56003	1481
7.56726	1481
7.56826	1481
7.57684	1481
7.58359	1481
7.58559	1481
7.59217	1481
7.60698	1481
7.60798	1481
7.61656	1481
7.62519	1481
7.62619	1481
7.63524	1481
7.64387	1481
7.64487	1481
7.65345	1481
7.66068	1481
7.66168	1481
7.67214	1481
7.67936	1481
7.68036	1481
7.68894	1481
7.69705	1481
7.69805	1481
7.70663	1481
7.71386	1481
7.71486	1481
7.72296	1481
7.73106	1481
7.73206	1481
7.74064	1481
7.74787	1481
7.74887	1481
7.75933	1481
7.76843	1481
7.76943	1481
7.77801	1481
7.78712	1481
7.78812	1481
7.7967	1481
7.8058	1481
7.8068	1481
7.81538	1481
7.82448	1481
7.82548	1481
7.83406	1481
7.84129	1481
7.84229	1481
7.85087	1481
7.85898	1481
7.85998	1481
7.86856	1481
7.87531	1481
7.87631	1481
7.88489	1481
7.89299	1481
7.89399	1481
7.90257	1481
7.91168	1481
7.91268	1481
7.92126	1481
7.93036	1481
7.93136	1481
7.93994	1481
7.94904	1481
7.95004	1481
7.95862	1481
7.96773	1481
7.96873	1481
7.97731	1481
7.98641	1481
7.98741	1481
7.99599	1481
8.0051	1481
8.0061	1481
8.01468	1481
8.0219	1481
8.0229	1481
8.03048	1481
8.03959	1481
8.04059	1481
8.04917	1481
8.05827	1481
8.05927	1481
8.06785	1481
8.07696	1481
8.07796	1481
8.08941	1481
8.09852	1481
8.09952	1481
8.11145	1481
8.12055	1481
8.12155	1481
8.13301	1481
8.14211	1481
8.14311	1481
8.15504	1481
8.16415	1481
8.16515	1481
8.1766	1481
8.18571	1481
8.18671	1481
8.19529	1481
8.20439	1481
8.20539	1481
8.21732	1481
8.22643	1481
8.22743	1481
8.23888	1481
8.24799	1481
8.24899	1481
8.26092	1481
8.2729	1481
8.2739	1481
8.28583	1481
8.29781	1481
8.29881	1481
8.30739	1481
8.3165	1481
8.3175	1481
8.3242	1481
8.3323	1481
8.3333	1481
8.34188	1481
8.35099	1481
8.35099	1481
8.35769	1481
8.36632	1481
8.36632	1481
8.3759	1481
8.38213	1481
8.38213	1481
8.39458	1481
8.40369	1481
8.40369	1481
8.41327	1481
8.42572	1481
8.42572	1481
8.43818	1481
8.44776	1481
8.44776	1481
8.46022	1481
8.4722	1481
8.4722	1481
8.48178	1481
8.488	1481
8.488	1481
8.49758	1481
8.50769	1481
8.50869	1481
8.51827	1481
8.52837	1481
8.53037	1481
8.54095	1481
8.55076	1481
8.55276	1481
8.56274	1415
8.57074	1415
8.57222	1415
8.5792	1415
8.5873	1415
8.59426	1415
8.60123	1415
8.60934	1415
8.61582	1415
8.62279	1415
8.63037	1415
8.63786	1415
8.64483	1415
8.65281	1415
8.65654	1415
8.66351	1415
8.67162	1415
8.6781	1415
8.68507	1415
8.69318	1415
8.69678	1415
8.70311	1415
8.71221	1415
8.71882	1415
8.72567	1415
8.73377	1415
8.74038	1415
8.74735	1415
8.75546	1415
8.75906	1415
8.76639	1415
8.77449	1415
8.7811	1415
8.78895	1415
8.79605	1415
8.80266	1415
8.80998	1415
8.81809	1415
8.8247	1415
8.83154	1415
8.83977	1415
8.85258	1415
8.85981	1415
8.87126	1415
8.87226	1415
8.88049	1415
8.89282	1415
8.89382	1415
8.90193	1415
8.91486	1415
8.91586	1415
8.92396	1415
8.93354	1415
8.93454	1415
8.94265	1415
8.95846	1415
8.95946	1415
8.96721	1415
8.98002	1415
8.98102	1415
8.98924	1415
9.00205	1415
9.00305	1415
9.0118	1415
9.02696	1415
9.02796	1415
9.03607	1415
9.04565	1415
9.04665	1415
9.05763	1415
9.06768	1415
9.06868	1415
9.07631	1415
9.09212	1415
9.09312	1415
9.10135	1415
9.1108	1415
9.1118	1415
9.11991	1415
9.13572	1415
9.13672	1415
9.14494	1415
9.15488	1415
9.15588	1415
9.1635	1415
9.17931	1415
9.18031	1415
9.18842	1415
9.20135	1415
9.20235	1415
9.21045	1415
9.22003	1415
9.22103	1415
9.23201	1415
9.24494	1415
9.24594	1415
9.2537	1415
9.2665	1415
9.2675	1415
9.27561	1415
9.28566	1415
9.28666	1415
9.29429	1415
9.3101	1415
9.3111	1415
9.3192	1415
9.33214	1415
9.33314	1415
9.34124	1415
9.35705	1415
9.35805	1415
9.36628	1415
9.37861	1415
9.37961	1415
9.38771	1415
9.39729	1415
9.39829	1415
9.40687	1415
9.4222	1415
9.4232	1415
9.43131	1415
9.44424	1415
9.44524	1415
9.45334	1415
9.46292	1415
9.46392	1415
9.47203	1415
9.48448	1415
9.48548	1415
9.49359	1415
9.5094	1415
9.5104	1415
9.51862	1415
9.53143	1415
9.53243	1415
9.54054	1415
9.55347	1415
9.55447	1415
9.5621	1415
9.57503	1415
9.57603	1415
9.58413	1415
9.59659	1415
9.59759	1415
9.60617	1415
9.6215	1415
9.6225	1415
9.6306	1415
9.64018	1415
9.64118	1415
9.64929	1415
9.66222	1415
9.66322	1415
9.67132	1415
9.68713	1415
9.68813	1415
9.69624	1415
9.70869	1415
9.70969	1415
9.7178	1415
9.73073	1415
9.73173	1415
9.73996	1415
9.75229	1415
9.75329	1415
9.76139	1415
9.77432	1415
9.77532	1415
9.78343	1415
9.79924	1415
9.80024	1415
9.80846	1415
9.81792	1415
9.81892	1415
9.82702	1415
9.83948	1415
9.84048	1415
9.84858	1415
9.86439	1415
9.86539	1415
9.87362	1415
9.88643	1415
9.88743	1415
9.89566	1415
9.90799	1415
9.90799	1415
9.91709	1415
9.93002	1415
9.93002	1415
9.93913	1415
9.95158	1415
9.95158	1415
9.96069	1415
9.97362	1415
9.97362	1415
9.98272	1415
9.99518	1415
9.99518	1415
10.0043	1415
10.0172	1415
10.0172	1415
10.0263	1415
10.0421	1415
10.0421	1415
10.0494	1415
10.0637	1415
10.0637	1415
10.0728	1415
10.0824	1415
10.0834	1415
10.095	1415
10.1044	1415
10.1064	1415
10.1165	1415
10.128	1415
10.13	1415
10.1395	1415
10.2256	1228
10.2266	1228
10.2381	1228
10.2477	1228
10.2487	1228
10.2601	1228
10.2692	1228
10.2702	1228
10.2817	1228
10.2912	1228
10.2922	1228
10.3037	1228
10.3157	1228
10.3167	1228
10.3938	1228
10.4034	1228
10.4044	1228
10.4153	1228
10.4249	1228
10.4259	1228
10.4374	1228
10.4469	1228
10.4479	1228
10.4569	1228
10.4659	1228
10.4679	1228
10.4769	1228
10.4859	1228
10.4869	1228
10.4969	1228
10.5059	1228
10.5069	1228
10.5337	1228
10.5427	1228
10.5436	1228
10.5526	1228
10.5616	1228
10.5639	1228
10.5725	1228
10.5814	1228
10.5824	1228
10.5928	1228
10.6013	1228
10.6023	1228
10.6113	1228
10.6208	1228
10.6222	1228
10.6312	1228
10.6407	1228
10.6417	1228
10.6511	1228
10.6601	1228
10.6611	1228
10.6702	1228
10.679	1228
10.681	1228
10.69	1228
10.699	1228
10.7	1228
10.7104	1228
10.7199	1228
10.7209	1228
10.7299	1228
10.7384	1228
10.7404	1228
10.7493	1228
10.7581	1228
10.7603	1228
10.7695	1228
10.7786	1228
10.7796	1228
10.7881	1228
10.7982	1228
10.8	1228
10.8088	1228
10.8177	1228
10.8197	1228
10.8289	1228
10.8373	1286
10.8383	1286
10.8476	1286
10.8564	1286
10.8574	1286
10.8661	1286
10.8751	1286
10.8761	1286
10.8858	1286
10.8938	1286
10.8959	1286
10.904	1286
10.9129	1288
10.9139	1288
10.9222	1288
10.9316	1288
10.9326	1288
10.9413	1288
10.9503	1314
10.9513	1314
10.96	1316
10.9681	1328
10.9691	1328
10.9783	1328
10.9864	1366
10.9884	1366
10.9967	1366
11.0042	1366
11.0052	1366
11.0133	1379
11.0228	1379
11.0238	1379
11.0318	1379
11.0395	1379
11.0405	1379
11.0498	1406
11.0579	1406
11.0589	1406
11.0664	1406
11.0744	1406
11.0754	1406
11.0831	1406
11.0911	1406
11.0921	1406
11.1002	1406
11.1081	1406
11.1091	1406
11.1172	1406
11.1258	1406
11.1278	1406
11.1357	1406
11.1438	1406
11.1444	1406
11.1527	1406
11.1608	1406
11.1618	1406
11.1694	1406
11.1774	1406
11.1784	1406
11.1861	1406
11.195	1406
11.196	1406
11.2031	1406
11.2116	1406
11.2126	1406
11.2207	1406
11.2298	1406
11.2308	1406
11.2387	1406
11.2468	1406
11.2474	1406
11.2554	1406
11.2633	1406
11.2643	1406
11.2729	1406
11.2809	1406
11.281	1406
11.2896	1406
11.2971	1406
11.2981	1406
11.3067	1406
11.3146	1406
11.3166	1406
11.3247	1406
11.3324	1406
11.3334	1406
11.3412	1406
11.3493	1406
11.3509	1406
11.3569	1406
11.3635	1406
11.3645	1406
11.3705	1406
11.3779	1406
11.3789	1406
11.384	1406
11.39	1406
11.3916	1406
11.3986	1406
11.4046	1406
11.4056	1406
11.4113	1406
11.4182	1406
11.4192	1406
11.4253	1406
11.4329	1406
11.4338	1406
11.4398	1406
11.4454	1406
11.4464	1406
11.4539	1406
11.4599	1406
11.4609	1406
11.468	1406
11.4736	1406
11.4746	1406
11.4804	1406
11.4875	1406
11.4885	1406
11.4942	1406
11.5001	1406
11.5021	1406
11.514	1406
11.523	1406
11.525	1406
11.5365	1406
11.5463	1406
11.5483	1406
11.5594	1406
11.57	1406
11.571	1406
11.5787	1406
11.5868	1406
11.5888	1406
11.5964	1406
11.604	1406
11.605	1406
11.6131	1406
11.6217	1406
11.6227	1406
11.6308	1406
11.6385	1406
11.6394	1406
11.6476	1406
11.6552	1406
11.6562	1406
11.6642	1406
11.6729	1406
11.6749	1406
11.6826	1421
11.6902	1421
11.6912	1421
11.6995	1421
11.7075	1421
11.7085	1421
11.7161	1421
11.7245	1421
11.7255	1421
11.7336	1421
11.741	1421
11.742	1421
11.75	1421
11.7581	1421
11.7591	1421
11.7671	1421
11.7759	1421
11.7769	1421
11.7847	1421
11.7921	1421
11.7931	1421
11.8011	1421
11.8099	1421
11.8109	1421
11.8188	1421
11.8266	1421
11.8276	1421
11.8356	1421
11.8437	1421
11.8447	1421
11.8522	1421
11.8604	1421
11.8616	1421
11.8699	1421
11.8777	1421
11.8787	1421
11.8863	1421
11.8944	1421
11.8954	1421
11.9039	1421
11.9112	1421
11.9122	1421
11.9208	1421
11.9289	1421
11.9299	1421
11.9374	1421
11.9455	1421
11.9465	1421
11.9541	1421
11.9621	1421
11.9631	1421
11.9718	1421
11.9797	1421
11.9807	1421
11.9885	1421
11.9965	1421
11.9975	1421
12.0056	1421
12.0132	1421
12.0142	1421
12.0223	1421
12.0305	1421
12.0315	1421
12.0396	1421
12.0472	1421
12.0482	1421
12.0563	1421
12.064	1421
12.065	1421
12.0731	1421
12.0817	1421
12.0827	1421
12.0908	1421
12.0985	1421
12.0995	1421
12.1071	1421
12.1157	1421
12.1167	1421
12.1249	1421
12.1324	1421
12.1334	1421
12.1416	1421
12.1492	1421
12.1502	1421
12.1584	1421
12.166	1421
12.167	1421
12.1756	1428
12.1832	1428
12.1842	1428
12.1923	1428
12.2009	1428
12.2019	1428
12.2091	1428
12.2177	1428
12.2186	1428
12.2268	1428
12.2344	1428
12.2354	1428
12.2434	1428
12.2512	1428
12.2522	1428
12.2608	1428
12.2684	1428
12.2694	1428
12.2774	1428
12.2842	1428
12.2862	1428
12.2943	1428
12.3019	1428
12.3039	1428
12.3109	1428
12.3186	1428
12.3196	1428
12.3276	1428
12.3359	1428
12.3369	1428
12.3449	1428
12.3527	1428
12.3537	1428
12.3617	1428
12.3694	1428
12.3704	1428
12.3784	1428
12.3868	1428
12.3872	1428
12.3952	1428
12.4034	1428
12.4044	1428
12.4126	1428
12.4203	1428
12.4212	1428
12.4292	1428
12.4379	1428
12.4389	1428
12.4469	1428
12.4543	1428
12.4552	1449
12.4632	1449
12.4703	1449
12.473	1449
12.4799	1449
12.4878	1449
12.4888	1449
12.4967	1449
12.5041	1449
12.5051	1449
12.5134	1449
12.5202	1449
12.5228	1449
12.5297	1471
12.5376	1471
12.5386	1471
12.5464	1471
12.5547	1471
12.5553	1471
12.5622	1471
12.5703	1471
12.5716	1471
12.5796	1471
12.5867	1471
12.5887	1471
12.5953	1471
12.6035	1471
12.6045	1471
12.6121	1471
12.6192	1471
12.6202	1471
12.6287	1471
12.6365	1471
12.6375	1471
12.6451	1471
12.6522	1471
12.6532	1471
12.6618	1471
12.67	1471
12.671	1471
12.6776	1471
12.6856	1471
12.6867	1471
12.6943	1471
12.702	1471
12.703	1471
12.7542	1471
12.7614	1471
12.7624	1471
12.7705	1471
12.7782	1471
12.7792	1471
12.7863	1471
12.7949	1471
12.7959	1471
12.8031	1471
12.8107	1471
12.8127	1471
12.8193	1471
12.827	1471
12.828	1471
12.8361	1471
12.8447	1471
12.8457	1471
12.853	1471
12.8601	1471
12.8611	1471
12.8692	1471
12.8787	1471
12.8797	1471
12.887	1471
12.8946	1471
12.8956	1471
12.9033	1504
12.9109	1504
12.9119	1504
12.9473	1504
12.9545	1504
12.9555	1504
12.9636	1504
12.9722	1504
12.9732	1504
12.9804	1504
12.989	1504
12.99	1504
12.9967	1504
13.0043	1504
13.0053	1504
13.0124	1504
13.0201	1504
13.0211	1504
13.0282	1504
13.0378	1504
13.0388	1504
13.0455	1504
13.0531	1504
13.0541	1504
13.0622	1504
13.0718	1504
13.0728	1504
13.079	1504
13.0876	1504
13.0886	1504
13.0954	1504
13.104	1504
13.105	1504
13.1279	1504
13.1374	1504
13.1384	1504
13.1465	1504
13.159	1504
13.16	1504
13.1681	1504
13.1777	1504
13.1787	1504
13.1868	1504
13.1964	1504
13.1974	1504
13.2055	1504
13.2122	1504
13.2132	1504
13.2213	1504
13.2309	1504
13.2319	1504
13.2386	1504
13.2462	1504
13.2472	1504
13.2553	1504
13.2649	1504
13.2659	1504
13.2721	1504
13.2807	1504
13.2817	1504
13.2884	1504
13.296	1504
13.297	1504
13.3147	1504
13.3429	1504
13.3458	1504
13.3549	1504
13.3649	1504
13.3679	1504
13.377	1504
13.3865	1504
13.3894	1504
13.3957	1504
13.4023	1504
13.4052	1504
13.4144	1504
13.421	1504
13.4239	1504
13.4297	1504
13.4363	1504
13.4393	1504
13.4484	1504
13.455	1504
13.4579	1504
13.4642	1504
13.4708	1504
13.4738	1504
13.4795	1504
13.4861	1504
13.4891	1504
13.5044	1504
13.5206	1504
13.5265	1504
13.5389	1504
13.5475	1504
13.5514	1504
13.5605	1504
13.5701	1504
13.5734	1504
13.5802	1504
13.5879	1504
13.5897	1504
13.6012	1504
13.6084	1504
13.6108	1504
13.6175	1504
13.6243	1504
13.6261	1504
13.6352	1504
13.6429	1504
13.6448	1504
13.651	1504
13.6583	1504
13.6606	1504
13.6673	1504
13.6751	1504
13.6769	1504
13.6884	1504
13.6979	1504
13.7042	1504
13.7162	1504
13.7238	1504
13.732	1504
13.7411	1504
13.7482	1504
13.7569	1504
13.7631	1504
13.7707	1504
13.7756	1504
13.7847	1504
13.7913	1504
13.7947	1504
13.8034	1504
13.8101	1504
13.8111	1504
13.8192	1504
13.8268	1504
13.8316	1504
13.8389	1504
13.8451	1504
13.8474	1504
13.8542	1504
13.8628	1504
13.8638	1504
13.8752	1504
13.8828	1504
13.8877	1504
13.9001	1504
13.9077	1504
13.9159	1504
13.9279	1504
13.9347	1504
13.9437	1504
13.951	1504
13.9594	1504
13.9658	1504
13.9749	1504
13.9815	1504
13.9873	1504
13.9964	1504
14.003	1504
14.006	1504
14.0151	1504
14.0222	1504
14.0309	1504
14.04	1504
14.0478	1504
14.0496	1504
14.0587	1504
14.0653	1504
14.0683	1504
14.0807	1504
14.0874	1504
14.0966	1504
14.1085	1504
14.1151	1504
14.1243	1504
14.1368	1504
14.1434	1504
14.1526	1504
14.1617	1504
14.1683	1504
14.1775	1504
14.1866	1504
14.1932	1504
14.1991	1504
14.2082	1504
14.2158	1504
14.2178	1504
14.2269	1504
14.2335	1504
14.2427	1504
14.2518	1504
14.2585	1504
14.2614	1504
14.2705	1504
14.2771	1504
14.3304	1062
14.3423	1062
14.3581	1062
14.3706	1062
14.3716	1062
14.3831	1062
14.3932	1062
14.3952	1062
14.4057	1062
14.4168	1062
14.4174	1062
14.4284	1062
14.4393	1062
14.4403	1062
14.4515	1062
14.4611	1062
14.4631	1062
14.4745	1062
14.4845	1062
14.4865	1062
14.4965	1062
14.5074	1062
14.5138	1062
14.5292	1062
14.5397	1062
14.5416	1062
14.5541	1062
14.5646	1062
14.5665	1062
14.5761	1062
14.5876	1062
14.5914	1062
14.6016	1062
14.6126	1062
14.6135	1062
14.6246	1062
14.6342	1062
14.6362	1062
14.6471	1062
14.6571	1062
14.6591	1062
14.6692	1062
14.6808	1504
14.6818	1504
14.69	1504
14.697	1504
14.6973	1504
14.7053	1504
14.7128	1504
14.7138	1504
14.7218	1504
14.7282	1504
14.7292	1504
14.7377	1504
14.744	1504
14.745	1504
14.7531	1504
14.7606	1504
14.7626	1504
14.77	1504
14.7779	1504
14.7789	1504
14.7879	1504
14.797	1504
14.798	1504
14.8094	1504
14.819	1504
14.82	1504
14.8315	1504
14.8406	1504
14.8416	1504
14.853	1504
14.8621	1504
14.8621	1504
14.8717	1504
14.8808	1504
14.8808	1504
14.8904	1504
14.8995	1504
14.8995	1504
14.9091	1504
14.9182	1504
14.9182	1504
14.9278	1504
14.9369	1504
14.9369	1504
14.9464	1504
14.9555	1504
14.9555	1504
14.9651	1504
14.9742	1504
14.9742	1504
14.9843	1504
14.9991	1504
14.9991	1504
15.0087	1504
15.0212	1504
15.0212	1504
15.0308	1504
15.0427	1504
15.0437	1504
15.0533	1504
15.0634	1504
15.0644	1504
15.074	1504
15.0841	1504
15.0861	1504
15.0962	1504
15.1064	1504
15.1074	1504
15.1174	1504
15.1462	1226
15.1472	1226
15.1563	1226
15.1654	1226
15.1674	1226
15.1769	1226
15.1893	1226
15.1903	1226
15.1994	1226
15.2085	1226
15.2105	1226
15.2196	1226
15.2329	1226
15.2339	1226
15.242	1226
15.255	1226
15.256	1226
15.2641	1226
15.2765	1226
15.2775	1226
15.2866	1226
15.2952	1226
15.2972	1226
15.3068	1226
15.3297	1226
15.3307	1226
15.3398	1226
15.3484	1226
15.3504	1226
15.3595	1226
15.3699	1226
15.3709	1226
15.3791	1226
15.3886	1226
15.3906	1226
15.3997	1226
15.4135	1226
15.4145	1226
15.4236	1226
15.4356	1226
15.4366	1226
15.4458	1226
15.4571	1226
15.4581	1226
15.4672	1226
15.4768	1226
15.4788	1226
15.4879	1226
15.507	1226
15.508	1226
15.5161	1226
15.5256	1226
15.5276	1226
15.5381	1226
15.5506	1226
15.5516	1226
15.5607	1226
15.5692	1226
15.5712	1226
15.5803	1226
15.5942	1226
15.5952	1226
15.6043	1226
15.6162	1226
15.6172	1226
15.6263	1226
15.6378	1226
15.6388	1226
15.6479	1226
15.6598	1226
15.6608	1226
15.669	1226
15.6847	1226
15.6857	1226
15.6948	1226
15.7034	1226
15.7054	1226
15.7154	1226
15.7312	1226
15.7322	1226
15.7413	1226
15.7509	1226
15.7529	1226
15.762	1226
15.7748	1226
15.7758	1226
15.7849	1226
15.7968	1226
15.7978	1226
15.8069	1226
15.8184	1226
15.8194	1226
15.8285	1226
15.8404	1226
15.8414	1226
15.8505	1226
15.8624	1226
15.8634	1226
15.8725	1226
15.884	1226
15.885	1226
15.896	1226
15.9118	1226
15.9128	1226
15.9219	1226
15.9305	1226
15.9325	1226
15.941	1226
15.9554	1226
15.9564	1226
15.9655	1226
15.9774	1226
15.9784	1226
15.9875	1226
15.999	1226
16	1226
16.0081	1226
16.021	1226
16.022	1226
16.0311	1226
16.0426	1226
16.0436	1226
16.0527	1226
16.0646	1226
16.0656	1226
16.0747	1226
16.0895	1226
16.0905	1226
16.1015	1226
16.1111	1226
16.1121	1226
16.1212	1226
16.136	1226
16.137	1226
16.1451	1226
16.158	1226
16.159	1226
16.1681	1226
16.1796	1226
16.1806	1226
16.1897	1226
16.2016	1226
16.2026	1226
16.2117	1226
16.2232	1226
16.2242	1226
16.2333	1226
16.2452	1226
16.2462	1226
16.2553	1226
16.2701	1226
16.2711	1226
16.2802	1226
16.2917	1226
16.2927	1226
16.3018	1226
16.3166	1226
16.3176	1226
16.3328	1226
16.3416	1226
16.3477	1226
16.3572	1226
16.3662	1226
16.3693	1226
16.3793	1226
16.3882	1226
16.3913	1226
16.4008	1226
16.4098	1226
16.4129	1226
16.4229	1226
16.4318	1226
16.4349	1226
16.4449	1226
16.4537	1226
16.4599	1226
16.4685	1226
16.4773	1226
16.4814	1226
16.4914	1226
16.4982	1226
16.5097	1226
16.5163	1226
16.5236	1226
16.5346	1226
16.5412	1226
16.548	1226
16.5561	1226
16.5638	1226
16.5701	1226
16.5782	1226
16.5858	1226
16.5926	1226
16.5997	1226
16.6063	1226
16.6137	1226
16.6218	1226
16.6284	1226
16.6357	1226
16.6433	1226
16.6509	1226
16.6591	1226
16.6683	1226
16.6809	1226
16.6925	1226
16.6942	1226
16.7069	1226
16.7181	1226
16.7201	1226
16.732	1226
16.7451	1213
16.7461	1213
16.7559	1213
16.765	1213
16.766	1213
16.778	1213
16.7866	1213
16.7876	1213
16.8024	1213
16.8115	1213
16.8125	1213
16.8273	1213
16.8364	1213
16.8374	1213
16.8556	1213
16.8675	1213
16.8685	1213
16.8805	1213
16.8958	1213
16.8968	1213
16.9083	1213
16.9207	1213
16.9217	1213
16.9365	1213
16.9485	1213
16.9495	1213
16.9581	1213
16.9734	1213
16.9744	1213
16.983	1213
16.9983	1213
16.9993	1213
17.0113	1213
17.0232	1213
17.0242	1213
17.0362	1213
17.0515	1213
17.0525	1213
17.064	1213
17.0764	1213
17.0774	1213
17.0922	1213
17.1042	1213
17.1052	1213
17.1171	1213
17.1325	1213
17.1335	1213
17.1449	1213
17.1574	1213
17.1584	1213
17.1732	1213
17.1823	1213
17.1833	1213
17.1948	1213
17.2101	1213
17.2111	1213
17.2207	1213
17.235	1213
17.236	1213
17.2479	1213
17.257	1213
17.258	1213
17.2695	1213
17.2791	1213
17.2801	1213
17.2915	1213
17.3006	1213
17.3016	1213
17.3164	1213
17.3252	1213
17.3262	1213
17.3358	1213
17.3471	1213
17.3481	1213
17.3577	1213
17.3691	1213
17.3701	1213
17.3849	1213
17.3969	1213
17.3979	1213
17.4099	1213
17.4218	1213
17.4228	1213
17.4319	1213
17.4439	1213
17.4449	1213
17.4563	1213
17.4688	1213
17.4698	1213
17.4784	1213
17.4937	1213
17.4947	1213
17.5033	1213
17.5124	1213
17.5144	1213
17.5248	1213
17.5339	1213
17.5349	1213
17.5469	1213
17.5589	1213
17.5599	1213
17.5718	1213
17.5838	1213
17.5848	1213
17.5967	1213
17.6058	1213
17.6068	1213
17.6216	1213
17.6336	1213
17.6346	1213
17.6436	1213
17.6556	1213
17.6566	1213
17.6714	1213
17.6807	1213
17.6817	1213
17.6901	1213
17.7002	1213
17.7012	1213
17.7117	1213
17.7241	1213
17.7251	1213
17.7366	1213
17.7462	1213
17.7472	1213
17.7586	1213
17.7706	1213
17.7716	1213
17.7835	1213
17.7955	1213
17.7965	1213
17.8085	1213
17.8176	1213
17.8186	1213
17.83	1213
17.8453	1213
17.8463	1213
17.8583	1213
17.8655	1213
17.8665	1213
17.877	1213
17.8889	1213
17.8899	1213
17.9019	1213
17.9139	1213
17.9149	1213
17.9234	1213
17.933	1213
17.934	1213
17.9483	1213
17.9608	1213
17.9628	1213
17.9744	1213
17.9864	1213
17.9884	1213
18.0013	1213
18.0134	1213
18.0154	1213
18.0322	1065
18.0428	1065
18.0448	1065
18.0543	1065
18.0667	1065
18.0677	1065
18.0791	1065
18.0897	1065
18.0917	1065
18.1017	1065
18.1123	1065
18.1133	1065
18.1256	1065
18.1385	1065
18.1395	1065
18.1506	1065
18.1634	1065
18.1644	1065
18.1754	1065
18.1884	1065
18.1894	1065
18.2037	1065
18.2161	1065
18.2171	1065
18.2283	1065
18.2411	1065
18.2421	1065
18.2532	1065
18.2631	1065
18.2651	1065
18.2752	1065
18.2861	1065
18.2871	1065
18.2981	1065
18.3096	1065
18.3106	1065
18.322	1065
18.3345	1065
18.3355	1065
18.3469	1065
18.3594	1065
18.3604	1065
18.3747	1065
18.3877	1065
18.3887	1065
18.3996	1065
18.4126	1065
18.4136	1065
18.4245	1065
18.4375	1065
18.4385	1065
18.4496	1065
18.459	1065
18.461	1065
18.4715	1065
18.4839	1065
18.485	1065
18.4951	1065
18.506	1065
18.508	1065
18.518	1065
18.5338	1065
18.5348	1065
18.5462	1065
18.5587	1065
18.5597	1065
18.5711	1065
18.5836	1065
18.5846	1065
18.5961	1065
18.6085	1065
18.6095	1065
18.621	1065
18.6334	1065
18.6344	1065
18.6455	1065
18.6583	1065
18.6593	1065
18.6704	1065
18.6804	1065
18.6824	1065
18.6925	1065
18.7053	1065
18.7063	1065
18.7173	1065
18.7302	1065
18.7312	1065
18.7422	1065
18.7551	1065
18.7561	1065
18.7671	1065
18.78	1065
18.781	1065
18.793	1065
18.8078	1065
18.8088	1065
18.8199	1065
18.8327	1065
18.8337	1065
18.8448	1065
18.8548	1065
18.8568	1065
18.8669	1065
18.8797	1065
18.8807	1065
18.8918	1065
18.9012	1065
18.9032	1065
18.9137	1065
18.9261	1065
18.9271	1065
18.9386	1065
18.951	1065
18.9521	1065
18.9635	1065
18.9793	1065
18.9803	1065
18.9913	1065
19.0042	1065
19.0052	1065
19.0162	1065
19.0291	1065
19.0301	1065
19.0382	1065
19.0512	1065
19.0522	1065
19.0632	1065
19.0756	1065
19.0766	1065
19.0847	1065
19.1005	1065
19.1015	1065
19.1096	1065
19.1226	1065
19.1236	1065
19.1345	1065
19.1503	1065
19.1513	1065
19.1628	1065
19.1763	1065
19.1783	1065
19.1927	1065
19.2062	1065
19.2082	1065
19.2222	1065
19.2362	1032
19.2382	1032
19.25	1032
19.2602	1032
19.2612	1032
19.272	1032
19.2831	1032
19.2851	1032
19.2969	1032
19.306	1032
19.308	1032
19.3219	1032
19.3338	1032
19.3348	1032
19.3496	1032
19.3621	1032
19.3631	1032
19.3779	1032
19.3904	1032
19.3914	1032
19.4057	1032
19.4181	1032
19.4191	1032
19.4306	1032
19.4412	1032
19.4432	1032
19.4536	1032
19.4646	1032
19.4666	1032
19.4776	1032
19.4895	1032
19.4905	1032
19.5025	1032
19.5178	1032
19.5188	1032
19.5303	1032
19.5456	1032
19.5466	1032
19.5585	1032
19.5739	1032
19.5749	1032
19.5863	1032
19.5988	1032
19.5998	1032
19.6112	1032
19.6237	1032
19.6247	1032
19.6361	1032
19.6467	1032
19.6487	1032
19.6592	1032
19.6701	1032
19.6711	1032
19.686	1032
19.6984	1032
19.6994	1032
19.7142	1032
19.7262	1032
19.7272	1032
19.742	1032
19.7545	1032
19.7555	1032
19.7674	1032
19.7794	1032
19.7804	1032
19.7923	1032
19.8043	1032
19.8053	1032
19.8201	1032
19.8302	1032
19.8322	1032
19.8437	1032
19.857	1032
19.858	1032
19.8699	1032
19.8881	1032
19.8891	1032
19.9039	1032
19.9193	1032
19.9203	1032
19.9322	1032
19.9447	1032
19.9457	1032
19.96	1032
19.9753	1032
19.9763	1032
19.9883	1032
