current_time   kbps
0.01	0
0.01	0
0.01	0
0.01	0
0.01	0
0.01	0
0.01	0
0.01	0
0.01	0
0.01	0
0.01	0
0.014	0
0.015	0
0.02	0
0.0731925	175
0.0731925	175
0.0804086	505
0.0866246	783
0.0876246	783
0.0938406	1020
0.0980566	1211
0.0990566	1211
0.104797	1266
0.108797	1266
0.109797	1266
0.113797	1266
0.118797	1266
0.118797	1266
0.123797	1266
0.127797	1266
0.128797	1266
0.132797	1266
0.137765	1886
0.137765	1886
0.140765	1886
0.143605	1886
0.143605	1886
0.146605	1886
0.149229	1886
0.150229	1886
0.153821	1886
0.156821	1886
0.156821	1886
0.159661	1886
0.162253	1886
0.163253	1886
0.166253	1886
0.169401	1886
0.169401	1886
0.172401	1886
0.175993	1886
0.175993	1886
0.178993	1886
0.181401	1886
0.182369	1886
0.185369	1886
0.188401	1886
0.188401	1886
0.191401	1886
0.194993	1886
0.195993	1886
0.19837	2087
0.201338	2228
0.201338	2228
0.203338	2228
0.20621	2295
0.20621	2295
0.20993	2295
0.211898	2354
0.212898	2354
0.214146	2522
0.216146	2522
0.216146	2522
0.219114	2575
0.221114	2575
0.221114	2575
0.223234	2575
0.226202	2575
0.226202	2575
0.228202	2575
0.230922	2714
0.231922	2714
0.233922	2714
0.235762	2714
0.235762	2714
0.237762	2714
0.23901	2759
0.23901	2759
0.242978	2838
0.243978	2838
0.244978	2838
0.246978	2838
0.248098	2838
0.248098	2838
0.251066	2838
0.25441	2838
0.25441	2838
0.260626	2838
0.263498	2838
0.263498	2838
0.269714	2838
0.272586	2854
0.272586	2854
0.279274	2854
0.282146	2854
0.282146	2854
0.28549	2874
0.291234	2874
0.291234	2874
0.294582	2874
0.297928	2932
0.297928	2932
0.299928	2932
0.304148	2932
0.304148	2932
0.307022	2932
0.31037	2932
0.31037	2932
0.316116	2932
0.319464	2932
0.319464	2932
0.322338	2932
0.326158	2932
0.326158	2932
0.331904	2932
0.335252	2932
0.335252	2932
0.340998	2932
0.344346	2932
0.344346	2932
0.34722	2932
0.350568	2932
0.350568	2932
0.356786	2932
0.360134	2932
0.360134	2932
0.363008	2932
0.366356	2961
0.366356	2961
0.372102	2961
0.37545	2961
0.37545	2961
0.381668	2961
0.387888	2961
0.387888	2961
0.394106	2961
0.397454	2961
0.397454	2961
0.403672	2961
0.409892	2961
0.409892	2961
0.412766	2961
0.418986	2961
0.418986	2961
0.425204	2961
0.431424	2961
0.431424	2961
0.434298	2961
0.438118	2961
0.438118	2961
0.443864	2961
0.450084	2961
0.450084	2961
0.45343	2961
0.45965	2961
0.45965	2961
0.465396	2961
0.468744	2961
0.468744	2961
0.474962	2961
0.47831	2961
0.47831	2961
0.484056	2961
0.487404	2961
0.487404	2961
0.490278	2961
0.493626	2961
0.493626	2961
0.499844	2961
0.503192	2961
0.503192	2961
0.506066	2961
0.509414	2961
0.509414	2961
0.51516	2961
0.518508	2961
0.518508	2961
0.524726	2961
0.528074	2961
0.528074	2961
0.53382	2961
0.537168	2961
0.537168	2961
0.540042	2961
0.546734	2961
0.546734	2961
0.549608	2961
0.555828	2961
0.555828	2961
0.56205	2961
0.568272	2961
0.568272	2961
0.571146	2961
0.574494	2961
0.574494	2961
0.580716	2961
0.586938	2961
0.586938	2961
0.59316	2961
0.599382	2961
0.599382	2961
0.605604	2961
0.611826	2961
0.611826	2961
0.618048	2961
0.621396	2961
0.621396	2961
0.627144	2961
0.63384	2961
0.63384	2961
0.636714	2961
0.642936	2961
0.642936	2961
0.649158	2961
0.65538	2961
0.65538	2961
0.658254	2961
0.661602	2961
0.661602	2961
0.667824	2961
0.671172	2961
0.671172	2961
0.67692	2961
0.683616	2961
0.683616	2961
0.68649	2961
0.692712	2961
0.692712	2961
0.695586	2961
0.698934	2961
0.699934	2961
0.706534	2961
0.714252	2961
0.71563	2961
0.7236	2961
0.730044	2961
0.731044	2961
0.739266	2961
0.746362	2961
0.748362	2961
0.755058	2961
0.763154	2961
0.764154	2961
0.771724	2961
0.779472	2961
0.780198	2961
0.788168	2961
0.795612	2961
0.797612	2961
0.80436	2961
0.812308	2961
0.813308	2961
0.820026	2961
0.828722	2961
0.829722	2961
0.837196	2961
0.844166	2961
0.846914	2961
0.85361	2961
0.861832	2961
0.862832	2961
0.869306	2961
0.877024	2961
0.878024	2961
0.88672	2961
0.893194	2961
0.895164	2961
0.902912	2961
0.910482	2961
0.911482	2961
0.918734	2961
0.92606	2961
0.92706	2961
0.935886	2961
0.942732	2961
0.944482	2961
0.951182	2961
0.959182	2961
0.960182	2961
0.967506	2961
0.97573	2961
0.976984	2961
0.984304	2961
0.991406	2961
0.993406	2961
1.00063	2961
1.0082	2961
1.0092	2961
1.01768	2961
1.02465	2961
1.0254	2961
1.0284	2961
1.03113	2961
1.0321	2961
1.0351	2961
1.03885	2961
1.03885	2961
1.04185	2961
1.04446	2961
1.04546	2961
1.04843	2961
1.05143	2961
1.05143	2961
1.05443	2961
1.05753	2961
1.05853	2961
1.06153	2961
1.06413	2961
1.06413	2961
1.0671	2961
1.0711	2961
1.0711	2961
1.07432	2961
1.07732	2961
1.07732	2961
1.0819	2961
1.0849	2961
1.0849	2961
1.0879	2961
1.0909	2961
1.092	2961
1.097	2961
1.1016	2961
1.1016	2961
1.10779	2961
1.11279	2961
1.11279	2961
1.11727	2961
1.12224	2961
1.12324	2961
1.12824	2961
1.13321	2961
1.13421	2961
1.13991	2961
1.14491	2961
1.14591	2961
1.15001	2961
1.15524	2961
1.15624	2961
1.16097	2961
1.16381	2961
1.16481	2961
1.16856	2961
1.17192	2961
1.17292	2961
1.17692	2961
1.18014	2961
1.18014	2961
1.18437	2961
1.1881	2961
1.1881	2961
1.19207	2961
1.19607	2961
1.19782	2961
1.20007	2961
1.20404	2961
1.20504	2961
1.20975	2961
1.21275	2961
1.21375	2961
1.2175	2961
1.22075	2961
1.22172	2961
1.22545	2961
1.22942	2961
1.22942	2961
1.23342	2961
1.23705	2961
1.23705	2961
1.24187	2961
1.24587	2961
1.24662	2961
1.24962	2961
1.25385	2961
1.25485	2961
1.25885	2961
1.26195	2961
1.2628	2961
1.26677	2961
1.2744	2961
1.27813	2961
1.2811	2961
1.28685	2961
1.29345	2961
1.29642	2961
1.30552	2961
1.30925	2961
1.31509	2961
1.32132	2961
1.32792	2961
1.33089	2961
1.33664	2961
1.34037	2961
1.34622	2961
1.34909	2961
1.35282	2961
1.35579	2961
1.36489	2961
1.36815	2961
1.37112	2961
1.38022	2961
1.38396	2961
1.38693	2961
1.39603	2961
1.39641	2961
1.40038	2961
1.40412	2961
1.4071	2961
1.4081	2961
1.4127	2961
1.41668	2961
1.41668	2961
1.42143	2961
1.42814	2961
1.43152	2961
1.43252	2961
1.43675	2961
1.43973	2961
1.4436	2961
1.44433	2961
1.44831	2961
1.45157	2961
1.45554	2961
1.45642	2961
1.46015	2961
1.46312	2961
1.46412	2961
1.46887	2961
1.47222	2961
1.47222	2961
1.4761	2961
1.48171	2961
1.48468	2961
1.48756	2961
1.49129	2961
1.49714	2961
1.50336	2961
1.50662	2961
1.51294	2961
1.5187	2961
1.52243	2961
1.52828	2961
1.5345	2961
1.53776	2961
1.54408	2961
1.54984	2961
1.55357	2961
1.55942	2961
1.56229	2961
1.5689	2961
1.57522	2961
1.5781	2961
1.58471	2961
1.59056	2961
1.59343	2961
1.59716	2961
1.60014	2961
1.60589	2961
1.61211	2961
1.61211	2961
1.63702	2961
1.64325	2961
1.64325	2961
1.6486	2961
1.65373	2961
1.65473	2961
1.65958	2961
1.66331	2961
1.66431	2961
1.66729	2961
1.67104	2961
1.67242	2961
1.6764	2961
1.6794	2961
1.6804	2961
1.68488	2961
1.68824	2961
1.69124	2961
1.69356	2961
1.69644	2961
1.70069	2961
1.70267	2961
1.70889	2961
1.71215	2961
1.71512	2961
1.72135	2961
1.72461	2961
1.72758	2961
1.73668	2961
1.73906	2961
1.74339	2961
1.74914	2961
1.75287	2961
1.75872	2961
1.76495	2961
1.7682	2961
1.77453	2961
1.78028	2961
1.78401	2961
1.78986	2961
1.79609	2961
1.79934	2961
1.80231	2961
1.80854	2961
1.8118	2961
1.81477	2961
1.83345	2961
1.83671	2961
1.83968	2961
1.84256	2961
1.84629	2961
1.84926	2961
1.85501	2961
1.85837	2961
1.85937	2961
1.86459	2961
1.86797	2961
1.87083	2961
1.87658	2961
1.87996	2961
1.88328	2961
1.88616	2961
1.89042	2961
1.89142	2961
1.89442	2961
1.89827	2961
1.89927	2961
1.9039	2961
1.90726	2961
1.90726	2961
1.91301	2961
1.9226	2961
1.9226	2961
1.92835	2961
1.93506	2961
1.93506	2961
1.94081	2961
1.94751	2961
1.94751	2961
1.95326	2961
1.96284	2961
1.96284	2961
1.96907	2961
1.97865	2961
1.97865	2961
1.98253	2961
1.99111	2961
1.99111	2961
2.00021	2961
2.00644	2961
2.00644	2961
2.01267	2961
2.0189	2961
2.0189	2961
2.03423	2961
2.04093	2961
2.04093	2961
2.04381	2961
2.05004	2961
2.05004	2961
2.05626	2961
2.06249	2961
2.06249	2961
2.0716	2961
2.08118	2961
2.08118	2961
2.0874	2961
2.09076	2961
2.09076	2961
2.09651	2961
2.10186	2961
2.10186	2961
2.10609	2961
2.11144	2961
2.11244	2961
2.11757	2961
2.1229	2961
2.1239	2961
2.1285	2961
2.13348	2961
2.13435	2961
2.13961	2961
2.14458	2961
2.14558	2961
2.15006	2961
2.15504	2961
2.15604	2961
2.16126	2961
2.16884	2961
2.16884	2961
2.1746	2961
2.18418	2961
2.18418	2961
2.18805	2961
2.19663	2961
2.19663	2961
2.20574	2961
2.21244	2961
2.21244	2961
2.21819	2961
2.2249	2961
2.2249	2961
2.23688	2961
2.24358	2961
2.24358	2961
2.24933	2961
2.25604	2961
2.25604	2961
2.26179	2961
2.26849	2961
2.26849	2961
2.28047	2961
2.28718	2961
2.28718	2961
2.29293	2961
2.29628	2961
2.29628	2961
2.30251	2961
2.33988	2433
2.34026	2433
2.3461	2433
2.35098	2433
2.35271	2433
2.35668	2433
2.36156	2433
2.36182	2433
2.36679	2433
2.37166	2433
2.37428	2433
2.37825	2433
2.38313	2433
2.38673	2433
2.39071	2433
2.39558	2433
2.39919	2433
2.40316	2433
2.41127	2433
2.41452	2433
2.41849	2433
2.42372	2433
2.42698	2433
2.43095	2433
2.43905	2433
2.44566	2433
2.44963	2433
2.45486	2433
2.45812	2433
2.46209	2433
2.46732	2433
2.47057	2433
2.47455	2433
2.486	2433
2.48926	2433
2.49323	2433
2.49846	2433
2.49884	2433
2.50381	2433
2.50804	2433
2.52998	2433
2.53395	2433
2.5387	2433
2.54541	2433
2.54828	2433
2.55499	2433
2.55499	2433
2.56074	2433
2.56744	2433
2.56744	2433
2.57319	2433
2.57942	2433
2.57942	2433
2.58377	2433
2.589	2433
2.589	2433
2.59475	2433
2.60146	2433
2.60146	2433
2.60859	2433
2.61491	2433
2.61591	2433
2.62117	2433
2.62789	2433
2.62889	2433
2.6346	2433
2.64073	2433
2.6417	2433
2.6477	2433
2.65416	2433
2.65416	2433
2.66177	2433
2.66774	2433
2.66774	2433
2.67287	2433
2.67787	2433
2.67787	2433
2.68207	2433
2.68768	2433
2.68768	2433
2.69253	2433
2.6974	2433
2.6974	2433
2.70211	2433
2.70724	2433
2.70724	2433
2.71221	2433
2.71609	2433
2.71782	2433
2.72267	2433
2.72692	2433
2.72792	2433
2.73225	2433
2.7365	2433
2.7375	2433
2.74247	2433
2.74608	2433
2.74708	2433
2.75293	2433
2.75681	2433
2.75706	2433
2.76203	2433
2.76664	2433
2.76764	2433
2.77161	2433
2.77675	2433
2.77775	2433
2.78172	2433
2.78695	2433
2.78795	2433
2.79118	2433
2.79605	2433
2.79705	2433
2.80176	2433
2.8227	2051
2.82567	2051
2.83477	2051
2.83903	2073
2.84003	2073
2.845	2154
2.85023	2154
2.85148	2154
2.85648	2154
2.86256	2154
2.86256	2154
2.86829	2154
2.87326	2154
2.87502	2154
2.88075	2154
2.88572	2154
2.88795	2154
2.8922	2154
2.89705	2154
2.90328	2154
2.90854	2154
2.91351	2154
2.91574	2154
2.92047	2154
2.92532	2154
2.93107	2154
2.9368	2154
2.94177	2154
2.94352	2154
2.94826	2154
2.95323	2154
2.95598	2154
2.96081	2154
2.96556	2154
2.96656	2154
2.97504	2154
2.98137	2154
2.98712	2154
2.99285	2154
2.99782	2154
2.99958	2154
3.0044	2154
3.00916	2154
3.01016	2154
3.01538	2154
3.02038	2154
3.02161	2154
3.02687	2154
3.03184	2154
3.03407	2154
3.03932	2154
3.04465	2154
3.04565	2154
3.04978	2154
3.0561	2154
3.06186	2154
3.06559	2154
3.06956	2154
3.07431	2154
3.07804	2154
3.08389	2154
3.09012	2154
3.09438	2154
3.0997	2154
3.10545	2154
3.11131	2154
3.11891	2154
3.11991	2154
3.12661	2154
3.13361	2154
3.13472	2154
3.14197	2154
3.1483	2154
3.14905	2154
3.15675	2154
3.16398	2154
3.16498	2154
3.17108	2154
3.17708	2154
3.17731	2154
3.18354	2154
3.18854	2154
3.18977	2154
3.19402	2154
3.2	2154
3.20222	2154
3.20796	2154
3.2128	2154
3.21468	2154
3.22129	2154
3.22714	2154
3.23336	2154
3.23874	2154
3.24359	2154
3.24582	2154
3.25008	2154
3.2554	2154
3.26115	2154
3.26688	2154
3.27121	2154
3.27984	2154
3.28457	2154
3.28954	2154
3.29277	2154
3.2989	2154
3.30387	2154
3.3081	2154
3.31471	2154
3.31968	2154
3.32391	2154
3.33004	2154
3.33501	2154
3.33924	2154
3.3445	2154
3.34947	2154
3.35457	2154
3.3593	2154
3.36428	2154
3.36703	2154
3.37276	2154
3.37773	2154
3.37948	2154
3.38422	2154
3.38906	2154
3.39529	2154
3.40055	2154
3.40587	2154
3.4111	2154
3.41636	2154
3.4212	2154
3.42643	2154
3.43169	2154
3.43601	2154
3.44176	2154
3.4465	2154
3.45182	2154
3.45757	2154
3.46283	2154
3.46715	2154
3.4729	2154
3.47764	2154
3.48248	2154
3.48871	2154
3.49397	2154
3.49829	2154
3.50404	2154
3.50978	2154
3.51462	2154
3.51985	2154
3.52411	2154
3.52943	2154
3.53518	2154
3.54092	2154
3.54576	2154
3.55099	2154
3.55425	2154
3.55822	2154
3.56345	2154
3.5677	2154
3.57303	2154
3.57878	2154
3.58251	2154
3.58836	2154
3.59459	2154
3.59884	2154
3.60417	2154
3.60992	2154
3.61365	2154
3.6205	2154
3.62573	2154
3.63198	2154
3.63831	2154
3.64106	2154
3.64779	2154
3.65464	2154
3.65687	2154
3.66212	2154
3.66945	2154
3.67268	2154
3.67893	2154
3.68478	2154
3.69088	2154
3.69574	2154
3.70046	2154
3.70334	2154
3.70807	2154
3.71627	2154
3.72202	2154
3.72863	2154
3.73496	2154
3.74071	2154
3.74556	2154
3.75029	2154
3.75652	2154
3.76177	2154
3.76897	2154
3.77232	2154
3.77846	2154
3.78478	2154
3.78766	2154
3.79291	2154
3.79724	2154
3.80299	2154
3.80772	2154
3.81304	2154
3.82167	2154
3.8265	2154
3.83125	2154
3.83225	2154
3.83748	2154
3.84248	2154
3.84371	2154
3.84896	2154
3.85341	2154
3.85616	2154
3.86142	2154
3.86674	2154
3.8715	2154
3.87688	2154
3.8812	2154
3.88395	2154
3.88868	2154
3.89353	2154
3.89976	2154
3.90402	2154
3.90999	2154
3.91222	2154
3.91747	2154
3.92467	2154
3.92802	2154
3.93416	2154
3.94048	2154
3.94623	2154
3.95196	2154
3.95681	2154
3.96204	2154
3.96742	2154
3.97274	2154
3.97737	2154
3.98223	2154
3.98795	2154
3.99318	2154
3.99844	2154
4.00341	2154
4.00564	2154
4.01037	2154
4.01522	2154
4.02097	2154
4.0257	2154
4.03067	2154
4.03342	2154
4.03816	2154
4.043	2154
4.04923	2154
4.05449	2154
4.05981	2154
4.06456	2154
4.06842	2154
4.07414	2154
4.0775	2154
4.08363	2154
4.0876	2154
4.09283	2154
4.09944	2154
4.10341	2154
4.10864	2154
4.11477	2154
4.12109	2154
4.12684	2154
4.13258	2154
4.13942	2154
4.14265	2154
4.14891	2154
4.15523	2154
4.15798	2154
4.16372	2154
4.17056	2154
4.17379	2154
4.17905	2154
4.18637	2154
4.18912	2154
4.19498	2154
4.1997	2154
4.20493	2154
4.20919	2154
4.21416	2154
4.21739	2154
4.22264	2154
4.22797	2154
4.23272	2154
4.23745	2154
4.2423	2154
4.24853	2154
4.25378	2154
4.25811	2154
4.26386	2154
4.26859	2154
4.27344	2154
4.27967	2154
4.28492	2154
4.28925	2154
4.295	2154
4.30073	2154
4.30793	2154
4.31368	2154
4.31842	2154
4.32326	2154
4.32949	2154
4.33475	2154
4.33907	2154
4.34482	2154
4.34956	2154
4.3544	2154
4.36063	2154
4.36589	2154
4.37021	2154
4.37596	2154
4.3807	2154
4.38554	2154
4.39177	2154
4.39603	2154
4.40148	2154
4.4071	2154
4.41284	2154
4.41768	2154
4.42004	2154
4.42617	2154
4.43249	2154
4.43824	2154
4.44398	2154
4.44882	2154
4.45405	2154
4.45931	2154
4.46463	2154
4.46938	2154
4.47412	2154
4.47996	2154
4.48519	2154
4.49092	2154
4.49765	2154
4.501	2154
4.50626	2154
4.51346	2154
4.51921	2154
4.52494	2154
4.52979	2154
4.53502	2154
4.54027	2154
4.5456	2154
4.55035	2154
4.55993	2154
4.56616	2154
4.56616	2154
4.57574	2154
4.58149	2154
4.58149	2154
4.59107	2154
4.5973	2154
4.5973	2154
4.60688	2154
4.61263	2154
4.61263	2154
4.62221	2154
4.62844	2154
4.62944	2154
4.63802	2154
4.64477	2154
4.64677	2154
4.65335	2154
4.65958	2154
4.66158	2154
4.66916	2154
4.67591	2154
4.67791	2154
4.68361	2154
4.69036	2154
4.6911	2154
4.69794	2154
4.70317	2154
4.70317	2154
4.70988	2154
4.71563	2154
4.71563	2154
4.75012	1678
4.75922	1678
4.76248	1678
4.76845	1678
4.77556	1678
4.77829	1678
4.78426	1678
4.79136	1678
4.79362	1678
4.79994	1678
4.8067	1678
4.8123	1678
4.81828	1678
4.82524	1678
4.82624	1678
4.83308	1678
4.83984	1678
4.84344	1678
4.84942	1678
4.85664	1678
4.85925	1678
4.86522	1678
4.87271	1678
4.87371	1678
4.88068	1678
4.88691	1678
4.88704	1678
4.89401	1678
4.91157	1678
4.91818	1678
4.9245	1678
4.93126	1678
4.93399	1678
4.93984	1678
4.94606	1678
4.9498	1678
4.95564	1678
4.9624	1678
4.96513	1678
4.97433	1678
4.98008	1678
4.98381	1678
4.98978	1678
4.99689	1678
4.99914	1678
5.00547	1678
5.01222	1678
5.01495	1678
5.0208	1678
5.02703	1678
5.03364	1678
5.03961	1678
5.04609	1678
5.04709	1678
5.05406	1678
5.06017	1678
5.06765	1678
5.07685	1678
5.08308	1678
5.08634	1678
5.09266	1678
5.09841	1678
5.10214	1678
5.10799	1678
5.11422	1678
5.11748	1678
5.1238	1678
5.1329	1678
5.13616	1678
5.14248	1678
5.15024	1678
5.15297	1678
5.16182	1678
5.1703	1678
5.1713	1678
5.18038	1678
5.18911	1678
5.19011	1678
5.19906	1678
5.20876	1678
5.20976	1678
5.21687	1678
5.22312	1678
5.22412	1678
5.23255	1594
5.24213	1594
5.24313	1594
5.25124	1594
5.25894	1594
5.25994	1594
5.26657	1594
5.27615	1594
5.27715	1594
5.28438	1594
5.29196	1594
5.29296	1594
5.29918	1594
5.31064	1594
5.31164	1594
5.31839	1594
5.32932	1594
5.33032	1594
5.33708	1594
5.34466	1594
5.34566	1594
5.35376	1594
5.36334	1594
5.36434	1594
5.37244	1594
5.37915	1594
5.38015	1594
5.38825	1594
5.39783	1594
5.39883	1594
5.40694	1594
5.41939	1594
5.42039	1594
5.42762	1594
5.43808	1594
5.43908	1594
5.44718	1594
5.45676	1594
5.45776	1594
5.46586	1594
5.4788	1594
5.4798	1594
5.48655	1594
5.49748	1594
5.49848	1594
5.50658	1594
5.51616	1594
5.51716	1594
5.52492	1594
5.5315	1594
5.5325	1594
5.53972	1594
5.54695	1594
5.54795	1594
5.55406	1594
5.56176	1594
5.56276	1594
5.56951	1594
5.57609	1594
5.57709	1594
5.5842	1594
5.5909	1594
5.5919	1594
5.6	1594
5.60671	1594
5.60671	1594
5.61534	1594
5.62827	1594
5.62827	1594
5.63737	1594
5.64695	1594
5.64795	1594
5.65606	1594
5.66664	1594
5.66764	1594
5.67774	1594
5.68697	1594
5.68797	1594
5.6978	1594
5.70688	1594
5.70888	1594
5.71746	1594
5.72421	1594
5.72521	1594
5.73279	1594
5.73902	1594
5.74002	1594
5.7476	1594
5.7546	1594
5.7556	1594
5.76393	1594
5.77093	1594
5.77104	1594
5.77804	1594
5.78597	1594
5.78697	1594
5.79307	1594
5.80265	1594
5.80365	1594
5.81176	1594
5.82421	1594
5.82521	1594
5.83332	1594
5.8429	1594
5.8439	1594
5.852	1594
5.86493	1594
5.86593	1594
5.87216	1594
5.88026	1594
5.88126	1594
5.88937	1594
5.89607	1594
5.89707	1594
5.90518	1594
5.91476	1594
5.91576	1594
5.92386	1594
5.93009	1594
5.93109	1594
5.93919	1594
5.94877	1594
5.94977	1594
5.956	1594
5.96458	1594
5.96558	1594
5.97368	1594
5.98614	1594
5.98714	1594
5.99524	1594
6.00482	1594
6.00582	1594
6.01393	1594
6.02686	1594
6.02786	1594
6.03461	1594
6.04219	1594
6.04319	1594
6.0513	1594
6.06088	1594
6.06188	1594
6.06998	1594
6.07956	1594
6.08056	1594
6.08866	1594
6.09537	1594
6.09637	1594
6.10447	1594
6.11405	1594
6.11405	1594
6.12316	1594
6.12986	1594
6.12986	1594
6.13896	1594
6.15142	1594
6.15142	1594
6.16052	1594
6.1701	1594
6.1711	1594
6.18021	1594
6.19166	1594
6.19266	1594
6.20177	1594
6.21135	1594
6.21235	1594
6.22245	1594
6.23103	1594
6.23203	1594
6.23926	1594
6.24772	1594
6.24872	1594
6.25682	1594
6.26352	1594
6.26452	1594
6.2755	1594
6.28508	1594
6.28608	1594
6.29754	1594
6.30712	1594
6.30812	1594
6.31622	1594
6.32916	1594
6.33016	1594
6.34114	1594
6.35072	1594
6.35172	1594
6.35982	1594
6.37228	1594
6.37328	1594
6.38138	1594
6.38808	1594
6.38908	1594
6.39719	1594
6.40677	1594
6.40777	1594
6.41452	1594
6.42122	1594
6.42222	1594
6.42933	1594
6.43656	1594
6.43756	1594
6.44466	1594
6.45136	1594
6.45236	1594
6.45947	1594
6.46905	1594
6.47005	1594
6.47815	1594
6.49061	1594
6.49161	1594
6.50019	1594
6.51264	1594
6.51364	1594
6.52175	1594
6.54704	1467
6.55001	1467
6.55912	1467
6.56672	1467
6.5687	1467
6.5778	1467
6.58403	1467
6.58503	1467
6.59313	1467
6.60174	1467
6.60271	1467
6.60994	1467
6.61755	1467
6.61852	1467
6.62762	1467
6.63423	1467
6.6372	1467
6.64631	1467
6.65579	1467
6.65876	1467
6.66787	1467
6.67783	1467
6.6808	1467
6.6899	1467
6.70562	1467
6.71194	1467
6.72104	1467
6.73162	1467
6.73262	1467
6.74398	1467
6.75331	1467
6.75431	1467
6.76567	1467
6.77299	1467
6.77374	1467
6.78135	1467
6.78932	1467
6.79032	1467
6.79843	1467
6.80501	1467
6.80601	1467
6.81411	1467
6.82272	1467
6.82404	1467
6.83315	1467
6.84076	1467
6.8456	1467
6.85471	1467
6.86467	1467
6.87387	1467
6.88297	1467
6.88958	1467
6.89543	1467
6.90453	1467
6.91114	1467
6.91459	1467
6.92657	1467
6.9333	1467
6.93615	1467
6.9439	1467
6.95148	1467
6.95248	1467
6.96058	1467
6.96719	1467
6.97016	1467
6.97927	1467
6.986	1467
6.98885	1467
6.99795	1467
7.00456	1467
7.01088	1467
7.01999	1467
7.0449	1319
7.0459	1319
7.05736	1319
7.06646	1319
7.06746	1319
7.07604	1319
7.0885	1319
7.0895	1319
7.09808	1319
7.10718	1319
7.10818	1319
7.11676	1319
7.12874	1319
7.12974	1319
7.1388	1319
7.15078	1319
7.15178	1319
7.16323	1319
7.17234	1319
7.17334	1319
7.18814	1319
7.2006	1319
7.2016	1319
7.22264	1319
7.23374	1319
7.236	1319
7.24644	1319
7.25765	1319
7.25965	1319
7.27049	1319
7.27946	1319
7.28046	1319
7.28917	1319
7.29714	1319
7.29937	1319
7.30786	1319
7.31683	1319
7.31783	1319
7.32593	1319
7.33439	1319
7.33539	1319
7.34484	1319
7.35284	1319
7.35433	1319
7.3623	1319
7.37498	1319
7.37598	1319
7.38744	1319
7.39654	1319
7.39754	1319
7.41235	1319
7.42146	1319
7.42246	1319
7.43151	1319
7.44062	1319
7.44162	1319
7.45307	1319
7.46218	1319
7.46318	1319
7.47176	1319
7.48086	1319
7.48186	1319
7.49044	1319
7.50242	1319
7.50342	1319
7.512	1319
7.5211	1319
7.5221	1319
7.53404	1319
7.54602	1319
7.54702	1319
7.5556	1319
7.57093	1319
7.57193	1319
7.58051	1319
7.58961	1319
7.59061	1319
7.60254	1319
7.61165	1319
7.61265	1319
7.6241	1319
7.63321	1319
7.63421	1319
7.64279	1319
7.65237	1319
7.65337	1319
7.6677	1319
7.6768	1319
7.6778	1319
7.68638	1319
7.69884	1319
7.69984	1319
7.7113	1319
7.7204	1319
7.7214	1319
7.73621	1319
7.74731	1319
7.74931	1319
7.76089	1319
7.77135	1319
7.77335	1319
7.7848	1319
7.79652	1319
7.79752	1319
7.80684	1319
7.81494	1319
7.81594	1319
7.82452	1319
7.83586	1319
7.83686	1319
7.84544	1319
7.85454	1319
7.85554	1319
7.867	1319
7.87945	1319
7.88045	1319
7.89191	1319
7.90436	1319
7.90536	1319
7.91682	1319
7.92928	1319
7.93028	1319
7.94173	1319
7.95131	1319
7.95231	1319
7.96664	1319
7.9791	1319
7.9801	1319
7.98868	1319
8.00066	1319
8.00166	1319
8.01359	1319
8.02557	1319
8.02657	1319
8.0385	1319
8.05048	1303
8.05148	1303
8.06342	1303
8.0754	1303
8.0764	1303
8.08498	1303
8.09408	1303
8.09508	1303
8.10414	1303
8.11324	1303
8.11424	1303
8.12234	1303
8.1348	1303
8.1358	1303
8.14438	1303
8.15348	1303
8.15448	1303
8.16306	1303
8.17504	1303
8.17604	1303
8.18798	1303
8.19996	1303
8.20096	1303
8.21289	1303
8.22487	1303
8.22587	1303
8.2378	1303
8.2469	1303
8.2479	1303
8.25648	1303
8.26846	1303
8.26946	1303
8.28104	1303
8.29215	1303
8.29415	1303
8.30508	1303
8.31718	1303
8.31967	1303
8.33064	1303
8.3427	1303
8.34368	1303
8.35268	1303
8.36066	1303
8.36266	1303
8.37059	1303
8.3935	1217
8.3945	1217
8.40548	1217
8.41506	1217
8.41606	1217
8.42516	1217
8.4371	1217
8.4381	1217
8.44908	1217
8.46201	1217
8.46301	1217
8.47399	1217
8.48692	1217
8.48792	1217
8.4989	1217
8.51183	1217
8.51283	1217
8.52194	1217
8.53339	1217
8.53439	1217
8.54362	1217
8.56166	1217
8.56266	1217
8.57364	1217
8.58369	1217
8.58469	1217
8.59567	1217
8.60813	1217
8.60913	1217
8.61823	1217
8.63304	1217
8.63404	1217
8.64314	1217
8.65795	1217
8.65895	1217
8.66706	1217
8.68286	1217
8.68386	1217
8.69297	1217
8.7049	1217
8.7059	1217
8.714	1217
8.73269	1217
8.73369	1217
8.74227	1217
8.75472	1217
8.75572	1217
8.7667	1217
8.77964	1217
8.78064	1217
8.78874	1217
8.80455	1217
8.80555	1217
8.81865	1217
8.83234	1217
8.83334	1217
8.84644	1217
8.8606	1217
8.8616	1217
8.87458	1217
8.88551	1217
8.88651	1217
8.89562	1217
8.9224	1094
8.9234	1094
8.93398	1094
8.94409	1094
8.94509	1094
8.95502	1094
8.96677	1094
8.96777	1094
8.9787	1094
8.98881	1094
8.98981	1094
9.00026	1094
9.01084	1094
9.01184	1094
9.0223	1094
9.03276	1094
9.03476	1094
9.04421	1094
9.05419	1094
9.05619	1094
9.07858	1094
9.08868	1094
9.08968	1094
9.10014	1094
9.11024	1094
9.11124	1094
9.12218	1094
9.13416	1094
9.13516	1094
9.14709	1094
9.15719	1094
9.15819	1094
9.16965	1094
9.17923	1094
9.18023	1094
9.19356	1094
9.20366	1094
9.20466	1094
9.2156	1094
9.2338	1094
9.2348	1094
9.24674	1094
9.25872	1094
9.25972	1094
9.26977	1094
9.28075	1094
9.28175	1094
9.29321	1094
9.30566	1094
9.30666	1094
9.31812	1094
9.33058	1094
9.33258	1094
9.34516	1094
9.35961	1094
9.36161	1094
9.37507	1094
9.38805	1094
9.39088	1094
9.40486	1094
9.41431	1094
9.4168	1094
9.42677	1094
9.43722	1094
9.43822	1094
9.44868	1094
9.45914	1094
9.46014	1094
9.47059	1094
9.48105	1094
9.48205	1094
9.4935	1094
9.50496	1094
9.50596	1094
9.52364	1094
9.5361	1094
9.5371	1094
9.55191	1094
9.56389	1094
9.56489	1094
9.57682	1094
9.5888	1094
9.5898	1094
9.59986	1094
9.61084	1094
9.61184	1094
9.62329	1094
9.6334	1094
9.6344	1094
9.64533	1094
9.65731	1094
9.65831	1094
9.67024	1094
9.6918	1094
9.6928	1094
9.70761	1094
9.72582	1094
9.72682	1094
9.74162	1094
9.75408	1094
9.75508	1094
9.76989	1094
9.77999	1094
9.78099	1094
9.79157	1094
9.80055	1094
9.80155	1094
9.81013	1094
9.81836	1094
9.81936	1094
9.82882	1094
9.83792	1094
9.83892	1094
9.85373	1094
9.86618	1094
9.86818	1094
9.88299	1094
9.89732	1094
9.89932	1094
9.91278	1094
9.92611	1094
9.92711	1094
9.93804	1094
9.95002	1094
9.95102	1094
9.9616	1094
9.97271	1094
9.97371	1094
9.98364	1094
9.99474	1094
9.99574	1094
10.0063	1094
10.0167	1094
10.0177	1094
10.0315	1094
10.0439	1078
10.0449	1078
10.0626	1078
10.0746	1078
10.0756	1078
10.0904	1078
10.1005	1078
10.1015	1078
10.1153	1078
10.1254	1078
10.1264	1078
10.2585	1009
10.2691	1009
10.2701	1009
10.2835	1009
10.2959	1009
10.2969	1009
10.3922	1009
10.4038	1009
10.4048	1009
10.4158	1009
10.4278	1009
10.4288	1009
10.4554	1009
10.4664	1009
10.4674	1009
10.479	1009
10.491	1009
10.491	1009
10.502	1009
10.514	1009
10.515	1009
10.5266	1009
10.5356	1009
10.5376	1009
10.5462	1009
10.5556	1009
10.5566	1009
10.5652	1009
10.5742	1009
10.5756	1009
10.5842	1009
10.5933	1009
10.5953	1009
10.6104	1067
10.6218	1116
10.6228	1116
10.6324	1152
10.6428	1310
10.6438	1310
10.6524	1310
10.6605	1310
10.6625	1310
10.6705	1310
10.6796	1310
10.6806	1310
10.689	1310
10.697	1310
10.6995	1310
10.7071	1310
10.7169	1310
10.7179	1310
10.7261	1310
10.7341	1310
10.7351	1310
10.7442	1310
10.7537	1310
10.7547	1310
10.7638	1310
10.7714	1310
10.7724	1310
10.7812	1310
10.7909	1310
10.7919	1310
10.7994	1310
10.8084	1310
10.8094	1310
10.8189	1310
10.8271	1310
10.8281	1310
10.8365	1310
10.8456	1310
10.8466	1310
10.8557	1310
10.8635	1310
10.8655	1310
10.8733	1310
10.8821	1310
10.8831	1310
10.8923	1310
10.9008	1310
10.9028	1310
10.9104	1310
10.9198	1310
10.9208	1310
10.9298	1310
10.9378	1310
10.9394	1310
10.9477	1310
10.9567	1310
10.9577	1310
10.9663	1310
10.9746	1310
10.9766	1310
10.9848	1310
10.9932	1310
10.9942	1310
11.0032	1310
11.0115	1310
11.0125	1310
11.0196	1310
11.0266	1310
11.0276	1310
11.0346	1310
11.0411	1310
11.0425	1310
11.0495	1310
11.0565	1310
11.0575	1310
11.0631	1310
11.0709	1310
11.0719	1310
11.0782	1310
11.0908	1310
11.0919	1310
11.1034	1310
11.1148	1310
11.1168	1310
11.1279	1310
11.1395	1310
11.1405	1310
11.1494	1310
11.157	1323
11.159	1323
11.1676	1388
11.1758	1389
11.1768	1389
11.1853	1391
11.1935	1475
11.1945	1475
11.2011	1475
11.2091	1475
11.2102	1475
11.2182	1475
11.2251	1475
11.2271	1475
11.2341	1475
11.243	1475
11.2436	1475
11.2519	1475
11.2589	1475
11.2599	1475
11.2679	1475
11.2758	1475
11.2768	1475
11.2838	1475
11.2915	1475
11.2925	1475
11.3004	1475
11.3075	1475
11.3085	1475
11.3161	1475
11.3241	1475
11.3252	1475
11.3322	1475
11.3401	1475
11.3411	1475
11.3493	1475
11.3578	1475
11.3588	1475
11.3659	1475
11.3735	1475
11.3745	1475
11.3836	1475
11.3902	1475
11.396	1475
11.4051	1475
11.4129	1475
11.4147	1475
11.4238	1475
11.4304	1475
11.4334	1475
11.4425	1475
11.4612	1475
11.4622	1475
11.4708	1475
11.4799	1475
11.4809	1475
11.4928	1475
11.4996	1475
11.5006	1475
11.5086	1475
11.5177	1475
11.5177	1475
11.5302	1475
11.5393	1475
11.5393	1475
11.5489	1475
11.5608	1475
11.5608	1475
11.5738	1475
11.5829	1475
11.5839	1475
11.5934	1475
11.6044	1475
11.6054	1475
11.615	1475
11.6265	1475
11.6275	1475
11.6451	1475
11.6543	1475
11.6553	1475
11.6638	1475
11.6763	1475
11.6773	1475
11.6887	1475
11.6978	1475
11.6988	1475
11.7074	1475
11.7199	1475
11.7209	1475
11.7295	1475
11.7414	1475
11.7424	1475
11.7544	1475
11.7664	1475
11.7674	1475
11.7793	1475
11.7884	1475
11.7894	1475
11.8013	1475
11.8133	1475
11.8143	1475
11.8258	1475
11.8416	1475
11.8426	1475
11.854	1475
11.866	1475
11.867	1475
11.8818	1475
11.8943	1475
11.8953	1475
11.9038	1475
11.913	1475
11.914	1475
11.9254	1475
11.935	1475
11.936	1475
11.9474	1475
11.9594	1475
11.9604	1475
11.9724	1475
11.9815	1475
11.9825	1475
11.991	1475
12.0001	1475
12.0011	1475
12.0126	1475
12.0217	1475
12.0227	1475
12.0346	1475
12.0437	1475
12.0437	1475
12.0562	1475
12.0715	1475
12.0715	1475
12.0845	1475
12.0964	1475
12.0974	1475
12.107	1475
12.1185	1475
12.1195	1475
12.1309	1475
12.1434	1475
12.1444	1475
12.1558	1475
12.1683	1475
12.1693	1475
12.1808	1475
12.1899	1475
12.1909	1475
12.1999	1475
12.2148	1475
12.2158	1475
12.2244	1475
12.2368	1475
12.2378	1475
12.2493	1475
12.2617	1475
12.2627	1475
12.2742	1475
12.2866	1475
12.2876	1475
12.2991	1475
12.3115	1475
12.3125	1475
12.324	1475
12.3336	1475
12.3346	1475
12.3489	1475
12.358	1475
12.359	1475
12.3738	1475
12.3829	1475
12.3839	1475
12.3959	1475
12.405	1475
12.406	1475
12.4208	1475
12.4299	1475
12.4309	1475
12.4423	1475
12.4514	1475
12.4528	1475
12.4597	1475
12.4672	1475
12.4682	1475
12.4762	1475
12.4837	1475
12.4847	1475
12.4922	1475
12.5046	1475
12.5056	1475
12.5142	1475
12.5295	1475
12.5305	1475
12.5391	1475
12.5544	1475
12.5544	1475
12.564	1475
12.576	1475
12.576	1475
12.5861	1475
12.6009	1475
12.6009	1475
12.611	1475
12.6229	1475
12.6239	1475
12.6354	1475
12.6456	1475
12.6466	1475
12.6562	1475
12.6679	1475
12.6689	1475
12.6781	1475
12.6887	1475
12.6907	1475
12.6977	1475
12.7057	1475
12.7067	1475
12.7146	1475
12.7226	1475
12.7236	1475
12.735	1475
12.7446	1475
12.7456	1475
12.76	1475
12.7662	1475
12.7672	1475
12.7786	1475
12.7877	1475
12.7887	1475
12.7973	1475
12.8064	1475
12.8074	1475
12.816	1475
12.8251	1475
12.8261	1475
12.8347	1475
12.8438	1475
12.8448	1475
12.8534	1475
12.8625	1475
12.8635	1475
12.8725	1475
12.8816	1475
12.8826	1475
12.8907	1475
12.9032	1475
12.9042	1475
12.9157	1475
12.9281	1475
12.9291	1475
12.9377	1475
12.9497	1475
12.9507	1475
12.9593	1475
12.9684	1475
12.9694	1475
12.9813	1475
12.9904	1475
12.9914	1475
13	1475
13.0091	1475
13.0101	1475
13.0215	1475
13.0306	1475
13.0316	1475
13.0407	1475
13.0527	1475
13.0537	1475
13.0623	1475
13.0714	1475
13.0724	1475
13.0838	1475
13.0963	1475
13.0963	1475
13.1087	1475
13.1178	1475
13.1178	1475
13.1308	1475
13.1427	1475
13.1437	1475
13.1835	1186
13.195	1186
13.197	1186
13.21	1186
13.2196	1186
13.2216	1186
13.2307	1186
13.2406	1186
13.2416	1186
13.2507	1186
13.2603	1186
13.2613	1186
13.2713	1186
13.2802	1186
13.2822	1186
13.2913	1186
13.3019	1186
13.3029	1186
13.3124	1186
13.3219	1186
13.3267	1186
13.3578	1186
13.3665	1186
13.3703	1186
13.3828	1186
13.3914	1186
13.3952	1186
13.4043	1186
13.4139	1186
13.4159	1186
13.424	1186
13.4341	1186
13.4351	1186
13.4452	1186
13.4546	1186
13.4566	1186
13.4657	1186
13.4753	1186
13.4762	1186
13.4863	1186
13.4959	1186
13.5011	1186
13.526	1186
13.5356	1186
13.5385	1186
13.548	1186
13.5575	1186
13.5634	1186
13.5758	1186
13.5844	1186
13.5854	1186
13.5955	1186
13.6041	1186
13.6061	1186
13.6153	1186
13.6238	1186
13.6248	1186
13.6325	1186
13.6391	1186
13.6401	1186
13.6482	1186
13.6558	1186
13.6573	1186
13.6784	1186
13.6903	1186
13.6923	1186
13.7054	1186
13.7172	1186
13.7192	1186
13.7322	1186
13.7451	1186
13.7461	1186
13.7552	1186
13.7658	1186
13.7668	1186
13.7768	1186
13.7854	1186
13.7874	1186
13.7962	1186
13.806	1186
13.8073	1186
13.8179	1186
13.8267	1186
13.8277	1186
13.8374	1186
13.8469	1186
13.8499	1186
13.8623	1186
13.8718	1186
13.8752	1186
13.8901	1186
13.9001	1186
13.903	1186
13.9121	1186
13.9216	1186
13.9246	1186
13.9337	1186
13.9423	1186
13.9466	1186
13.9557	1186
13.9643	1186
13.9682	1186
13.9773	1186
13.9869	1186
13.9902	1186
13.9993	1186
14.0089	1186
14.0118	1186
14.0242	1186
14.0339	1186
14.0367	1186
14.0492	1186
14.0586	1186
14.065	1186
14.0741	1186
14.0837	1186
14.0865	1186
14.0956	1186
14.1042	1186
14.1086	1186
14.1177	1186
14.1263	1186
14.1301	1186
14.1397	1186
14.1492	1186
14.1522	1186
14.1641	1186
14.1717	1186
14.1771	1186
14.189	1186
14.1967	1186
14.202	1186
14.214	1186
14.2266	1186
14.2289	1186
14.2409	1186
14.2538	1186
14.2558	1186
14.2685	1186
14.2774	1186
14.2784	1186
14.2885	1186
14.2974	1186
14.2994	1186
14.3084	1186
14.3183	1186
14.3232	1186
14.3385	1186
14.3543	1186
14.3553	1186
14.3649	1186
14.3792	1186
14.3802	1186
14.3893	1186
14.4042	1186
14.4052	1186
14.4143	1186
14.4262	1186
14.4272	1186
14.4363	1186
14.4469	1186
14.4479	1186
14.4572	1186
14.4666	1186
14.4686	1186
14.4779	1186
14.4872	1186
14.4882	1186
14.4982	1186
14.51	1186
14.511	1186
14.5225	1186
14.5349	1186
14.5359	1186
14.5445	1186
14.5599	1186
14.5609	1186
14.5694	1186
14.5848	1186
14.5858	1186
14.5949	1186
14.6068	1186
14.6078	1186
14.6169	1186
14.6284	1186
14.6294	1186
14.6385	1186
14.6504	1186
14.6514	1186
14.6595	1186
14.672	1186
14.673	1186
14.6844	1186
14.6969	1186
14.6979	1186
14.706	1186
14.7218	1186
14.7228	1186
14.7359	1186
14.7487	1186
14.7507	1186
14.7623	1186
14.7756	1186
14.7776	1186
14.7897	1186
14.7996	1186
14.8006	1186
14.8107	1186
14.8192	1186
14.8212	1186
14.8372	1071
14.8492	1071
14.8502	1071
14.865	1071
14.8753	1071
14.8773	1071
14.8899	1071
14.9024	1071
14.9034	1071
14.9148	1071
14.9273	1071
14.9283	1071
14.9431	1071
14.9551	1071
14.9561	1071
14.968	1071
14.9781	1071
14.9801	1071
14.9906	1071
15.002	1071
15.003	1071
15.015	1071
15.0298	1071
15.0308	1071
15.0428	1071
15.0547	1071
15.0557	1071
15.0705	1071
15.0807	1071
15.0827	1071
15.0955	1071
15.1079	1071
15.1089	1071
15.1237	1071
15.1357	1071
15.1367	1071
15.1515	1071
15.164	1071
15.165	1071
15.1764	1071
15.1889	1071
15.1899	1071
15.2018	1071
15.2138	1071
15.2148	1071
15.2262	1071
15.2387	1071
15.2407	1071
15.2543	1071
15.2689	1071
15.2708	1071
15.2843	1071
15.2989	1071
15.3009	1071
15.3148	1071
15.3248	1071
15.3268	1071
15.3368	1071
15.3477	1071
15.3487	1071
15.3597	1071
15.3696	1071
15.3716	1071
15.3816	1071
15.3926	1071
15.3944	1071
15.4044	1071
15.4159	1071
15.4169	1071
15.4277	1071
15.438	1071
15.44	1071
15.4538	1071
15.4658	1071
15.4668	1071
15.4787	1071
15.4907	1071
15.4917	1071
15.5036	1071
15.5137	1071
15.5157	1071
15.5257	1071
15.5376	1071
15.5386	1071
15.5501	1071
15.5626	1071
15.5636	1071
15.575	1071
15.5851	1071
15.5871	1071
15.5971	1071
15.6124	1071
15.6134	1071
15.6248	1071
15.6373	1071
15.6383	1071
15.6498	1071
15.6622	1071
15.6632	1071
15.6747	1071
15.6842	1071
15.6862	1071
15.6996	1071
15.712	1071
15.713	1071
15.7245	1071
15.7369	1071
15.7379	1071
15.7494	1071
15.759	1071
15.76	1071
15.7777	1071
15.7918	1071
15.7938	1071
15.8076	1071
15.8275	1026
15.8295	1026
15.8435	1026
15.8544	1026
15.8564	1026
15.8674	1026
15.8783	1026
15.8793	1026
15.8903	1026
15.9051	1026
15.9061	1026
15.9176	1026
15.9281	1026
15.9301	1026
15.9453	1026
15.9616	1026
15.9626	1026
15.9798	1026
15.9985	1026
15.9995	1026
16.0139	1026
16.0268	1026
16.0278	1026
16.0388	1026
16.0498	1026
16.0518	1026
16.0628	1026
16.0733	1026
16.0743	1026
16.0854	1026
16.0969	1026
16.0989	1026
16.1094	1026
16.1209	1026
16.1219	1026
16.1323	1026
16.148	1026
16.149	1026
16.1633	1026
16.1763	1026
16.1773	1026
16.1882	1026
16.2012	1026
16.2022	1026
16.2131	1026
16.2261	1026
16.2271	1026
16.2381	1026
16.251	1026
16.252	1026
16.263	1026
16.2759	1026
16.2769	1026
16.2879	1026
16.3037	1026
16.3057	1026
16.319	1026
16.335	1026
16.337	1026
16.3519	1026
16.3659	1026
16.3688	1026
16.3788	1026
16.3897	1026
16.3917	1026
16.4022	1026
16.4136	1026
16.4156	1026
16.426	1026
16.4375	1026
16.4385	1026
16.4499	1026
16.4656	1026
16.4666	1026
16.4781	1026
16.4968	1026
16.4978	1026
16.5092	1026
16.5279	1026
16.5289	1026
16.539	1026
16.5528	1026
16.5538	1026
16.5649	1026
16.5777	1026
16.5787	1026
16.5898	1026
16.6008	1026
16.6028	1026
16.6137	1026
16.628	958
16.64	958
16.6557	958
16.6667	958
16.6711	958
16.6869	958
16.6978	958
16.7023	958
16.7138	958
16.7251	958
16.7272	958
16.74	958
16.751	958
16.755	958
16.7649	958
16.7739	958
16.7832	958
16.7961	958
16.8115	958
16.8268	958
16.8413	958
16.8577	958
16.86	958
16.8758	958
16.8915	958
16.8925	958
16.9045	958
16.9165	958
16.9185	958
16.9291	958
16.9419	958
16.9439	958
16.9551	958
16.9669	958
16.9689	958
16.9803	958
16.9928	958
16.9938	958
17.0056	958
17.0175	958
17.0195	958
17.0308	958
17.0429	958
17.0449	958
17.0569	958
17.0679	958
17.0699	958
17.0818	958
17.0946	958
17.0956	958
17.1071	958
17.1196	958
17.1206	958
17.132	958
17.1478	958
17.1488	958
17.1608	958
17.1727	958
17.1737	958
17.1857	958
17.2005	958
17.2015	958
17.214	958
17.2288	958
17.2298	958
17.2418	958
17.2537	958
17.2547	958
17.2667	958
17.2815	958
17.2825	958
17.2949	958
17.3098	958
17.3108	958
17.3217	958
17.3375	958
17.3385	958
17.35	958
17.3658	958
17.3678	958
17.3828	958
17.3986	958
17.4006	958
17.416	958
17.4329	958
17.4348	958
17.4467	958
17.4586	958
17.4596	958
17.4711	958
17.4839	958
17.4859	958
17.4969	958
17.5082	958
17.5102	958
17.5222	958
17.5368	958
17.5378	958
17.5522	958
17.5713	958
17.5723	958
17.5848	958
17.6053	918
17.6207	918
17.6326	918
17.6445	918
17.6461	918
17.6584	918
17.6704	918
17.6739	918
17.6855	918
17.6973	918
17.6998	918
17.7112	918
17.7232	918
17.7257	918
17.7375	918
17.7506	918
17.7516	918
17.7644	918
17.7765	918
17.786	918
17.7974	918
17.8099	918
17.8137	918
17.8257	918
17.8356	918
17.842	918
17.8515	918
17.8619	918
17.8669	918
17.8798	918
17.8887	918
17.8947	918
17.9105	918
17.927	918
17.93	918
17.945	918
17.962	918
17.964	918
17.9758	918
17.9883	918
17.9893	918
18.0021	918
18.014	918
18.016	918
18.0288	918
18.0408	918
18.0423	918
18.0548	918
18.0671	918
18.0724	918
18.0853	918
18.0971	918
18.1065	918
18.1226	918
18.1346	918
18.1376	918
18.1496	918
18.1614	918
18.1659	918
18.1773	918
18.1897	918
18.1937	918
18.2056	918
18.2175	918
18.2219	918
18.2334	918
18.2457	918
18.2502	918
18.2625	918
18.2747	918
18.2871	918
18.2999	918
18.3119	918
18.3153	918
18.3273	918
18.339	918
18.3431	918
18.356	918
18.3643	918
18.3743	918
18.3842	918
18.3931	918
18.4025	918
18.418	918
18.4342	918
18.4375	918
18.4535	918
18.4699	918
18.4739	918
18.4859	918
18.4977	918
18.5022	918
18.5147	918
18.527	918
18.5281	918
18.5407	918
18.553	918
18.555	918
18.5666	918
18.5798	918
18.5808	918
18.5937	918
18.6057	918
18.6081	918
18.6209	918
18.6327	918
18.6392	918
18.6517	918
18.6639	918
18.6703	918
18.6828	918
18.6948	918
18.6962	918
18.7081	918
18.7201	918
18.723	918
18.7359	918
18.7478	918
18.7513	918
18.7671	918
18.7791	918
18.7811	918
18.7982	918
18.8102	918
18.8122	918
18.8294	918
18.8418	918
18.8438	918
18.8572	918
18.8696	918
18.8706	918
18.8854	918
18.8974	918
18.8984	918
18.9132	918
18.9286	918
18.9296	918
18.9444	918
18.9607	918
18.9627	918
18.9795	918
18.9953	918
18.9973	918
19.0146	918
19.027	918
19.029	918
19.0409	918
19.0522	918
19.0542	918
19.0662	918
19.079	902
19.08	902
19.0943	902
19.1125	902
19.1135	902
19.1283	902
19.1465	902
19.1475	902
19.1623	902
19.181	902
19.182	902
19.1968	902
19.2088	902
19.2108	902
19.2227	902
19.2357	902
19.2377	902
19.2529	902
19.2682	902
19.2692	902
19.2869	902
19.3022	902
19.3032	902
19.3214	902
19.3367	902
19.3377	902
19.3525	902
19.3645	902
19.3665	902
19.3781	902
19.3916	902
19.3932	902
19.4051	902
19.4181	902
19.4191	902
19.4299	902
19.4393	902
19.4413	902
19.4551	902
19.4737	902
19.4757	902
19.4926	902
19.5089	902
19.5119	902
19.5278	902
19.5446	902
19.5466	902
19.5585	902
19.5714	902
19.5734	902
19.5854	902
19.5983	902
19.5993	902
19.6123	902
19.6246	902
19.6266	902
19.6398	902
19.6511	902
19.6531	902
19.6673	902
19.6855	902
19.6865	902
19.7042	902
19.7168	902
19.7188	902
19.7324	902
19.7444	902
19.7464	902
19.7584	902
19.7727	902
19.7737	902
19.7861	902
19.8005	902
19.8015	902
19.8144	902
19.8287	902
19.8297	902
19.8474	902
19.8632	902
19.8642	902
19.8786	902
19.8939	902
19.8949	902
19.9078	902
19.9222	902
19.9232	902
19.938	902
19.9499	902
19.9519	902
19.9658	902
19.9782	902
19.9792	902
19.994	902
