0.01	0
0.01	0
0.01	0
0.01	0
0.01	0
0.01	0
0.01	0
0.01	0
0.01	0
0.01	0
0.01	0
0.014	0
0.015	0
0.02	0
0.150924	79
0.151924	79
0.161013	234
0.170477	452
0.172445	513
0.181533	692
0.189533	692
0.191533	692
0.199533	692
0.207533	692
0.208533	692
0.216533	692
0.224533	692
0.225533	692
0.234533	692
0.242533	692
0.243533	692
0.251533	692
0.259533	692
0.260533	692
0.268533	692
0.277337	850
0.278337	850
0.284337	850
0.291369	850
0.292466	850
0.298458	850
0.305458	850
0.306458	850
0.313138	850
0.319106	850
0.320106	850
0.327194	850
0.333786	850
0.334754	850
0.341754	850
0.348842	850
0.348842	850
0.355402	850
0.362402	850
0.36349	850
0.369082	850
0.376922	850
0.377922	850
0.384138	850
0.390138	850
0.391608	850
0.39805	850
0.406018	850
0.406018	850
0.418458	1190
0.422458	1190
0.423458	1190
0.4309	1190
0.4349	1190
0.4359	1190
0.44334	1190
0.44734	1190
0.44834	1190
0.453908	1190
0.457908	1190
0.458908	1190
0.465348	1190
0.469348	1190
0.470348	1190
0.477316	1190
0.481316	1190
0.482316	1190
0.49023	1190
0.502198	1190
0.502198	1190
0.515112	1190
0.52708	1190
0.52708	1190
0.539994	1190
0.54574	1190
0.54574	1190
0.558654	1190
0.5644	1190
0.5644	1190
0.577314	1190
0.58306	1190
0.58306	1190
0.592626	1190
0.60172	1190
0.60172	1190
0.611286	1190
0.623728	1190
0.623728	1190
0.633298	1190
0.639046	1190
0.639046	1190
0.648616	1190
0.654838	1197
0.654838	1197
0.664408	1202
0.673504	1202
0.673504	1202
0.679726	1227
0.685948	1258
0.685948	1258
0.690948	1258
0.695518	1260
0.695518	1260
0.701266	1293
0.705992	1293
0.705992	1293
0.710836	1299
0.717058	1326
0.717058	1326
0.721058	1326
0.73285	1326
0.73285	1326
0.74482	1326
0.75439	1333
0.75439	1333
0.766834	1333
0.773056	1333
0.773056	1333
0.7855	1333
0.791722	1334
0.791722	1334
0.804166	1334
0.813736	1334
0.813736	1334
0.822832	1334
0.829054	1334
0.829054	1334
0.83815	1334
0.851068	1334
0.851068	1334
0.860164	1334
0.866386	1334
0.866386	1334
0.872608	1344
0.882178	1344
0.882178	1344
0.887926	1350
0.897496	1352
0.897496	1352
0.903718	1352
0.913288	1352
0.913288	1352
0.922384	1352
0.926732	1366
0.926732	1366
0.934828	1366
0.94105	1373
0.94105	1373
0.94505	1373
0.949272	1373
0.950272	1373
0.954494	1386
0.96259	1386
0.96259	1386
0.97216	1409
0.984612	1409
0.984612	1409
0.990836	1433
0.993836	1433
0.994836	1433
1.00329	1433
1.01287	1433
1.01287	1433
1.02197	1433
1.02819	1433
1.02819	1433
1.04065	1433
1.05022	1433
1.05022	1433
1.05932	1433
1.06555	1433
1.06555	1433
1.07465	1433
1.08423	1452
1.08423	1452
1.09333	1452
1.10003	1452
1.10003	1452
1.10913	1452
1.11535	1452
1.11535	1452
1.12158	1452
1.1278	1471
1.1278	1471
1.1318	1471
1.13503	1471
1.13503	1471
1.14025	1484
1.14648	1484
1.14648	1484
1.15083	1484
1.15558	1484
1.15558	1484
1.16228	1484
1.16803	1484
1.16803	1484
1.17238	1484
1.1776	1484
1.1776	1484
1.18383	1484
1.19005	1484
1.19005	1484
1.19675	1484
1.2025	1484
1.2025	1484
1.20873	1510
1.21173	1510
1.21273	1510
1.21595	1529
1.22118	1529
1.22118	1529
1.2274	1536
1.23363	1536
1.23363	1536
1.23985	1536
1.24608	1536
1.24608	1536
1.2523	1536
1.25853	1536
1.25853	1536
1.26475	1536
1.27098	1555
1.27098	1555
1.27498	1555
1.28008	1555
1.28046	1555
1.28443	1555
1.28965	1555
1.29291	1555
1.29588	1555
1.3021	1555
1.30536	1555
1.30833	1576
1.31205	1597
1.31205	1597
1.31602	1618
1.31902	1618
1.32077	1646
1.32377	1646
1.328	1676
1.328	1676
1.33035	1676
1.3346	1676
1.33657	1698
1.33957	1698
1.34232	1698
1.34318	1698
1.34615	1698
1.3519	1698
1.3519	1698
1.35812	1698
1.36147	1698
1.36147	1698
1.37057	1722
1.37967	1763
1.37967	1763
1.38267	1763
1.38925	1770
1.38925	1770
1.39835	1770
1.40505	1773
1.40505	1773
1.4108	1824
1.4138	1824
1.4138	1824
1.4175	1850
1.4205	1850
1.4205	1850
1.4266	1877
1.43618	1886
1.43618	1886
1.43918	1886
1.44528	1886
1.44528	1886
1.45486	1886
1.46396	1886
1.46396	1886
1.47353	1886
1.48264	1886
1.48264	1886
1.48934	1886
1.49509	1886
1.49509	1886
1.50131	1886
1.50754	1886
1.50754	1886
1.51424	1886
1.51999	1886
1.51999	1886
1.52956	1886
1.53244	1886
1.53244	1886
1.53866	1886
1.54489	1886
1.54489	1886
1.55111	1886
1.55398	1886
1.55498	1886
1.56069	1886
1.56357	1886
1.56357	1886
1.5698	1886
1.57602	1886
1.57602	1886
1.58225	1886
1.58513	1886
1.58513	1886
1.59183	1886
1.59806	1886
1.59806	1886
1.60429	1886
1.61339	1886
1.61339	1886
1.62585	1886
1.6292	1886
1.6292	1886
1.6383	1886
1.64741	1886
1.64741	1886
1.65699	1886
1.66322	1886
1.66322	1886
1.66944	1886
1.67567	1886
1.67567	1886
1.6819	1886
1.68813	1886
1.68813	1886
1.70058	1886
1.70346	1886
1.70346	1886
1.71304	1886
1.72214	1886
1.72214	1886
1.73172	1886
1.7413	1886
1.7413	1886
1.75376	1886
1.75951	1886
1.75951	1886
1.76909	1886
1.77532	1886
1.77532	1886
1.7849	1886
1.79113	1886
1.79113	1886
1.80023	1886
1.80934	1886
1.80934	1886
1.81316	1886
1.81892	1886
1.81892	1886
1.82514	1886
1.83137	1886
1.83137	1886
1.8376	1886
1.84095	1886
1.84095	1886
1.84718	1886
1.85293	1886
1.85293	1886
1.85964	1886
1.86874	1886
1.86874	1886
1.87497	1886
1.87832	1886
1.87832	1886
1.88742	1886
1.89365	1886
1.89365	1886
1.90323	1886
1.91234	1886
1.91234	1886
1.91856	1886
1.92479	1886
1.92479	1886
1.93437	1886
1.94348	1886
1.94348	1886
1.9497	1886
1.95593	1886
1.95593	1886
1.96264	1886
1.97126	1886
1.97126	1886
1.97797	1886
1.98995	1886
1.98995	1886
1.99378	1886
2.00576	1886
2.00576	1886
2.01246	1886
2.02156	1886
2.02156	1886
2.03067	1886
2.04025	1886
2.04025	1886
2.04935	1886
2.05846	1886
2.05846	1886
2.06228	1886
2.07091	1886
2.07091	1886
2.07762	1886
2.08384	1886
2.08384	1886
2.09007	1886
2.09582	1886
2.09582	1886
2.10253	1886
2.10828	1886
2.10828	1886
2.11498	1886
2.12121	1886
2.12121	1886
2.12456	1886
2.13032	1886
2.13032	1886
2.13367	1886
2.13654	1886
2.13654	1886
2.1399	1886
2.14565	1886
2.14565	1886
2.15235	1886
2.1581	1886
2.1581	1886
2.16768	1886
2.17679	1886
2.17679	1886
2.18349	1886
2.18924	1886
2.18924	1886
2.19595	1886
2.20505	1886
2.20505	1886
2.21463	1886
2.22038	1886
2.22038	1886
2.22709	1886
2.23284	1886
2.23284	1886
2.24242	1886
2.24865	1886
2.24865	1886
2.25823	1886
2.26398	1886
2.26398	1886
2.27356	1886
2.28266	1886
2.28266	1886
2.29224	1886
2.30135	1886
2.30135	1886
2.31093	1886
2.32003	1886
2.32103	1886
2.33349	1886
2.34594	1886
2.34794	1886
2.35978	1886
2.37133	1886
2.37333	1886
2.38579	1886
2.39624	1886
2.39824	1886
2.41058	1886
2.4228	1886
2.42403	1886
2.43626	1886
2.44894	1886
2.45094	1886
2.4614	1886
2.47324	1886
2.47524	1886
2.48731	1886
2.49977	1886
2.50177	1886
2.51335	1886
2.52568	1886
2.52668	1886
2.53849	1886
2.55059	1886
2.55259	1886
2.56417	1886
2.5765	1886
2.5785	1886
2.59031	1886
2.60242	1886
2.60342	1886
2.616	1886
2.62733	1886
2.62933	1886
2.64152	1886
2.65336	1886
2.65547	1886
2.66108	1886
2.66792	1886
2.66892	1886
2.67492	1886
2.67903	1886
2.68003	1886
2.68699	1886
2.69296	1886
2.69396	1886
2.69906	1886
2.70567	1886
2.70667	1886
2.71252	1886
2.71852	1886
2.71962	1886
2.72523	1886
2.73123	1886
2.73256	1886
2.73856	1886
2.74466	1886
2.74466	1886
2.75014	1886
2.75612	1886
2.75712	1886
2.76322	1886
2.76983	1886
2.77083	1886
2.77615	1886
2.78215	1886
2.78315	1886
2.78913	1886
2.79574	1886
2.79671	1886
2.80271	1886
2.80882	1886
2.80982	1886
2.81542	1886
2.82187	1886
2.82187	1886
2.82785	1886
2.83385	1886
2.83446	1886
2.84043	1886
2.84643	1886
2.84754	1886
2.85354	1886
2.85999	1886
2.86099	1886
2.86622	1886
2.87248	1886
2.87348	1886
2.8798	1886
2.88528	1886
2.88628	1886
2.89226	1886
2.89736	1886
2.89836	1886
2.90462	1886
2.91094	1886
2.91169	1886
2.91742	1886
2.92327	1886
2.92427	1886
2.9305	1886
2.93623	1886
2.93708	1886
2.94383	1886
2.94954	1886
2.95054	1886
2.95641	1886
2.96299	1886
2.96299	1886
2.96887	1886
2.97445	1886
2.97545	1886
2.9812	1886
2.98781	1886
2.98881	1886
2.99478	1886
3.00026	1886
3.00126	1886
3.00724	1886
3.01346	1886
3.01446	1886
3.02004	1886
3.0268	1886
3.02753	1886
3.03338	1886
3.03938	1886
3.03938	1886
3.04583	1886
3.05183	1886
3.05206	1886
3.05832	1886
3.06476	1886
3.06576	1886
3.07112	1886
3.0771	1886
3.0781	1886
3.0842	1886
3.09043	1886
3.09143	1886
3.09766	1886
3.10339	1886
3.10439	1886
3.11024	1886
3.11572	1886
3.11672	1886
3.12269	1886
3.12844	1886
3.12944	1886
3.13502	1886
3.14125	1886
3.14225	1886
3.14896	1886
3.15471	1886
3.15571	1886
3.16129	1886
3.16704	1886
3.16804	1886
3.17465	1886
3.18062	1886
3.18062	1886
3.1861	1886
3.19255	1886
3.19355	1886
3.19918	1886
3.20588	1886
3.20688	1886
3.21264	1886
3.21834	1886
3.21934	1886
3.22557	1886
3.2317	1886
3.23267	1886
3.23867	1886
3.24416	1886
3.24513	1886
3.25113	1886
3.25758	1886
3.25758	1886
3.26358	1886
3.26981	1886
3.27042	1886
3.27539	1886
3.28014	1886
3.28114	1886
3.28585	1886
3.29085	1886
3.2916	1886
3.29633	1886
3.3003	1886
3.3013	1886
3.30606	1886
3.31166	1886
3.31166	1886
3.31664	1886
3.32186	1886
3.32286	1886
3.32609	1886
3.33109	1886
3.33209	1886
3.33758	1886
3.34102	1886
3.34202	1886
3.34702	1886
3.35238	1886
3.35238	1886
3.35736	1886
3.36211	1886
3.36311	1886
3.36781	1886
3.37256	1886
3.37356	1886
3.3783	1886
3.38227	1886
3.38327	1886
3.3885	1886
3.3946	1886
3.3956	1886
3.40383	1886
3.41106	1886
3.41206	1886
3.42054	1886
3.42862	1886
3.42962	1886
3.43732	1886
3.4458	1886
3.4468	1886
3.45453	1886
3.46223	1886
3.46323	1886
3.47172	1886
3.47944	1886
3.48044	1886
3.48802	1886
3.49625	1886
3.49725	1886
3.50548	1886
3.51393	1886
3.51493	1886
3.52216	1886
3.52839	1886
3.52939	1886
3.53597	1886
3.54172	1886
3.54272	1886
3.54842	1886
3.55403	1886
3.55503	1886
3.56188	1886
3.56701	1890
3.56801	1890
3.57498	1919
3.57947	1919
3.58047	1919
3.58632	1919
3.59205	1919
3.59305	1919
3.5999	1919
3.6055	1919
3.60635	1919
3.61135	1919
3.61784	1924
3.61881	1944
3.62481	1944
3.63029	1944
3.63126	1944
3.63626	1944
3.64275	1944
3.64372	1944
3.64972	1944
3.6552	1944
3.6552	1944
3.66118	1944
3.66766	1944
3.66863	1944
3.67463	1944
3.67959	1944
3.68059	1944
3.68644	1944
3.69219	1944
3.69319	1944
3.69977	1944
3.70477	1944
3.70577	1944
3.71173	1944
3.71758	1944
3.71858	1944
3.72333	1944
3.72904	1944
3.73004	1944
3.73604	1944
3.7424	1944
3.74337	1944
3.74837	1944
3.75485	1944
3.75582	1944
3.76182	1944
3.76793	1944
3.76793	1944
3.77363	1944
3.77938	1944
3.78038	1944
3.78609	1944
3.79184	1944
3.79284	1944
3.79854	1944
3.8043	1944
3.8053	1944
3.811	1944
3.81675	1944
3.81775	1944
3.82346	1944
3.82921	1944
3.83021	1944
3.83591	1944
3.84166	1944
3.84266	1944
3.84837	1944
3.85412	1944
3.85412	1944
3.86082	1944
3.86658	1944
3.86758	1944
3.87328	1944
3.87803	1944
3.87903	1944
3.88574	1944
3.89149	1944
3.89249	1944
3.8981	1944
3.90307	1944
3.90407	1944
3.91055	1944
3.91652	1944
3.91752	1944
3.92201	1944
3.92898	1944
3.92998	1944
3.93508	1944
3.94179	1944
3.94279	1944
3.94754	1944
3.95324	1944
3.95424	1944
3.961	1944
3.9667	1944
3.9667	1944
3.97245	1944
3.97816	1944
3.97916	1944
3.98538	1944
3.99052	1944
3.99152	1944
3.99749	1944
4.00397	1944
4.00494	1944
4.01094	1944
4.01543	1944
4.01643	1944
4.0224	1944
4.02888	1944
4.02986	1944
4.03486	1944
4.04034	1944
4.04134	1944
4.04731	1944
4.05477	1944
4.05477	1944
4.061	1944
4.06722	1944
4.06722	1944
4.07345	1944
4.07968	1944
4.08068	1944
4.08691	1944
4.09214	1944
4.09214	1944
4.09836	1944
4.10459	1944
4.10559	1944
4.11182	1944
4.11705	1944
4.11705	1944
4.12328	1944
4.1295	1944
4.1305	1944
4.13673	1944
4.14196	1944
4.14296	1944
4.14819	1944
4.15777	1944
4.15777	1944
4.16352	1944
4.16935	1944
4.17035	1944
4.1761	1944
4.18268	1944
4.18268	1944
4.18856	1944
4.19426	1944
4.19526	1944
4.20101	1944
4.20672	1944
4.20772	1944
4.21347	1944
4.2197	1944
4.2207	1944
4.22592	1944
4.23115	1944
4.23215	1944
4.23838	1944
4.24461	1944
4.24561	1944
4.25084	1944
4.25742	1944
4.25742	1944
4.26317	1944
4.26987	1944
4.27087	1944
4.27662	1944
4.28233	1944
4.28233	1944
4.28808	1944
4.29478	1944
4.29478	1944
4.30054	1944
4.30724	1944
4.30724	1944
4.31299	1944
4.3197	1944
4.3197	1944
4.32545	1944
4.33215	1944
4.33215	1944
4.3379	1944
4.34748	1944
4.34748	1944
4.35371	1944
4.35706	1944
4.35806	1944
4.36282	1944
4.3724	1944
4.3724	1944
4.37862	1944
4.38485	1944
4.38485	1944
4.39108	1944
4.39731	1944
4.39831	1944
4.40554	1944
4.41364	1944
4.41464	1944
4.42222	1944
4.43045	1944
4.43145	1944
4.43968	1944
4.44616	1944
4.44713	1944
4.45536	1944
4.46359	1944
4.46459	1944
4.47204	1944
4.47927	1944
4.48127	1944
4.48885	1944
4.49696	1944
4.49796	1944
4.50518	1944
4.51376	1944
4.51476	1944
4.52187	1944
4.52787	1944
4.5281	1944
4.53435	1944
4.54068	1944
4.54168	1944
4.54678	1944
4.55278	1944
4.55301	1944
4.55924	1944
4.56524	1944
4.56524	1944
4.57146	1944
4.57704	1944
4.57804	1944
4.58415	1944
4.58915	1944
4.59015	1944
4.59638	1944
4.60296	1944
4.60396	1944
4.60871	1944
4.61441	1944
4.61541	1944
4.62116	1944
4.62787	1944
4.62887	1944
4.63362	1944
4.63932	1944
4.64032	1944
4.64608	1944
4.65278	1944
4.65278	1944
4.65853	1944
4.66426	1944
4.66511	1944
4.67111	1944
4.6766	1944
4.67757	1944
4.68357	1944
4.6898	1944
4.6904	1944
4.69638	1944
4.70113	1944
4.70213	1944
4.70871	1944
4.71471	1944
4.71594	1944
4.72019	1944
4.72616	1944
4.72716	1944
4.73327	1944
4.73997	1944
4.74097	1944
4.74572	1944
4.75133	1944
4.7523	1944
4.7583	1944
4.76476	1944
4.76476	1944
4.77076	1944
4.77624	1944
4.77722	1944
4.78322	1944
4.78832	1944
4.78932	1944
4.79502	1944
4.80116	1944
4.80213	1944
4.80713	1944
4.81361	1944
4.81458	1944
4.82058	1944
4.82607	1944
4.82704	1944
4.83204	1944
4.83852	1944
4.8395	1944
4.8455	1944
4.85195	1944
4.85195	1944
4.85795	1944
4.86344	1944
4.86441	1944
4.87041	1944
4.87589	1944
4.87686	1944
4.88286	1944
4.88835	1944
4.88932	1944
4.89532	1944
4.90055	1944
4.90155	1944
4.90713	1944
4.91388	1944
4.91461	1944
4.91958	1944
4.92558	1944
4.92658	1944
4.93292	1944
4.93892	1944
4.93914	1944
4.94488	1944
4.95072	1944
4.95172	1944
4.95748	1944
4.96318	1944
4.96318	1944
4.96993	1944
4.97651	1944
4.97651	1944
4.98239	1944
4.98809	1944
4.98909	1944
4.99558	1944
5.00142	1944
5.00142	1944
5.00765	1944
5.01388	1944
5.01488	1944
5.02049	1944
5.02546	1944
5.02646	1944
5.03221	1944
5.03892	1944
5.03992	1944
5.04467	1944
5.05037	1944
5.05137	1944
5.05712	1944
5.06383	1944
5.06483	1944
5.06958	1944
5.07528	1944
5.07628	1944
5.08204	1944
5.08874	1944
5.08874	1944
5.09449	1944
5.1002	1944
5.1012	1944
5.10768	1944
5.11265	1944
5.11365	1944
5.1194	1944
5.12598	1944
5.12698	1944
5.13221	1944
5.13844	1944
5.13844	1944
5.14467	1944
5.1509	1944
5.1519	1944
5.15712	1944
5.16335	1944
5.16335	1944
5.16958	1944
5.17916	1944
5.17916	1944
5.18591	1944
5.19162	1944
5.19262	1944
5.19837	1944
5.20407	1944
5.20407	1944
5.21082	1944
5.21653	1944
5.21753	1944
5.22328	1944
5.22898	1944
5.22998	1944
5.23574	1944
5.24144	1944
5.24244	1944
5.24719	1944
5.2539	1944
5.2549	1944
5.26065	1944
5.26635	1944
5.26635	1944
5.2721	1944
5.27881	1944
5.27881	1944
5.28456	1944
5.29126	1944
5.29126	1944
5.29702	1944
5.30372	1944
5.30372	1944
5.30947	1944
5.31618	1944
5.31618	1944
5.32193	1944
5.32863	1944
5.32863	1944
5.33438	1944
5.34109	1944
5.34109	1944
5.34684	1944
5.35019	1944
5.35119	1944
5.35642	1944
5.36068	1978
5.36168	1978
5.3669	1978
5.3709	1978
5.3719	1978
5.3751	1978
5.3801	1978
5.3811	1978
5.38568	1978
5.39044	1978
5.39144	1978
5.39814	1978
5.40662	1978
5.40762	1978
5.41535	1978
5.42205	1978
5.42305	1978
5.43105	1978
5.43938	1978
5.44038	1978
5.44796	1978
5.45519	1978
5.45619	1978
5.46442	1978
5.47188	1978
5.47288	1978
5.48001	1978
5.48821	1978
5.48921	1978
5.49644	1978
5.50492	1978
5.50589	1978
5.5135	1978
5.51847	1978
5.51947	1978
5.52596	1978
5.53193	1978
5.53193	1978
5.53741	1978
5.54326	1978
5.54426	1978
5.54961	1978
5.55572	1978
5.55672	1978
5.56294	1978
5.56794	1978
5.56817	1978
5.5744	1978
5.5794	1978
5.5804	1978
5.58686	1978
5.59286	1978
5.59308	1978
5.59834	1978
5.60431	1988
5.60531	1988
5.61089	2012
5.61664	2012
5.61764	2012
5.62235	2012
5.6281	2012
5.6291	2012
5.6348	2012
5.64056	2012
5.64156	2012
5.64626	2029
5.65201	2029
5.65301	2029
5.65874	2029
5.66459	2029
5.66559	2029
5.67082	2029
5.67605	2029
5.67705	2029
5.68228	2029
5.6885	2029
5.6895	2029
5.6945	2029
5.70099	2029
5.70199	2029
5.70631	2029
5.7128	2029
5.7128	2029
5.71877	2029
5.72452	2029
5.72452	2029
5.7301	2029
5.7351	2029
5.7361	2029
5.74256	2029
5.74756	2029
5.74856	2029
5.75404	2029
5.75989	2029
5.76089	2029
5.76662	2029
5.77134	2029
5.77234	2029
5.77805	2029
5.78305	2029
5.78405	2029
5.7905	2029
5.79526	2029
5.79626	2029
5.80196	2029
5.80771	2029
5.80871	2029
5.81344	2029
5.81942	2029
5.82017	2029
5.8259	2029
5.83187	2029
5.83262	2029
5.83736	2029
5.84333	2029
5.84433	2029
5.84981	2029
5.85578	2029
5.85578	2029
5.86127	2029
5.86724	2029
5.86724	2029
5.87372	2029
5.8797	2029
5.8797	2029
5.88545	2029
5.89015	2029
5.89115	2029
5.8979	2029
5.90261	2029
5.90361	2029
5.90936	2029
5.91406	2029
5.91506	2029
5.92129	2029
5.92629	2029
5.92742	2029
5.93327	2029
5.938	2029
5.93998	2029
5.94485	2029
5.95008	2029
5.95108	2029
5.95631	2029
5.96254	2029
5.96354	2029
5.96876	2029
5.97499	2029
5.97599	2029
5.98022	2029
5.98645	2029
5.98745	2029
5.99268	2029
5.9989	2029
5.9999	2029
6.00413	2029
6.01036	2029
6.01036	2029
6.01636	2029
6.02282	2029
6.02282	2029
6.02869	2029
6.03442	2029
6.03442	2029
6.04015	2029
6.04585	2029
6.04685	2029
6.0526	2029
6.05731	2029
6.05831	2029
6.06406	2029
6.06976	2029
6.07076	2029
6.07652	2029
6.08125	2029
6.08222	2029
6.08897	2029
6.0937	2029
6.09468	2029
6.09968	2029
6.10578	2029
6.10678	2029
6.11101	2029
6.11724	2029
6.11824	2029
6.12384	2029
6.12982	2033
6.13082	2033
6.1353	2033
6.14127	2033
6.14227	2033
6.14738	2074
6.15338	2074
6.15338	2074
6.15983	2074
6.16483	2074
6.16583	2074
6.17032	2074
6.17664	2074
6.17764	2074
6.18277	2074
6.18874	2074
6.18874	2074
6.19423	2074
6.1992	2074
6.2002	2074
6.20543	2074
6.21166	2074
6.21266	2074
6.21788	2074
6.22311	2074
6.22311	2074
6.22934	2074
6.23457	2074
6.23557	2074
6.24057	2074
6.24605	2074
6.24702	2074
6.25202	2074
6.25751	2074
6.25851	2074
6.26448	2074
6.26871	2074
6.26996	2074
6.27394	2074
6.27794	2074
6.27816	2074
6.28242	2074
6.28739	2074
6.28739	2074
6.29262	2074
6.29685	2074
6.29785	2074
6.30185	2074
6.30508	2074
6.30608	2074
6.3103	2074
6.3153	2074
6.3153	2074
6.32088	2074
6.32464	2074
6.32564	2074
6.32937	2074
6.33334	2074
6.33434	2074
6.33809	2074
6.3438	2074
6.3438	2074
6.3488	2074
6.3524	2074
6.3534	2074
6.35725	2074
6.36113	2074
6.36213	2074
6.36636	2074
6.37136	2074
6.37136	2074
6.37684	2074
6.38081	2074
6.38181	2074
6.38504	2074
6.39227	2074
6.39327	2074
6.40175	2074
6.40872	2074
6.40995	2074
6.41618	2074
6.42341	2074
6.42441	2074
6.43264	2074
6.43912	2074
6.44009	2074
6.44732	2074
6.45455	2074
6.45555	2074
6.46316	2074
6.47088	2074
6.47161	2074
6.47858	2074
6.48607	2074
6.48704	2074
6.49479	2074
6.5015	2074
6.5025	2074
6.5096	2074
6.51521	2074
6.51621	2074
6.52118	2074
6.52693	2076
6.52766	2076
6.53364	2076
6.53877	2083
6.53974	2104
6.54474	2104
6.55022	2104
6.55022	2104
6.55607	2104
6.56178	2104
6.56278	2104
6.56753	2118
6.57388	2125
6.57388	2125
6.57911	2125
6.58434	2125
6.58534	2125
6.59094	2125
6.59592	2145
6.59692	2145
6.60167	2145
6.60737	2145
6.60737	2145
6.6135	2145
6.61848	2145
6.61948	2145
6.62496	2156
6.62993	2156
6.63093	2156
6.63516	2156
6.64039	2156
6.64139	2156
6.64662	2156
6.65287	2156
6.65287	2156
6.6582	2156
6.66395	2156
6.66468	2156
6.66965	2156
6.6744	2156
6.6754	2156
6.68011	2156
6.68511	2156
6.68686	2156
6.69159	2156
6.69656	2156
6.69756	2156
6.70205	2156
6.70802	2156
6.70802	2156
6.7145	2156
6.71948	2156
6.72048	2156
6.72548	2156
6.73093	2156
6.73193	2156
6.73693	2156
6.74142	2156
6.74239	2156
6.74739	2156
6.75287	2156
6.75387	2156
6.75872	2156
6.76495	2156
6.76495	2156
6.77018	2156
6.77543	2156
6.7764	2156
6.78128	2156
6.78698	2156
6.78798	2156
6.79274	2156
6.79747	2156
6.79844	2156
6.80332	2156
6.80954	2156
6.80954	2156
6.81515	2156
6.82	2156
6.821	2156
6.82661	2156
6.83158	2156
6.83258	2156
6.83733	2156
6.84204	2156
6.84304	2156
6.84879	2156
6.85352	2156
6.85449	2156
6.85949	2156
6.8651	2156
6.8651	2156
6.87195	2156
6.87643	2156
6.87743	2156
6.8824	2156
6.88716	2156
6.88816	2156
6.89386	2156
6.89847	2156
6.89947	2156
6.90432	2156
6.90919	2156
6.91019	2156
6.9159	2156
6.92165	2156
6.92165	2156
6.92735	2156
6.9321	2156
6.9331	2156
6.93833	2156
6.94333	2156
6.94433	2156
6.94982	2156
6.95479	2156
6.95579	2156
6.96002	2156
6.96624	2156
6.96624	2156
6.97282	2156
6.97782	2156
6.97858	2156
6.98331	2156
6.98828	2156
6.98928	2156
6.99403	2156
6.99974	2156
7.00061	2156
7.00587	2156
7.01084	2156
7.01184	2156
7.01607	2156
7.0223	2156
7.0223	2156
7.02888	2156
7.03388	2156
7.03463	2156
7.03936	2156
7.04433	2156
7.04533	2156
7.05008	2156
7.05579	2156
7.05679	2156
7.06154	2156
7.06624	2156
7.06724	2156
7.07238	2156
7.07838	2156
7.07838	2156
7.08445	2156
7.0898	2156
7.0908	2156
7.09503	2156
7.10026	2156
7.10126	2156
7.10626	2156
7.11187	2156
7.11272	2156
7.11759	2156
7.1233	2156
7.1233	2156
7.12905	2156
7.13475	2156
7.13575	2156
7.1405	2156
7.14524	2156
7.14624	2156
7.15121	2156
7.15669	2156
7.15769	2156
7.16266	2156
7.1678	2156
7.16877	2156
7.17377	2156
7.17925	2156
7.17925	2156
7.18522	2156
7.19045	2156
7.19171	2156
7.19656	2156
7.20129	2156
7.20229	2156
7.20726	2156
7.21201	2156
7.21374	2156
7.21872	2156
7.22385	2156
7.22482	2156
7.22982	2156
7.2353	2156
7.2353	2156
7.24128	2156
7.2465	2156
7.24776	2156
7.25261	2156
7.25634	2156
7.25734	2156
7.26131	2156
7.26506	2156
7.26606	2156
7.2708	2156
7.27477	2156
7.27577	2156
7.27952	2156
7.28325	2156
7.28422	2156
7.2881	2156
7.29236	2156
7.29333	2156
7.29733	2156
7.30156	2156
7.30256	2156
7.30678	2156
7.31078	2156
7.31178	2156
7.31536	2156
7.31936	2156
7.32036	2156
7.32412	2156
7.32882	2156
7.32882	2156
7.33357	2156
7.3373	2156
7.3373	2156
7.34228	2156
7.34603	2156
7.34603	2156
7.35176	2156
7.35573	2156
7.35573	2156
7.36048	2156
7.36422	2156
7.36422	2156
7.36906	2156
7.37332	2156
7.37332	2156
7.37829	2156
7.38478	2156
7.38675	2156
7.39275	2156
7.39933	2163
7.40033	2163
7.40781	2163
7.41454	2163
7.41592	2163
7.42289	2172
7.42937	2172
7.43034	2172
7.43795	2172
7.44492	2172
7.44568	2172
7.45238	2172
7.45951	2172
7.46051	2172
7.46748	2172
7.47406	2191
7.47506	2191
7.48255	2191
7.4884	2191
7.49065	2191
7.49662	2200
7.5032	2200
7.5042	2200
7.50996	2219
7.51466	2219
7.51566	2219
7.52041	2219
7.52576	2226
7.52676	2226
7.53199	2226
7.53622	2226
7.53722	2226
7.5421	2226
7.5478	2226
7.5488	2226
7.55355	2226
7.55826	2226
7.55826	2226
7.56313	2226
7.56836	2226
7.56936	2226
7.57497	2226
7.57994	2234
7.58094	2234
7.58507	2261
7.59004	2279
7.59104	2279
7.59653	2279
7.6015	2279
7.6015	2279
7.60611	2279
7.61108	2279
7.61208	2279
7.61718	2321
7.62218	2321
7.62318	2321
7.62767	2321
7.63252	2321
7.63352	2321
7.63825	2321
7.64322	2321
7.64322	2321
7.6487	2321
7.65368	2321
7.65468	2321
7.65943	2321
7.66413	2321
7.66413	2321
7.66913	2321
7.67462	2321
7.67562	2321
7.68059	2321
7.68434	2321
7.68534	2321
7.69004	2321
7.6958	2321
7.6968	2321
7.70053	2321
7.7055	2321
7.7065	2321
7.71198	2321
7.71696	2321
7.71696	2321
7.72171	2321
7.72641	2321
7.72741	2321
7.73216	2321
7.7369	2321
7.7379	2321
7.74287	2321
7.747	2321
7.748	2321
7.75245	2321
7.7572	2321
7.75846	2321
7.76343	2321
7.76804	2321
7.76804	2321
7.77301	2321
7.77814	2321
7.77911	2321
7.78411	2321
7.7896	2321
7.7896	2321
7.79457	2321
7.79918	2321
7.80018	2321
7.80515	2321
7.80928	2321
7.81028	2321
7.8156	2321
7.82074	2321
7.82174	2321
7.82571	2321
7.83032	2321
7.83132	2321
7.83629	2321
7.84104	2321
7.84104	2321
7.84674	2321
7.8515	2321
7.8525	2321
7.8572	2321
7.8622	2321
7.8622	2321
7.86733	2321
7.87253	2321
7.87353	2321
7.87779	2321
7.88276	2321
7.88376	2321
7.88824	2321
7.89322	2321
7.89322	2321
7.89882	2321
7.9038	2321
7.9048	2321
7.90955	2321
7.91425	2321
7.91425	2321
7.919	2321
7.92474	2321
7.92571	2321
7.93071	2321
7.93432	2321
7.93532	2321
7.94016	2321
7.9453	2321
7.9463	2321
7.95027	2321
7.95588	2321
7.95685	2321
7.96185	2321
7.96633	2321
7.96633	2321
7.9713	2321
7.97644	2321
7.97744	2321
7.98241	2321
7.98702	2321
7.98702	2321
7.99299	2321
7.99747	2321
7.99847	2321
8.00332	2321
8.00758	2321
8.00858	2321
8.01355	2321
8.01816	2321
8.01913	2321
8.02313	2321
8.02861	2321
8.02961	2321
8.03446	2321
8.03972	2321
8.03972	2321
8.04469	2321
8.04992	2321
8.05017	2321
8.05514	2321
8.05914	2321
8.06037	2321
8.0656	2321
8.07048	2321
8.07148	2321
8.07518	2321
8.08044	2321
8.08141	2321
8.08628	2321
8.09151	2321
8.09151	2321
8.09651	2321
8.10109	2321
8.10209	2321
8.10722	2321
8.11267	2321
8.11267	2321
8.11742	2321
8.12265	2321
8.12365	2321
8.12826	2350
8.13223	2350
8.13323	2350
8.13836	2350
8.14334	2350
8.14334	2350
8.14894	2350
8.15392	2350
8.15492	2350
8.15805	2350
8.16302	2350
8.16402	2350
8.1695	2350
8.17448	2365
8.17448	2365
8.17908	2365
8.18406	2365
8.18406	2365
8.18981	2365
8.19451	2365
8.19551	2365
8.19926	2365
8.205	2365
8.20597	2365
8.21084	2365
8.2141	2365
8.21507	2365
8.22007	2365
8.22556	2365
8.22556	2365
8.23053	2365
8.23514	2365
8.23614	2365
8.24011	2365
8.24486	2365
8.24586	2365
8.24956	2365
8.25256	2365
8.25356	2365
8.2577	2365
8.26114	2365
8.26114	2365
8.2659	2365
8.26915	2365
8.26915	2365
8.27312	2365
8.27712	2365
8.27712	2365
8.2817	2365
8.28558	2365
8.28658	2365
8.28981	2365
8.29381	2365
8.29481	2365
8.29842	2365
8.30139	2365
8.30239	2365
8.30652	2365
8.31049	2365
8.31049	2365
8.31449	2365
8.31898	2365
8.31898	2365
8.32295	2365
8.32682	2365
8.32756	2365
8.33053	2365
8.3344	2365
8.33666	2365
8.33963	2365
8.34586	2365
8.34624	2365
8.34921	2365
8.35496	2365
8.3587	2365
8.36167	2365
8.3688	2365
8.3698	2365
8.37577	2365
8.38135	2365
8.38235	2365
8.3891	2365
8.39581	2365
8.39681	2365
8.40239	2365
8.40914	2365
8.40914	2365
8.41637	2365
8.42298	2365
8.42395	2365
8.4297	2365
8.4364	2365
8.4374	2365
8.44354	2365
8.44951	2365
8.45051	2365
8.45796	2365
8.46384	2365
8.46457	2365
8.47054	2365
8.47712	2365
8.47812	2365
8.48426	2365
8.48923	2365
8.48923	2365
8.49436	2365
8.49968	2365
8.50068	2365
8.50491	2369
8.50991	2369
8.51066	2369
8.51502	2405
8.51902	2405
8.52002	2405
8.5256	2405
8.52935	2405
8.53073	2405
8.5357	2405
8.53931	2405
8.54031	2405
8.54528	2405
8.55041	2405
8.55041	2405
8.55538	2405
8.56096	2405
8.56096	2405
8.56596	2405
8.57054	2435
8.57054	2435
8.57554	2435
8.58068	2435
8.58068	2435
8.5854	2435
8.58913	2435
8.59013	2435
8.59598	2435
8.59924	2435
8.60024	2435
8.60508	2435
8.60982	2435
8.61082	2435
8.61566	2435
8.61954	2435
8.62027	2435
8.62524	2435
8.63	2435
8.631	2435
8.6357	2435
8.6397	2435
8.6407	2435
8.64445	2435
8.64916	2435
8.65016	2435
8.65476	2435
8.65974	2435
8.66074	2435
8.66474	2435
8.66972	2435
8.67072	2435
8.67472	2435
8.6792	2435
8.6802	2435
8.68417	2435
8.6894	2435
8.6904	2435
8.69463	2435
8.69963	2435
8.69963	2435
8.70421	2435
8.70921	2435
8.70921	2435
8.71434	2435
8.71954	2435
8.71954	2435
8.7248	2435
8.72964	2435
8.72964	2435
8.73438	2435
8.73822	2435
8.73922	2435
8.74445	2435
8.7488	2435
8.7498	2435
8.75403	2435
8.75803	2435
8.75903	2435
8.76414	2435
8.76814	2435
8.76914	2435
8.77472	2435
8.77847	2435
8.77985	2435
8.78482	2435
8.78805	2435
8.78905	2435
8.7933	2435
8.79815	2435
8.79915	2435
8.80386	2435
8.80873	2435
8.80973	2435
8.81396	2435
8.81884	2435
8.81957	2435
8.82354	2435
8.82829	2435
8.82967	2435
8.83312	2435
8.83887	2435
8.83987	2435
8.84313	2435
8.8481	2435
8.8481	2435
8.85333	2435
8.85856	2435
8.85856	2435
8.86316	2435
8.86814	2435
8.86814	2435
8.87327	2435
8.87872	2435
8.87872	2435
8.88347	2435
8.8877	2435
8.8887	2435
8.8937	2435
8.8973	2435
8.8983	2435
8.90303	2435
8.90776	2435
8.90876	2435
8.91373	2435
8.91786	2435
8.91886	2435
8.92319	2435
8.92706	2435
8.92806	2435
8.93329	2435
8.93729	2435
8.9389	2435
8.94287	2435
8.947	2435
8.948	2435
8.95298	2435
8.9572	2435
8.9582	2435
8.96243	2435
8.96731	2435
8.96831	2435
8.97201	2435
8.97789	2435
8.97814	2435
8.98212	2435
8.98772	2435
8.98872	2435
8.9927	2435
8.99783	2435
8.99783	2435
9.0028	2435
9.00741	2435
9.00741	2435
9.01238	2435
9.01751	2435
9.01751	2435
9.02284	2435
9.02771	2435
9.02771	2435
9.03294	2435
9.03682	2435
9.03755	2435
9.04252	2435
9.04627	2435
9.04727	2435
9.052	2435
9.05685	2435
9.05785	2435
9.06208	2435
9.06608	2435
9.06708	2435
9.07269	2435
9.07654	2435
9.07741	2435
9.08214	2435
9.08612	2435
9.08799	2435
9.09125	2435
9.09622	2435
9.09722	2435
9.10145	2435
9.10668	2435
9.10768	2435
9.11155	2435
9.11626	2435
9.11726	2435
9.12113	2435
9.12636	2435
9.12736	2435
9.13197	2435
9.13682	2435
9.13682	2435
9.14169	2435
9.1464	2435
9.1464	2435
9.15127	2435
9.1565	2435
9.1565	2435
9.1615	2435
9.16608	2435
9.16608	2435
9.17121	2435
9.17618	2435
9.17618	2435
9.18179	2435
9.18579	2435
9.18664	2435
9.1919	2435
9.1959	2435
9.19622	2435
9.2011	2435
9.20532	2435
9.20632	2435
9.2112	2435
9.2159	2435
9.2169	2435
9.22104	2435
9.22501	2435
9.22601	2435
9.22901	2435
9.23324	2435
9.23449	2435
9.23746	2435
9.24134	2435
9.24234	2435
9.24507	2435
9.24992	2435
9.25092	2435
9.25318	2435
9.25715	2435
9.25815	2435
9.26138	2435
9.26573	2435
9.26573	2435
9.27048	2435
9.27718	2435
9.27718	2435
9.28294	2435
9.28629	2435
9.28629	2435
9.29252	2435
9.29587	2435
9.29687	2435
9.30162	2435
9.30832	2435
9.30832	2435
9.3122	2435
9.31743	2435
9.31743	2435
9.32366	2435
9.32701	2435
9.32701	2435
9.33276	2435
9.33946	2435
9.33946	2435
9.34334	2435
9.34857	2435
9.34857	2435
9.35518	2435
9.36102	2435
9.36202	2435
9.36825	2435
9.37486	2435
9.37586	2435
9.38183	2435
9.38794	2435
9.38894	2435
9.39416	2435
9.40039	2435
9.40127	2435
9.40897	2435
9.4141	2435
9.4151	2435
9.42195	2435
9.42766	2435
9.42866	2435
9.43479	2435
9.44076	2435
9.44176	2435
9.44734	2435
9.45347	2435
9.45444	2435
9.46167	2435
9.4679	2435
9.4689	2435
9.47463	2435
9.47848	2435
9.47936	2435
9.48474	2435
9.48846	2444
9.48932	2444
9.49429	2444
9.49804	2460
9.49942	2460
9.50339	2460
9.50852	2460
9.50952	2460
9.51397	2466
9.51872	2466
9.51972	2466
9.52395	2466
9.52883	2466
9.52883	2466
9.53353	2466
9.53753	2466
9.53828	2466
9.54364	2466
9.54764	2466
9.54824	2466
9.55324	2466
9.55797	2466
9.55897	2466
9.5627	2466
9.56755	2466
9.56855	2466
9.57278	2466
9.57765	2496
9.57765	2496
9.58236	2496
9.58636	2496
9.58736	2496
9.59246	2496
9.59646	2496
9.59746	2496
9.60104	2496
9.60604	2496
9.60604	2496
9.61152	2496
9.6155	2496
9.6165	2496
9.62125	2496
9.62595	2496
9.62695	2496
9.63083	2496
9.63506	2496
9.63606	2496
9.64006	2496
9.64554	2496
9.64554	2496
9.65051	2496
9.65412	2496
9.65512	2496
9.65909	2496
9.66484	2496
9.66584	2496
9.66955	2496
9.67455	2496
9.67455	2496
9.67965	2496
9.68365	2496
9.68465	2496
9.68823	2496
9.69323	2496
9.69498	2496
9.69872	2496
9.70369	2496
9.70369	2496
9.70882	2496
9.71267	2496
9.71352	2496
9.71852	2496
9.72225	2496
9.72325	2496
9.7275	2496
9.73283	2496
9.73283	2496
9.73708	2496
9.74106	2496
9.74206	2496
9.74764	2496
9.75164	2496
9.75264	2496
9.75674	2496
9.76174	2496
9.76174	2496
9.76632	2496
9.77132	2496
9.77132	2496
9.77633	2496
9.7803	2496
9.7813	2496
9.78591	2496
9.79076	2496
9.79176	2496
9.79501	2496
9.80098	2496
9.80098	2496
9.80521	2496
9.80944	2496
9.81044	2496
9.81432	2496
9.81902	2496
9.82002	2496
9.82402	2496
9.82912	2496
9.82912	2496
9.83412	2496
9.83861	2496
9.83961	2496
9.84446	2496
9.84819	2496
9.84919	2496
9.85316	2496
9.85829	2496
9.85829	2496
9.86374	2496
9.86749	2496
9.86849	2496
9.87372	2496
9.87707	2496
9.87807	2496
9.8823	2496
9.88718	2496
9.88718	2496
9.8924	2496
9.8964	2496
9.89701	2496
9.90201	2496
9.90659	2496
9.90759	2496
9.91156	2496
9.9167	2496
9.9177	2496
9.92167	2496
9.92628	2496
9.92628	2496
9.93112	2496
9.935	2496
9.936	2496
9.94023	2496
9.94558	2496
9.94658	2496
9.95081	2496
9.95568	2496
9.95568	2496
9.96091	2496
9.96426	2496
9.96526	2496
9.97049	2496
9.97424	2496
9.97562	2496
9.9796	2496
9.9842	2496
9.9842	2496
9.98918	2496
9.99393	2496
9.99493	2496
9.99963	2496
10.0036	2496
10.0046	2496
10.0087	2496
10.0137	2496
10.0137	2496
10.0183	2496
10.0223	2496
10.0233	2496
10.0289	2496
10.0328	2496
10.0336	2496
10.0379	2496
10.0429	2496
10.0432	2496
10.0475	2496
10.0525	2496
10.0525	2496
10.0571	2496
10.061	2496
10.062	2496
10.0662	2496
10.0711	2496
10.0721	2496
10.0763	2496
10.0812	2496
10.0812	2496
10.0869	2496
10.0907	2496
10.0917	2496
10.0959	2496
10.1009	2496
10.1019	2496
10.1055	2496
10.1104	2496
10.1104	2496
10.1151	2496
10.1191	2496
10.1201	2496
10.1252	2496
10.1292	2496
10.1308	2496
10.1348	2507
10.1395	2507
10.1395	2507
10.1448	2507
10.1486	2507
10.1496	2507
10.1544	2507
10.1583	2507
10.1593	2507
10.1635	2507
10.1684	2507
10.1684	2507
10.173	2507
10.1779	2507
10.1789	2507
10.1828	2507
10.1875	2507
10.1885	2507
10.1922	2507
10.1976	2507
10.1976	2507
10.2022	2507
10.2062	2507
10.2072	2507
10.211	2507
10.2166	2507
10.2166	2507
10.2205	2507
10.2247	2507
10.2247	2507
10.2287	2507
10.2317	2507
10.2327	2507
10.2353	2507
10.2393	2507
10.2403	2507
10.2439	2507
10.2479	2507
10.2479	2507
10.2516	2507
10.2546	2507
10.2559	2507
10.2599	2507
10.2627	2507
10.2637	2507
10.2674	2507
10.2703	2507
10.2713	2507
10.2765	2507
10.2799	2507
10.2809	2507
10.2861	2507
10.2919	2507
10.2919	2507
10.4821	2645
10.4864	2645
10.4864	2645
10.4916	2645
10.4956	2645
10.4966	2645
10.6053	2645
10.61	2645
10.61	2645
10.6149	2645
10.6199	2645
10.6199	2645
10.7285	2645
10.7325	2645
10.7325	2645
10.7379	2645
10.7417	2645
10.743	2645
10.747	2645
10.751	2645
10.752	2645
10.756	2645
10.76	2645
10.761	2645
10.765	2645
10.769	2645
10.77	2645
10.774	2645
10.778	2645
10.779	2645
10.783	2645
10.788	2645
10.788	2645
10.792	2645
10.797	2645
10.797	2645
10.802	2645
10.806	2645
10.807	2645
10.811	2645
10.815	2645
10.816	2645
10.82	2645
10.824	2645
10.825	2645
10.829	2645
10.833	2645
10.834	2645
10.838	2645
10.842	2645
10.843	2645
10.847	2645
10.8517	2645
10.8517	2645
10.8554	2645
10.8604	2645
10.8604	2645
10.866	2645
10.87	2645
10.8708	2645
10.8747	2645
10.879	2645
10.88	2645
10.884	2645
10.8872	2645
10.8882	2645
10.8924	2645
10.8963	2645
10.8973	2645
10.901	2645
10.906	2645
10.907	2645
10.9106	2645
10.9154	2645
10.9154	2645
10.9193	2645
10.9245	2645
10.9245	2645
10.9295	2645
10.9331	2645
10.9341	2645
10.9381	2645
10.9422	2645
10.9432	2645
10.9476	2645
10.9518	2645
10.9528	2645
10.9567	2645
10.9609	2645
10.9619	2645
10.9658	2645
10.9695	2645
10.9705	2645
10.9745	2645
10.9796	2645
10.9796	2645
10.9836	2645
10.9888	2645
10.9888	2645
10.9931	2645
10.9979	2645
10.9987	2645
11.0026	2645
11.0066	2645
11.0074	2645
11.0117	2645
11.0157	2645
11.0167	2645
11.0202	2645
11.0242	2645
11.0252	2645
11.0291	2645
11.0338	2645
11.0348	2645
11.0387	2645
11.0439	2645
11.0439	2645
11.0479	2645
11.0525	2645
11.0525	2645
11.0572	2645
11.0619	2645
11.0619	2645
11.0668	2645
11.07	2645
11.071	2645
11.075	2645
11.079	2645
11.0806	2645
11.0846	2645
11.0884	2645
11.0894	2645
11.0931	2645
11.0971	2645
11.0989	2645
11.1022	2645
11.1072	2645
11.1072	2645
11.1114	2645
11.1166	2645
11.1166	2645
11.1215	2645
11.1252	2645
11.1252	2645
11.1302	2645
11.1343	2645
11.1353	2645
11.1393	2645
11.1435	2645
11.1445	2645
11.1488	2645
11.1526	2645
11.1536	2645
11.1573	2645
11.1613	2645
11.1623	2645
11.1664	2645
11.1714	2645
11.1714	2645
11.1757	2645
11.1809	2645
11.1809	2645
11.1855	2645
11.1895	2645
11.1895	2645
11.1944	2645
11.1986	2645
11.1996	2645
11.2036	2645
11.2071	2645
11.2081	2645
11.212	2645
11.2166	2645
11.2176	2645
11.2216	2645
11.2254	2645
11.2267	2645
11.2307	2645
11.2353	2645
11.2353	2645
11.2393	2645
11.2441	2645
11.2441	2645
11.2498	2645
11.2536	2645
11.2536	2645
11.2589	2645
11.2629	2645
11.2639	2645
11.2675	2645
11.2715	2645
11.2723	2645
11.2762	2645
11.2809	2645
11.2819	2645
11.2859	2645
11.289	2645
11.29	2645
11.295	2645
11.2996	2645
11.2996	2645
11.3035	2645
11.3083	2645
11.3083	2645
11.313	2645
11.3179	2645
11.3179	2645
11.3221	2645
11.3261	2645
11.3271	2645
11.3314	2645
11.3356	2645
11.3366	2645
11.3405	2645
11.3442	2645
11.3452	2645
11.3491	2645
11.3533	2645
11.3533	2645
11.3563	2645
11.3605	2645
11.3605	2645
11.3648	2645
11.3677	2645
11.3686	2645
11.3716	2645
11.3753	2645
11.3753	2645
11.3783	2645
11.3824	2645
11.3824	2645
11.3864	2645
11.3894	2645
11.3904	2645
11.393	2645
11.396	2645
11.3979	2645
11.4008	2645
11.4045	2645
11.4045	2645
11.4085	2645
11.4115	2645
11.4122	2645
11.4156	2645
11.4186	2645
11.4196	2645
11.4228	2645
11.426	2645
11.426	2645
11.43	2645
11.4339	2645
11.4346	2645
11.4376	2645
11.4406	2645
11.4416	2645
11.4447	2645
11.4487	2645
11.4487	2645
11.4527	2645
11.4559	2645
11.4559	2645
11.4592	2645
11.462	2645
11.463	2645
11.4668	2645
11.4707	2645
11.4707	2645
11.4746	2645
11.4798	2645
11.4808	2645
11.4864	2645
11.4913	2645
11.4923	2645
11.4989	2645
11.5048	2645
11.5048	2645
11.511	2645
11.5162	2645
11.5172	2645
11.5224	2645
11.528	2645
11.529	2645
11.534	2645
11.5405	2645
11.5415	2645
11.5475	2645
11.5526	2645
11.5536	2645
11.5598	2645
11.565	2645
11.565	2645
11.571	2645
11.5776	2645
11.5786	2645
11.5834	2645
11.5891	2645
11.5901	2645
11.5952	2645
11.6002	2645
11.6002	2645
11.6058	2645
11.6098	2645
11.6098	2645
11.6145	2645
11.6182	2645
11.6192	2645
11.6231	2645
11.6273	2645
11.6283	2645
11.6323	2645
11.6369	2645
11.6379	2645
11.6418	2645
11.645	2645
11.647	2645
11.651	2645
11.6556	2645
11.6556	2645
11.6595	2645
11.6647	2645
11.6647	2645
11.6696	2645
11.6733	2645
11.6733	2645
11.6785	2645
11.6825	2645
11.6834	2645
11.6876	2645
11.6916	2645
11.6926	2645
11.6962	2645
11.7002	2645
11.7012	2645
11.705	2645
11.7093	2645
11.7103	2645
11.7142	2645
11.7199	2645
11.7199	2645
11.7237	2645
11.729	2645
11.729	2645
11.7336	2645
11.7375	2645
11.7375	2645
11.7423	2645
11.746	2645
11.747	2645
11.752	2645
11.7557	2645
11.7567	2645
11.7605	2645
11.7645	2645
11.7655	2645
11.7691	2645
11.7731	2645
11.7749	2645
11.7788	2645
11.783	2645
11.783	2645
11.787	2645
11.7922	2645
11.7922	2645
11.7975	2645
11.8015	2645
11.8015	2645
11.807	2645
11.8109	2645
11.8119	2645
11.8152	2645
11.8194	2645
11.8204	2645
11.8247	2645
11.829	2645
11.83	2645
11.8338	2645
11.8377	2645
11.8387	2645
11.8424	2645
11.8474	2645
11.8474	2645
11.851	2645
11.857	2645
11.857	2645
11.861	2645
11.866	2645
11.866	2645
11.8707	2645
11.8746	2645
11.8756	2645
11.8794	2645
11.8837	2645
11.8847	2645
11.8884	2645
11.8924	2645
11.8934	2645
11.8975	2645
11.9015	2645
11.9025	2645
11.9066	2645
11.9106	2645
11.9119	2645
11.9152	2645
11.9202	2645
11.9202	2645
11.9253	2645
11.9293	2645
11.9293	2645
11.9349	2645
11.9388	2645
11.9398	2645
11.944	2645
11.9479	2645
11.9489	2645
11.9525	2645
11.9565	2645
11.9575	2645
11.9613	2645
11.965	2645
11.966	2645
11.971	2645
11.9741	2645
11.9751	2645
11.9791	2645
11.9843	2645
11.9843	2645
11.9895	2645
11.9934	2645
11.9934	2645
11.9981	2645
12.0021	2645
12.0031	2645
12.0072	2645
12.0112	2645
12.0122	2645
12.0168	2645
12.0207	2645
12.0217	2645
12.0256	2645
12.0293	2645
12.0303	2645
12.0343	2645
12.0384	2645
12.0394	2645
12.0434	2645
12.0489	2645
12.0489	2645
12.0537	2645
12.0574	2645
12.0574	2645
12.0624	2645
12.0661	2645
12.0675	2645
12.0715	2645
12.0755	2645
12.0761	2645
12.0801	2645
12.0841	2645
12.0852	2645
12.0892	2645
12.0932	2645
12.0942	2645
12.0988	2645
12.1028	2645
12.1035	2645
12.1079	2645
12.1127	2645
12.1127	2645
12.1174	2645
12.1213	2645
12.1213	2645
12.1266	2645
12.1304	2645
12.1314	2645
12.1351	2645
12.139	2645
12.14	2645
12.1442	2645
12.1485	2645
12.1495	2645
12.1535	2645
12.1577	2645
12.1587	2645
12.1629	2645
12.1668	2645
12.1678	2645
12.1715	2645
12.1764	2645
12.1764	2645
12.1806	2645
12.1856	2645
12.1856	2645
12.1902	2645
12.1942	2645
12.1952	2645
12.1993	2645
12.2033	2645
12.2046	2645
12.2085	2645
12.2127	2645
12.2137	2645
12.2176	2645
12.2214	2645
12.2223	2645
12.2262	2645
12.2305	2645
12.2314	2645
12.2354	2645
12.24	2645
12.24	2645
12.244	2645
12.2491	2645
12.2491	2645
12.2541	2645
12.2583	2645
12.2593	2645
12.2636	2645
12.2674	2645
12.2684	2645
12.2721	2645
12.276	2645
12.277	2645
12.2813	2645
12.2851	2645
12.2861	2645
12.2908	2645
12.2948	2645
12.2958	2645
12.2999	2645
12.3049	2645
12.3049	2645
12.3085	2645
12.3135	2645
12.3135	2645
12.3186	2645
12.3226	2645
12.3236	2645
12.3272	2645
12.3312	2645
12.3322	2645
12.3363	2645
12.3393	2645
12.3402	2645
12.3432	2645
12.3479	2645
12.3479	2645
12.3518	2645
12.354	2645
12.354	2645
12.3589	2645
12.3619	2645
12.3626	2645
12.3656	2645
12.3694	2645
12.3694	2645
12.3727	2645
12.3767	2645
12.3767	2645
12.3805	2645
12.3833	2645
12.3843	2645
12.3871	2645
12.3914	2645
12.3914	2645
12.3944	2645
12.3982	2645
12.3982	2645
12.4029	2645
12.4058	2645
12.4068	2645
12.4091	2645
12.412	2645
12.413	2645
12.4168	2645
12.4216	2645
12.4216	2645
12.4245	2645
12.4307	2645
12.4307	2645
12.4336	2645
12.4403	2645
12.4403	2645
12.4461	2645
12.4494	2645
12.4494	2645
12.4556	2645
12.459	2645
12.46	2645
12.4647	2645
12.4706	2645
12.4716	2645
12.4777	2645
12.4825	2645
12.4834	2645
12.4898	2645
12.494	2645
12.495	2645
12.5012	2645
12.5078	2645
12.5088	2645
12.5137	2645
12.5199	2645
12.5208	2645
12.5255	2645
12.5314	2645
12.5324	2645
12.5386	2645
12.5432	2645
12.5442	2645
12.5501	2645
12.5553	2645
12.5563	2645
12.5629	2645
12.5687	2645
12.5687	2645
12.575	2645
12.5806	2645
12.5806	2645
12.5855	2645
12.6055	2586
12.6113	2586
12.6156	2586
12.6196	2586
12.6206	2586
12.6242	2586
12.6291	2586
12.6291	2586
12.6343	2592
12.6382	2604
12.6391	2604
12.6439	2604
12.6478	2604
12.6487	2604
12.653	2604
12.6569	2604
12.6578	2616
12.6612	2616
12.6662	2616
12.6662	2616
12.6717	2622
12.6756	2622
12.6766	2622
12.6808	2633
12.6847	2633
12.6857	2633
12.6894	2633
12.6933	2633
12.6943	2633
12.6985	2633
12.7038	2645
12.7038	2645
12.7078	2645
12.7124	2645
12.7124	2645
12.7173	2645
12.7215	2645
12.7215	2645
12.7264	2645
12.7307	2645
12.7317	2645
12.7359	2645
12.7398	2651
12.7408	2651
12.7445	2651
12.7484	2651
12.7494	2651
12.7536	2651
12.7575	2651
12.7585	2651
12.7622	2651
12.7662	2651
12.7672	2651
12.7713	2651
12.7763	2651
12.7763	2651
12.7805	2651
12.7857	2651
12.7857	2651
12.7907	2651
12.7943	2651
12.7943	2651
12.7993	2651
12.8034	2651
12.8044	2651
12.8084	2651
12.8126	2651
12.8136	2651
12.8179	2651
12.8217	2651
12.8227	2651
12.8264	2651
12.8304	2651
12.8314	2651
12.8355	2651
12.8395	2651
12.8405	2651
12.8448	2651
12.85	2651
12.85	2651
12.8533	2651
12.8582	2651
12.8582	2651
12.8635	2651
12.87	2651
12.87	2651
12.8758	2651
12.8791	2651
12.8791	2651
12.884	2651
12.8887	2651
12.8887	2651
12.8936	2651
12.8978	2651
12.8988	2651
12.9027	2651
12.9074	2651
12.9074	2651
12.9113	2651
12.9165	2651
12.9165	2651
12.9204	2651
12.9261	2651
12.9261	2651
12.9303	2651
12.9353	2651
12.9353	2651
12.9394	2651
12.9444	2651
12.9444	2651
12.9496	2651
12.9539	2651
12.9539	2651
12.9588	2651
12.9635	2651
12.9635	2651
12.9673	2651
12.9726	2651
12.9726	2651
12.9764	2651
12.9821	2651
12.9821	2651
12.9864	2651
12.9912	2651
12.9912	2651
12.9956	2651
13.0003	2651
13.0003	2651
13.0057	2651
13.0097	2651
13.0097	2651
13.0143	2651
13.0183	2651
13.019	2651
13.0234	2651
13.0277	2651
13.0287	2651
13.033	2651
13.0368	2651
13.0378	2651
13.0411	2651
13.0454	2651
13.0464	2651
13.0506	2651
13.0545	2651
13.0555	2651
13.0598	2651
13.0646	2651
13.0646	2651
13.0684	2651
13.0732	2651
13.0732	2651
13.0784	2651
13.0823	2651
13.0823	2651
13.087	2651
13.0919	2651
13.0929	2651
13.0961	2651
13.1001	2651
13.1011	2651
13.1057	2651
13.1097	2651
13.1107	2651
13.1143	2651
13.1183	2651
13.1193	2651
13.123	2651
13.1283	2651
13.1283	2651
13.1345	2651
13.1407	2651
13.1407	2651
13.1446	2651
13.1503	2651
13.1503	2651
13.1542	2651
13.1594	2651
13.1594	2651
13.1633	2651
13.169	2651
13.169	2651
13.1739	2651
13.1781	2651
13.1781	2651
13.1824	2651
13.1877	2651
13.1877	2651
13.1934	2651
13.1978	2651
13.1978	2651
13.2021	2651
13.2063	2651
13.2063	2651
13.2116	2651
13.2156	2651
13.2166	2651
13.2207	2651
13.2247	2651
13.225	2651
13.2293	2651
13.2333	2651
13.2343	2651
13.2384	2651
13.2424	2651
13.2432	2651
13.248	2651
13.2519	2651
13.2528	2651
13.2561	2651
13.261	2651
13.261	2651
13.2657	2651
13.2706	2651
13.2706	2651
13.2758	2651
13.2797	2651
13.2797	2651
13.2843	2651
13.2883	2651
13.2893	2651
13.2932	2651
13.2974	2651
13.2984	2651
13.3021	2651
13.307	2651
13.308	2651
13.3119	2651
13.3151	2651
13.3161	2651
13.321	2651
13.3247	2651
13.3257	2651
13.3286	2651
13.3338	2651
13.3338	2651
13.3367	2651
13.3434	2651
13.3434	2651
13.3491	2651
13.3525	2651
13.3525	2651
13.3587	2651
13.362	2651
13.362	2651
13.3678	2651
13.3745	2651
13.3745	2651
13.3774	2651
13.3836	2651
13.3836	2651
13.3865	2651
13.3932	2651
13.3932	2651
13.3961	2651
13.4023	2651
13.4023	2651
13.4056	2651
13.4119	2651
13.4119	2651
13.4176	2651
13.421	2651
13.421	2651
13.4243	2651
13.4306	2651
13.4306	2651
13.4334	2651
13.4397	2651
13.4397	2651
13.4425	2651
13.4469	2651
13.4469	2651
13.4521	2651
13.4583	2651
13.4583	2651
13.4646	2651
13.4706	2651
13.4706	2651
13.4762	2651
13.4823	2651
13.4833	2651
13.4883	2651
13.4948	2651
13.4958	2651
13.501	2651
13.5069	2651
13.5079	2651
13.5135	2651
13.5187	2651
13.5197	2651
13.5256	2651
13.5302	2651
13.5312	2651
13.5373	2651
13.5433	2651
13.5433	2651
13.5499	2651
13.555	2651
13.556	2651
13.562	2651
13.5676	2651
13.5686	2651
13.5733	2651
13.5797	2651
13.58	2651
13.5843	2651
13.5883	2651
13.5891	2651
13.593	2651
13.5987	2651
13.5987	2651
13.6026	2651
13.6078	2651
13.6078	2651
13.6127	2651
13.6164	2651
13.6164	2651
13.6213	2651
13.6255	2651
13.6265	2651
13.6304	2651
13.6341	2651
13.6351	2651
13.6391	2651
13.6432	2651
13.6442	2651
13.6481	2651
13.6528	2651
13.6538	2651
13.6576	2651
13.6619	2651
13.6629	2651
13.6667	2651
13.6715	2651
13.6715	2651
13.6754	2651
13.6806	2651
13.6806	2651
13.6854	2651
13.6893	2651
13.6893	2651
13.6943	2651
13.698	2651
13.6993	2651
13.7032	2651
13.7075	2651
13.7085	2651
13.7125	2651
13.7161	2651
13.717	2651
13.721	2651
13.7258	2651
13.7265	2651
13.7305	2651
13.7344	2651
13.7354	2651
13.7396	2651
13.745	2651
13.745	2651
13.7482	2651
13.7531	2651
13.7531	2651
13.7587	2651
13.7626	2651
13.7626	2651
13.7678	2651
13.7717	2651
13.7727	2651
13.777	2651
13.7802	2651
13.7812	2651
13.7852	2651
13.7898	2651
13.7908	2651
13.7948	2651
13.7989	2651
13.7999	2651
13.8034	2651
13.8071	2651
13.8081	2651
13.8124	2651
13.8172	2651
13.8172	2651
13.8219	2651
13.8269	2651
13.8269	2651
13.8311	2651
13.835	2651
13.835	2651
13.8406	2651
13.8446	2651
13.8456	2651
13.8497	2651
13.8537	2651
13.8547	2651
13.8583	2651
13.8623	2651
13.8633	2651
13.8674	2651
13.8714	2651
13.8724	2651
13.877	2651
13.881	2651
13.8818	2651
13.8851	2651
13.8901	2651
13.8901	2651
13.8948	2651
13.8997	2651
13.8997	2651
13.9048	2651
13.9088	2651
13.9088	2651
13.9135	2651
13.9175	2651
13.9185	2651
13.9222	2651
13.9264	2651
13.9274	2651
13.9313	2651
13.935	2651
13.936	2651
13.9409	2651
13.9441	2651
13.9451	2651
13.949	2651
13.9537	2651
13.9547	2651
13.9587	2651
13.9638	2651
13.9638	2651
13.9678	2651
13.9724	2651
13.9724	2651
13.9773	2651
13.9811	2651
13.9811	2651
13.9868	2651
13.9907	2651
13.992	2651
13.996	2651
13.9998	2651
14.0006	2651
14.0045	2651
14.0085	2651
14.0093	2651
14.0136	2651
14.0176	2651
14.0186	2651
14.0222	2651
14.0261	2651
14.0271	2651
14.0318	2651
14.0357	2651
14.0367	2651
14.0405	2651
14.0458	2651
14.0458	2651
14.0495	2651
14.0544	2651
14.0544	2651
14.0592	2651
14.0635	2651
14.0635	2651
14.0683	2651
14.072	2651
14.073	2651
14.0773	2651
14.0811	2651
14.0825	2651
14.0865	2651
14.0907	2651
14.0917	2651
14.096	2651
14.0998	2692
14.1002	2692
14.1042	2692
14.1082	2692
14.1093	2692
14.1133	2692
14.1176	2692
14.1186	2692
14.1229	2692
14.1269	2692
14.1276	2692
14.132	2692
14.1353	2692
14.1363	2692
14.1405	2692
14.1445	2692
14.1455	2692
14.1497	2692
14.1537	2692
14.1547	2692
14.1583	2692
14.1622	2692
14.1632	2692
14.1674	2692
14.1713	2692
14.1723	2692
14.1769	2692
14.1809	2692
14.1819	2692
14.185	2692
14.189	2692
14.19	2692
14.1946	2692
14.1986	2692
14.1996	2692
14.2037	2692
14.2077	2692
14.2087	2692
14.2123	2692
14.2163	2692
14.2173	2692
14.221	2692
14.2254	2692
14.2264	2692
14.2304	2692
14.235	2692
14.236	2692
14.2397	2692
14.2435	2692
14.2445	2692
14.2484	2692
14.2523	2692
14.2536	2692
14.2575	2692
14.2615	2692
14.2621	2692
14.2661	2692
14.2701	2692
14.2717	2692
14.2757	2692
14.2796	2692
14.2804	2692
14.2847	2692
14.2887	2692
14.2895	2692
14.2939	2692
14.2972	2692
14.2982	2692
14.3024	2692
14.3064	2692
14.3074	2692
14.3111	2692
14.3159	2692
14.3169	2692
14.3202	2692
14.3232	2692
14.324	2692
14.3273	2692
14.3303	2692
14.3313	2692
14.3343	2692
14.3389	2692
14.3389	2692
14.3418	2692
14.3457	2692
14.3457	2692
14.3499	2692
14.3527	2692
14.3527	2692
14.3567	2692
14.3595	2692
14.3605	2692
14.3638	2692
14.3668	2692
14.3678	2692
14.3705	2692
14.3739	2692
14.3749	2692
14.3777	2692
14.3815	2692
14.3815	2692
14.3844	2692
14.3883	2692
14.3883	2692
14.3925	2692
14.3954	2703
14.3954	2703
14.3993	2703
14.4021	2703
14.4031	2703
14.407	2703
14.4093	2703
14.4103	2703
14.4132	2703
14.4161	2703
14.4171	2703
14.4208	2703
14.4247	2703
14.4247	2703
14.4299	2703
14.4328	2703
14.4328	2703
14.4395	2703
14.4424	2714
14.4434	2714
14.4486	2714
14.4545	2714
14.4552	2714
14.4602	2714
14.4663	2714
14.4663	2714
14.4722	2714
14.4779	2714
14.4789	2714
14.485	2714
14.4898	2714
14.4908	2714
14.4965	2714
14.5014	2714
14.5027	2714
14.5085	2714
14.5133	2714
14.5142	2714
14.5191	2714
14.5253	2714
14.5263	2714
14.531	2714
14.5372	2714
14.5382	2714
14.5431	2723
14.5497	2723
14.5507	2723
14.5559	2723
14.5617	2723
14.5617	2723
14.5679	2723
14.5717	2723
14.5727	2723
14.5765	2723
14.5808	2723
14.5818	2723
14.5856	2723
14.5899	2723
14.5899	2723
14.5947	2723
14.5981	2723
14.5981	2723
14.6021	2723
14.6076	2723
14.6076	2723
14.6116	2723
14.6158	2723
14.6168	2723
14.6205	2723
14.6245	2723
14.6255	2723
14.6292	2723
14.6336	2732
14.6346	2732
14.6383	2732
14.6427	2732
14.6437	2732
14.647	2732
14.6512	2732
14.6522	2732
14.6561	2732
14.6603	2732
14.6603	2732
14.6651	2740
14.6691	2752
14.6691	2752
14.6732	2752
14.6772	2752
14.6782	2752
14.6823	2752
14.6863	2752
14.6873	2752
14.6916	2752
14.6958	2752
14.6968	2752
14.7006	2752
14.7049	2752
14.7049	2752
14.7083	2752
14.7135	2762
14.7135	2762
14.7175	2762
14.7211	2762
14.7221	2762
14.7261	2762
14.7309	2762
14.7319	2762
14.7351	2762
14.7391	2762
14.7391	2762
14.7447	2762
14.7487	2762
14.7487	2762
14.7528	2762
14.7562	2762
14.7572	2762
14.7614	2762
14.7653	2762
14.7663	2762
14.771	2762
14.7749	2762
14.7749	2762
14.7791	2762
14.783	2762
14.783	2762
14.787	2762
14.7916	2762
14.7926	2762
14.7965	2762
14.8007	2762
14.8017	2762
14.8057	2762
14.8098	2762
14.8098	2762
14.8142	2762
14.8184	2762
14.8184	2762
14.8223	2762
14.8265	2762
14.8275	2762
14.8314	2762
14.8352	2762
14.8362	2762
14.8402	2762
14.8443	2762
14.8443	2762
14.8493	2762
14.8534	2762
14.8534	2762
14.8578	2762
14.861	2762
14.862	2762
14.8669	2762
14.8701	2762
14.8711	2762
14.8758	2762
14.8798	2762
14.8798	2762
14.8846	2762
14.8889	2762
14.8889	2762
14.8928	2762
14.8965	2762
14.8975	2762
14.9015	2762
14.9056	2762
14.9066	2762
14.9106	2762
14.9147	2762
14.9157	2762
14.9192	2762
14.9239	2762
14.9239	2762
14.9272	2762
14.931	2762
14.932	2762
14.9368	2762
14.9406	2762
14.9416	2762
14.9459	2762
14.9497	2762
14.9507	2762
14.9544	2762
14.9584	2762
14.9584	2762
14.9622	2762
14.9665	2762
14.9675	2762
14.9714	2762
14.9751	2762
14.9761	2762
14.9804	2762
14.9843	2762
14.9853	2762
14.9895	2762
14.9934	2762
14.9934	2762
14.997	2762
15.001	2762
15.002	2762
15.0061	2762
15.0101	2762
15.0111	2762
15.0158	2762
15.0198	2762
15.0208	2762
15.0249	2762
15.0289	2762
15.0289	2762
15.0321	2762
15.036	2762
15.0379	2762
15.0416	2762
15.0456	2762
15.0465	2762
15.0508	2762
15.0548	2762
15.0556	2762
15.0599	2762
15.0639	2762
15.0639	2762
15.0675	2762
15.0715	2762
15.0725	2762
15.0767	2762
15.0806	2762
15.0816	2762
15.0852	2762
15.0892	2762
15.0902	2762
15.0943	2762
15.0983	2762
15.0983	2762
15.1023	2762
15.1069	2762
15.1079	2762
15.1116	2762
15.116	2762
15.117	2762
15.121	2762
15.1246	2762
15.1256	2762
15.1296	2762
15.1337	2762
15.1337	2762
15.1377	2762
15.1423	2762
15.1423	2762
15.1463	2762
15.1504	2762
15.1514	2762
15.1554	2762
15.16	2762
15.161	2762
15.1649	2762
15.1681	2762
15.1681	2762
15.172	2762
15.1774	2762
15.1774	2762
15.1816	2762
15.1856	2762
15.1864	2762
15.1907	2762
15.1945	2762
15.1955	2762
15.1994	2762
15.2036	2762
15.2036	2762
15.2075	2762
15.2127	2762
15.2127	2762
15.2161	2762
15.221	2762
15.2212	2762
15.2252	2762
15.2291	2762
15.2301	2762
15.2343	2762
15.2381	2762
15.2381	2762
15.242	2762
15.2472	2762
15.2472	2762
15.2511	2762
15.2553	2762
15.2563	2762
15.2602	2762
15.2646	2762
15.2658	2762
15.2698	2762
15.2737	2762
15.2737	2762
15.2779	2762
15.2827	2762
15.2827	2762
15.2866	2762
15.2908	2762
15.2918	2762
15.2957	2762
15.2993	2762
15.3003	2762
15.3043	2762
15.3081	2762
15.3081	2762
15.3134	2762
15.3164	2762
15.3164	2762
15.3205	2762
15.3235	2762
15.3235	2762
15.3271	2762
15.3301	2762
15.3301	2762
15.3341	2762
15.3372	2762
15.3372	2762
15.3412	2762
15.3442	2762
15.3442	2762
15.3488	2762
15.3518	2762
15.3518	2762
15.3559	2762
15.3589	2762
15.3589	2762
15.3622	2762
15.3675	2762
15.3675	2762
15.3732	2762
15.3766	2762
15.3766	2762
15.3809	2762
15.3861	2762
15.3861	2762
15.389	2762
15.3953	2762
15.3953	2762
15.3981	2762
15.4048	2762
15.4048	2762
15.4077	2762
15.4139	2762
15.4139	2762
15.4168	2762
15.4202	2762
15.4202	2762
15.4235	2762
15.4297	2762
15.4297	2762
15.4355	2762
15.4408	2762
15.4418	2762
15.4465	2762
15.4527	2762
15.4527	2762
15.4587	2762
15.4638	2762
15.4648	2762
15.4701	2762
15.4753	2762
15.4762	2762
15.4815	2762
15.4872	2762
15.4872	2762
15.4931	2762
15.4983	2762
15.4993	2762
15.5054	2762
15.5104	2762
15.5114	2762
15.5169	2762
15.5227	2762
15.5227	2762
15.528	2762
15.5336	2762
15.5346	2762
15.5405	2762
15.5457	2762
15.5467	2762
15.5515	2762
15.5572	2762
15.5572	2762
15.5614	2762
15.5654	2762
15.5664	2762
15.5701	2762
15.5741	2762
15.5751	2762
15.5792	2762
15.5832	2762
15.5842	2762
15.5883	2762
15.5927	2762
15.5927	2762
15.5969	2762
15.6008	2762
15.6018	2762
15.605	2762
15.609	2762
15.6103	2762
15.6142	2762
15.6186	2763
15.6196	2763
15.6238	2763
15.6277	2763
15.6277	2763
15.6319	2763
15.6353	2770
15.6366	2770
15.6406	2770
15.6444	2770
15.6458	2770
15.6497	2780
15.6536	2780
15.6536	2780
15.6588	2780
15.6627	2780
15.6627	2780
15.6664	2780
15.6707	2791
15.6717	2791
15.6756	2802
15.6798	2802
15.6808	2802
15.6846	2802
15.6883	2802
15.6883	2802
15.6923	2802
15.6962	2802
15.6972	2802
15.7014	2802
15.7053	2806
15.7053	2806
15.709	2806
15.7139	2806
15.7149	2806
15.7181	2806
15.723	2806
15.724	2806
15.7277	2806
15.7316	2806
15.7316	2806
15.7358	2806
15.7398	2806
15.7408	2806
15.744	2806
15.7484	2806
15.7494	2806
15.7531	2806
15.7579	2806
15.7579	2806
15.7618	2806
15.7656	2806
15.767	2806
15.7709	2806
15.7749	2806
15.7749	2806
15.7785	2806
15.7825	2806
15.7835	2806
15.7871	2806
15.7911	2806
15.7921	2806
15.7968	2806
15.8001	2806
15.8001	2806
15.8048	2806
15.8088	2806
15.8097	2806
15.8139	2806
15.8179	2806
15.8179	2806
15.8218	2806
15.826	2806
15.827	2806
15.8309	2806
15.8346	2806
15.8356	2806
15.8398	2806
15.8437	2806
15.8437	2806
15.8479	2806
15.8519	2806
15.8529	2806
15.8566	2806
15.8606	2806
15.8616	2806
15.8657	2806
15.8697	2806
15.8697	2806
15.8738	2806
15.8773	2806
15.8782	2806
15.8825	2806
15.8864	2806
15.8864	2806
15.8903	2806
15.8945	2806
15.8955	2806
15.8992	2806
15.9032	2806
15.9042	2806
15.9083	2806
15.9122	2806
15.9122	2806
15.9169	2806
15.9209	2806
15.9219	2806
15.925	2806
15.93	2806
15.93	2806
15.9341	2806
15.9381	2806
15.9381	2806
15.9421	2806
15.9467	2806
15.9477	2806
15.9517	2806
15.9558	2806
15.9558	2806
15.9598	2806
15.9634	2806
15.9644	2806
15.9684	2806
15.9725	2806
15.9735	2806
15.9775	2806
15.9811	2806
15.9811	2806
15.985	2806
15.989	2806
15.9902	2806
15.9941	2806
15.9981	2806
15.9981	2806
16.0027	2806
16.0067	2806
16.0077	2806
16.0118	2806
16.0158	2806
16.0168	2806
16.0204	2806
16.0243	2806
16.0243	2806
16.0285	2806
16.0325	2806
16.0335	2806
16.0371	2806
16.0411	2806
16.0421	2806
16.0462	2806
16.0502	2806
16.0502	2806
16.0549	2806
16.0589	2806
16.0599	2806
16.063	2806
16.068	2806
16.068	2806
16.0711	2806
16.0751	2806
16.0761	2806
16.0805	2806
16.0847	2806
16.0857	2806
16.0896	2806
16.0938	2806
16.0938	2806
16.0975	2806
16.1015	2806
16.1024	2806
16.1066	2806
16.1106	2806
16.1106	2806
16.1143	2806
16.1187	2806
16.1197	2806
16.1231	2806
16.1273	2806
16.1283	2806
16.1322	2806
16.1364	2806
16.1364	2806
16.1401	2806
16.1441	2806
16.1451	2806
16.1492	2806
16.1532	2806
16.1542	2806
16.1583	2806
16.1623	2806
16.1623	2806
16.1663	2806
16.1709	2806
16.1719	2806
16.1759	2806
16.179	2806
16.179	2806
16.1833	2806
16.1876	2806
16.1886	2806
16.1924	2806
16.1967	2806
16.1977	2806
16.2017	2806
16.205	2806
16.205	2806
16.2092	2806
16.2131	2806
16.2141	2806
16.2183	2806
16.2227	2806
16.2237	2806
16.2279	2806
16.2318	2806
16.2318	2806
16.2351	2806
16.2398	2806
16.2408	2806
16.2447	2806
16.2485	2806
16.2485	2806
16.2527	2806
16.2567	2806
16.2576	2806
16.2614	2806
16.2654	2806
16.2664	2806
16.2705	2806
16.2745	2806
16.2745	2806
16.2787	2806
16.2826	2806
16.2834	2806
16.2873	2806
16.2913	2806
16.2913	2806
16.2951	2806
16.2993	2806
16.3003	2806
16.3036	2806
16.3065	2806
16.3075	2806
16.3109	2806
16.3131	2806
16.3141	2806
16.318	2806
16.3203	2806
16.3213	2806
16.3242	2806
16.3275	2806
16.3285	2806
16.3315	2806
16.3357	2806
16.3357	2806
16.339	2806
16.3429	2806
16.3429	2806
16.3481	2806
16.351	2806
16.351	2806
16.3548	2806
16.3606	2806
16.3606	2806
16.3639	2806
16.3697	2806
16.3697	2806
16.373	2806
16.3769	2806
16.3769	2806
16.3826	2806
16.3855	2806
16.3855	2806
16.3917	2806
16.3946	2806
16.3946	2806
16.4013	2806
16.4042	2806
16.4042	2806
16.4075	2806
16.4118	2806
16.4118	2806
16.4148	2806
16.4195	2806
16.4195	2806
16.4229	2806
16.4291	2806
16.4291	2806
16.4353	2806
16.4406	2806
16.4416	2806
16.4464	2806
16.4511	2806
16.4521	2806
16.4584	2806
16.4631	2806
16.4645	2806
16.4699	2806
16.4741	2806
16.4751	2806
16.481	2806
16.4862	2806
16.4872	2806
16.4928	2806
16.4976	2806
16.499	2806
16.505	2812
16.5091	2839
16.5101	2839
16.5151	2839
16.5206	2839
16.5216	2839
16.5268	2839
16.5326	2839
16.5326	2839
16.5383	2839
16.5436	2839
16.5446	2839
16.5486	2839
16.5527	2839
16.5527	2839
16.5565	2839
16.5603	2839
16.5613	2839
16.5652	2839
16.5695	2846
16.5695	2846
16.5735	2846
16.5776	2846
16.5786	2856
16.5823	2856
16.5863	2856
16.5863	2856
16.5902	2856
16.5944	2856
16.5954	2856
16.5993	2856
16.6035	2856
16.6035	2856
16.6074	2856
16.6111	2856
16.6121	2856
16.6169	2856
16.6202	2856
16.6202	2856
16.6242	2856
16.6284	2856
16.6294	2856
16.6331	2856
16.6371	2856
16.6371	2856
16.6412	2856
16.6452	2856
16.6462	2856
16.6503	2856
16.6533	2856
16.6543	2856
16.6583	2856
16.6629	2863
16.6639	2863
16.6668	2863
16.67	2863
16.671	2863
16.6752	2863
16.6792	2863
16.6792	2863
16.6832	2863
16.6878	2863
16.6888	2863
16.6928	2863
16.6964	2863
16.6964	2863
16.7003	2863
16.7041	2863
16.7051	2863
16.7094	2863
16.7136	2863
16.7136	2863
16.7171	2863
16.7211	2863
16.7228	2863
16.7261	2863
16.73	2863
16.73	2863
16.7348	2863
16.7386	2863
16.7396	2863
16.7425	2863
16.7467	2863
16.7477	2863
16.7516	2863
16.7553	2863
16.7553	2863
16.7592	2863
16.7634	2863
16.7644	2863
16.7683	2863
16.7721	2863
16.7721	2863
16.7761	2863
16.7802	2863
16.7812	2863
16.7852	2863
16.7894	2863
16.7894	2863
16.7932	2863
16.7971	2863
16.7981	2863
16.8028	2863
16.8061	2863
16.8061	2863
16.8101	2863
16.8143	2863
16.8152	2863
16.8192	2863
16.8228	2863
16.8238	2863
16.8277	2863
16.831	2863
16.831	2863
16.835	2863
16.8392	2863
16.8401	2863
16.8445	2863
16.8488	2863
16.8488	2863
16.8526	2863
16.8569	2863
16.8579	2863
16.8617	2863
16.8651	2863
16.8651	2863
16.8695	2863
16.8737	2863
16.8746	2863
16.8785	2863
16.8828	2863
16.8828	2863
16.8866	2863
16.8904	2863
16.8914	2863
16.8953	2863
16.8992	2863
16.8992	2863
16.9034	2863
16.9078	2863
16.9088	2863
16.911	2863
16.9159	2863
16.9169	2863
16.9201	2863
16.925	2863
16.925	2863
16.9287	2863
16.9327	2863
16.9336	2863
16.9378	2863
16.9418	2863
16.9418	2863
16.9455	2863
16.9494	2863
16.9504	2863
16.9543	2863
16.9585	2863
16.9585	2863
16.9627	2863
16.9667	2863
16.9677	2863
16.9713	2863
16.9753	2863
16.9753	2863
16.9792	2863
16.9834	2863
16.9844	2863
16.9886	2863
16.9916	2863
16.9926	2863
16.9962	2863
17.0002	2863
17.0002	2863
17.0041	2863
17.0083	2863
17.0093	2863
17.0136	2863
17.0175	2863
17.0175	2863
17.0211	2863
17.0251	2863
17.0261	2863
17.0303	2863
17.0343	2863
17.0343	2863
17.0385	2863
17.0424	2863
17.0432	2863
17.0471	2863
17.0511	2863
17.0511	2863
17.0553	2863
17.0593	2863
17.0603	2863
17.0644	2863
17.0674	2863
17.0687	2863
17.073	2863
17.0768	2863
17.0772	2863
17.0802	2863
17.0842	2863
17.0852	2863
17.0893	2863
17.0933	2863
17.0933	2863
17.0979	2863
17.1018	2863
17.1028	2863
17.107	2863
17.1108	2863
17.1108	2863
17.1146	2863
17.1185	2863
17.1195	2863
17.1234	2863
17.1276	2863
17.1276	2863
17.1314	2863
17.1354	2863
17.1362	2863
17.1405	2863
17.1444	2863
17.1444	2863
17.1482	2863
17.152	2863
17.153	2863
17.156	2863
17.1602	2863
17.1611	2863
17.1651	2863
17.1693	2863
17.1693	2863
17.1732	2863
17.1778	2863
17.1788	2863
17.1827	2863
17.1869	2863
17.1869	2863
17.1909	2863
17.1942	2863
17.1952	2863
17.1996	2863
17.2038	2863
17.2038	2863
17.2076	2863
17.2119	2863
17.2129	2863
17.2167	2863
17.2205	2863
17.2205	2863
17.2244	2863
17.2287	2863
17.2296	2863
17.2339	2863
17.2369	2863
17.2379	2863
17.2416	2863
17.246	2863
17.246	2863
17.2497	2863
17.2537	2863
17.2545	2863
17.2588	2863
17.2628	2863
17.2628	2863
17.2665	2863
17.2709	2863
17.2719	2863
17.2752	2863
17.2795	2863
17.2795	2863
17.2837	2863
17.2877	2863
17.2886	2863
17.2914	2863
17.2948	2863
17.2948	2863
17.2988	2863
17.301	2863
17.301	2863
17.3044	2863
17.3084	2863
17.3084	2863
17.3115	2863
17.3145	2863
17.3155	2863
17.3188	2863
17.3211	2863
17.3231	2863
17.3269	2863
17.3292	2863
17.3322	2863
17.335	2863
17.3389	2863
17.3389	2863
17.3446	2863
17.348	2863
17.348	2863
17.3537	2863
17.3571	2863
17.3571	2863
17.3604	2863
17.3667	2863
17.3667	2863
17.3695	2863
17.3758	2863
17.3758	2863
17.3786	2863
17.3825	2863
17.3825	2863
17.3882	2863
17.3916	2863
17.3916	2863
17.3973	2863
17.4007	2863
17.4007	2863
17.404	2863
17.4102	2863
17.4102	2863
17.4165	2863
17.4215	2863
17.4222	2863
17.4276	2863
17.4322	2863
17.4332	2863
17.438	2863
17.4434	2863
17.4444	2863
17.4495	2863
17.4558	2863
17.4558	2863
17.4611	2863
17.4663	2863
17.4673	2863
17.4721	2863
17.4774	2863
17.4784	2863
17.483	2863
17.4889	2863
17.4899	2863
17.4941	2863
17.5003	2863
17.5003	2863
17.5063	2863
17.5119	2863
17.5128	2863
17.517	2863
17.5227	2863
17.5237	2863
17.5287	2863
17.5338	2863
17.5348	2863
17.5388	2863
17.5429	2863
17.5439	2863
17.5473	2863
17.5506	2869
17.5516	2869
17.5556	2869
17.5597	2869
17.5597	2869
17.5637	2869
17.5679	2869
17.5688	2869
17.5722	2869
17.5765	2880
17.5765	2880
17.5805	2880
17.5846	2880
17.5856	2880
17.5896	2880
17.5937	2880
17.5937	2880
17.5971	2880
17.6013	2880
17.6023	2880
17.6053	2880
17.6092	2880
17.6104	2880
17.6144	2880
17.6182	2880
17.6182	2880
17.6221	2880
17.6263	2880
17.6273	2880
17.6311	2880
17.6354	2880
17.6354	2880
17.6393	2880
17.6436	2880
17.6446	2880
17.6476	2880
17.6512	2880
17.6522	2880
17.656	2880
17.6603	2880
17.6603	2880
17.6642	2880
17.6681	2880
17.6699	2880
17.6738	2880
17.6777	2880
17.6777	2880
17.6819	2880
17.6852	2880
17.6862	2880
17.6892	2880
17.6932	2880
17.6948	2880
17.6987	2880
17.7025	2880
17.7025	2880
17.7068	2880
17.7102	2880
17.7112	2880
17.7154	2880
17.7194	2880
17.7194	2880
17.7236	2880
17.7275	2880
17.7285	2880
17.7311	2880
17.7351	2880
17.7361	2880
17.7407	2880
17.7447	2880
17.7447	2880
17.7487	2880
17.7524	2880
17.7537	2880
17.7577	2880
17.7614	2880
17.7614	2880
17.7654	2880
17.7695	2880
17.7705	2880
17.7735	2880
17.7773	2880
17.7786	2880
17.7826	2880
17.7863	2880
17.7863	2880
17.7903	2880
17.7944	2880
17.7954	2880
17.7994	2880
17.8035	2880
17.8035	2880
17.8075	2880
17.8118	2880
17.8121	2880
17.8151	2880
17.8193	2880
17.8203	2880
17.8243	2880
17.8284	2880
17.8284	2880
17.8324	2880
17.8368	2880
17.837	2880
17.842	2880
17.8452	2880
17.8452	2880
17.8492	2880
17.8533	2880
17.8533	2880
17.8573	2880
17.8613	2880
17.8629	2880
17.8669	2880
17.8706	2880
17.8706	2880
17.875	2880
17.8783	2880
17.8793	2880
17.8836	2880
17.8875	2880
17.8875	2880
17.8917	2880
17.8956	2880
17.8956	2880
17.8994	2880
17.9034	2880
17.9044	2880
17.9085	2880
17.9125	2880
17.9125	2880
17.9166	2880
17.9205	2880
17.9215	2880
17.9252	2880
17.9292	2880
17.9292	2880
17.933	2880
17.9373	2880
17.9373	2880
17.9415	2880
17.946	2880
17.947	2880
17.9501	2880
17.9541	2880
17.9541	2880
17.9582	2880
17.9622	2880
17.9632	2880
17.9675	2880
17.9718	2880
17.9718	2880
17.9758	2880
17.9799	2880
17.9799	2880
17.9837	2880
17.9875	2880
17.9885	2880
17.9923	2880
17.9966	2880
17.9966	2880
18.0006	2880
18.0048	2880
18.0053	2880
18.0093	2880
18.0134	2880
18.0134	2880
18.0172	2880
18.0215	2880
18.0215	2880
18.0255	2880
18.0292	2880
18.0302	2880
18.0342	2880
18.0383	2880
18.0383	2880
18.0422	2880
18.0464	2880
18.0474	2880
18.0513	2880
18.0541	2880
18.0551	2880
18.06	2880
18.0632	2880
18.0632	2880
18.0672	2880
18.0713	2880
18.0723	2880
18.0763	2880
18.0809	2880
18.0809	2880
18.0849	2880
18.0887	2880
18.089	2880
18.094	2880
18.0967	2880
18.0977	2880
18.1016	2880
18.1058	2880
18.1058	2880
18.1098	2880
18.1135	2880
18.1149	2880
18.1189	2880
18.1222	2880
18.1222	2880
18.1265	2880
18.1303	2880
18.1313	2880
18.1356	2880
18.1384	2880
18.1393	2880
18.1433	2880
18.1473	2880
18.1473	2880
18.1514	2880
18.1554	2880
18.1564	2880
18.1605	2880
18.1648	2880
18.1648	2880
18.1681	2880
18.1721	2880
18.1739	2880
18.1772	2880
18.1802	2880
18.1812	2880
18.1859	2880
18.1897	2880
18.1897	2880
18.193	2880
18.198	2880
18.199	2880
18.2021	2880
18.2061	2880
18.2061	2880
18.2104	2880
18.2147	2880
18.2157	2880
18.2199	2880
18.2229	2880
18.2239	2880
18.227	2880
18.2315	2880
18.2315	2880
18.2353	2880
18.2396	2880
18.2406	2880
18.2448	2880
18.2487	2880
18.2487	2880
18.2524	2880
18.2564	2880
18.2574	2880
18.2615	2880
18.2645	2880
18.2655	2880
18.2694	2880
18.2736	2880
18.2736	2880
18.2775	2880
18.2802	2880
18.2812	2880
18.2842	2880
18.2874	2880
18.2884	2880
18.2914	2880
18.2941	2880
18.2941	2880
18.2985	2880
18.3014	2880
18.3014	2880
18.3041	2880
18.3071	2880
18.3081	2880
18.3113	2880
18.3143	2880
18.3153	2880
18.3191	2880
18.3224	2880
18.3224	2880
18.3253	2880
18.329	2880
18.332	2880
18.3349	2880
18.3372	2880
18.3382	2880
18.344	2880
18.3464	2880
18.3473	2880
18.3502	2880
18.3531	2880
18.354	2880
18.3598	2880
18.3622	2880
18.3631	2880
18.366	2880
18.3693	2880
18.3722	2880
18.3751	2880
18.3785	2881
18.3785	2881
18.3847	2881
18.3871	2881
18.388	2881
18.3938	2881
18.3962	2881
18.3971	2881
18.4025	2881
18.4077	2881
18.4087	2881
18.4139	2892
18.4187	2892
18.4196	2892
18.4246	2892
18.4297	2892
18.4307	2892
18.4356	2892
18.4407	2892
18.4417	2892
18.4467	2892
18.4523	2892
18.4523	2892
18.4585	2892
18.4638	2892
18.4638	2892
18.469	2892
18.4749	2892
18.4751	2892
18.4801	2892
18.4858	2892
18.4868	2892
18.4919	2892
18.4969	2892
18.4979	2892
18.5021	2892
18.5078	2892
18.5088	2892
18.5136	2892
18.5188	2892
18.5198	2892
18.5246	2892
18.5289	2892
18.5299	2892
18.5332	2892
18.5372	2892
18.5372	2892
18.5418	2892
18.5457	2892
18.5466	2892
18.5509	2892
18.5538	2892
18.5548	2892
18.5581	2892
18.5623	2892
18.5623	2892
18.5663	2892
18.5703	2892
18.5713	2892
18.5759	2892
18.5788	2892
18.5798	2892
18.583	2892
18.5872	2892
18.5872	2892
18.5912	2892
18.5952	2892
18.5962	2892
18.6008	2892
18.6047	2892
18.6047	2892
18.6089	2892
18.6122	2892
18.6132	2892
18.6161	2892
18.6201	2892
18.6211	2892
18.6257	2892
18.6297	2892
18.6297	2892
18.6338	2892
18.6378	2892
18.6388	2892
18.6414	2892
18.6454	2892
18.6463	2892
18.6505	2892
18.6545	2892
18.6545	2892
18.6584	2892
18.6621	2892
18.6631	2892
18.668	2892
18.6702	2892
18.6712	2892
18.6754	2892
18.6794	2892
18.6794	2892
18.6838	2892
18.688	2892
18.689	2892
18.6929	2892
18.6961	2892
18.6961	2892
18.7004	2892
18.7047	2892
18.7057	2892
18.7085	2892
18.7128	2892
18.7138	2892
18.7177	2892
18.7214	2892
18.7214	2892
18.7254	2892
18.7296	2892
18.7306	2892
18.7335	2892
18.7377	2892
18.7387	2892
18.7427	2892
18.7463	2892
18.7463	2892
18.7503	2892
18.7541	2892
18.7551	2892
18.7594	2892
18.7626	2892
18.7636	2892
18.7676	2892
18.7712	2892
18.7712	2892
18.7752	2892
18.7791	2892
18.7801	2892
18.7843	2892
18.7885	2892
18.7885	2892
18.7925	2892
18.7961	2892
18.7971	2892
18.8001	2892
18.805	2892
18.8052	2892
18.8092	2892
18.8135	2892
18.8135	2892
18.8174	2892
18.821	2892
18.822	2892
18.825	2892
18.829	2892
18.8301	2892
18.8341	2892
18.839	2892
18.839	2892
18.8427	2892
18.8469	2892
18.8479	2892
18.8518	2892
18.8547	2892
18.855	2892
18.859	2892
18.863	2892
18.863	2892
18.8676	2892
18.8715	2892
18.8725	2892
18.8767	2892
18.8806	2892
18.8806	2892
18.8843	2892
18.8883	2892
18.8883	2892
18.8925	2892
18.8964	2892
18.8974	2892
18.9016	2892
18.9056	2892
18.9056	2892
18.9092	2892
18.9132	2892
18.9142	2892
18.9173	2892
18.9213	2892
18.9223	2892
18.9263	2892
18.9309	2892
18.9309	2892
18.9348	2892
18.938	2892
18.94	2892
18.9432	2892
18.9462	2892
18.9472	2892
18.9512	2892
18.9558	2892
18.9558	2892
18.9597	2892
18.9639	2892
18.9649	2892
18.9682	2892
18.9721	2892
18.9721	2892
18.9765	2892
18.9807	2892
18.9807	2892
18.985	2892
18.9889	2892
18.9899	2892
18.9931	2892
18.997	2892
18.997	2892
19.0016	2892
19.0056	2892
19.0066	2892
19.0099	2892
19.0137	2892
19.0147	2892
19.019	2892
19.0228	2892
19.0228	2892
19.0262	2892
19.0302	2892
19.0312	2892
19.0358	2892
19.0386	2892
19.0396	2892
19.0439	2892
19.0477	2892
19.0477	2892
19.0511	2892
19.0551	2892
19.0561	2892
19.0607	2892
19.0645	2892
19.0645	2892
19.0688	2892
19.0726	2892
19.0726	2892
19.0764	2892
19.0804	2892
19.0814	2892
19.0856	2892
19.0896	2892
19.0896	2892
19.0937	2892
19.0977	2892
19.098	2892
19.101	2892
19.1053	2892
19.1063	2892
19.1101	2892
19.1144	2892
19.1144	2892
19.1181	2900
19.1221	2900
19.1231	2900
19.1272	2900
19.1302	2900
19.1312	2900
19.1353	2900
19.1393	2900
19.1393	2900
19.1436	2900
19.1479	2900
19.1489	2900
19.1527	2900
19.156	2900
19.157	2900
19.1607	2900
19.1647	2900
19.1647	2900
19.1687	2900
19.1728	2900
19.1738	2900
19.1778	2900
19.1809	2900
19.1819	2900
19.1858	2900
19.1895	2900
19.1895	2900
19.1935	2900
19.1973	2900
19.1986	2900
19.2026	2900
19.2058	2900
19.2068	2900
19.2107	2900
19.2144	2900
19.2144	2900
19.2184	2900
19.2226	2900
19.2236	2900
19.2275	2900
19.2317	2900
19.2317	2900
19.2351	2900
19.2393	2900
19.2393	2900
19.2433	2900
19.2475	2900
19.2485	2900
19.2524	2900
19.2566	2900
19.2566	2900
19.2605	2900
19.2642	2900
19.2642	2900
19.2672	2900
19.2711	2900
19.2711	2900
19.2743	2900
19.2773	2900
19.2782	2900
19.2815	2900
19.2845	2900
19.2845	2900
19.2875	2900
19.2911	2900
19.2911	2900
19.295	2900
19.2972	2900
19.2982	2900
19.3012	2900
19.3041	2900
19.3041	2900
19.3078	2900
19.3118	2900
19.3118	2900
19.314	2900
19.317	2900
19.318	2900
19.321	2900
19.3241	2900
19.3241	2900
19.3271	2900
19.3313	2900
19.3313	2900
19.3347	2900
19.3376	2900
19.3386	2900
19.3438	2900
19.3467	2900
19.3467	2900
19.35	2900
19.3563	2900
19.3563	2900
19.3596	2900
19.3654	2900
19.3654	2900
19.3687	2900
19.3716	2900
19.3726	2900
19.3783	2900
19.3812	2900
19.3812	2900
19.3874	2900
19.3927	2900
19.3927	2900
19.3986	2900
19.4032	2900
19.4042	2900
19.4095	2900
19.4143	2900
19.4152	2900
19.4205	2900
19.4251	2900
19.4261	2900
19.4314	2900
19.4364	2900
19.4372	2900
19.4425	2900
19.4475	2900
19.4485	2900
19.453	2900
19.4583	2900
19.4593	2900
19.4641	2900
19.4704	2900
19.4704	2900
19.476	2900
19.4818	2900
19.4818	2900
19.487	2900
19.4923	2900
19.4933	2900
19.4983	2900
19.5039	2900
19.5049	2900
19.51	2900
19.5148	2900
19.5152	2900
19.5182	2900
19.5222	2900
19.5232	2900
19.5278	2900
19.5316	2900
19.5316	2900
19.5359	2900
19.5397	2900
19.5401	2900
19.5431	2900
19.5475	2900
19.5485	2900
19.5527	2900
19.5569	2908
19.5569	2908
19.5609	2914
19.5647	2914
19.565	2914
19.568	2914
19.5729	2914
19.5739	2914
19.5776	2914
19.5818	2921
19.5818	2921
19.5858	2931
19.5897	2931
19.5897	2931
19.5939	2931
19.5978	2931
19.5988	2931
19.6025	2931
19.6054	2931
19.6068	2931
19.6107	2931
19.6145	2931
19.6145	2931
19.6188	2931
19.6227	2931
19.6227	2931
19.6264	2931
19.6303	2931
19.6317	2931
19.6356	2931
19.6386	2931
19.6394	2931
19.6437	2931
19.6477	2931
19.6477	2931
19.6514	2931
19.6552	2931
19.6552	2931
19.6595	2931
19.6634	2931
19.6643	2931
19.668	2931
19.671	2931
19.672	2931
19.6763	2931
19.6802	2931
19.6802	2931
19.6844	2931
19.6883	2931
19.6883	2931
19.6927	2931
19.6969	2931
19.6979	2931
19.7018	2931
19.7041	2931
19.705	2931
19.7099	2931
19.7136	2931
19.7136	2931
19.7175	2931
19.7217	2931
19.7217	2931
19.7257	2931
19.7296	2931
19.7303	2931
19.7343	2931
19.7372	2931
19.7382	2931
19.7424	2931
19.7467	2931
19.7467	2931
19.7501	2931
19.7541	2931
19.7541	2931
19.7582	2931
19.7622	2931
19.7632	2931
19.7673	2931
19.7702	2931
19.7716	2931
19.7755	2931
19.7795	2931
19.7795	2931
19.7831	2931
19.7871	2931
19.7871	2931
19.7912	2931
19.7951	2931
19.7961	2931
19.8008	2931
19.8038	2931
19.8047	2931
19.808	2931
19.812	2931
19.812	2931
19.8162	2931
19.82	2931
19.82	2931
19.8247	2931
19.8287	2931
19.8296	2931
19.8339	2931
19.8369	2931
19.8379	2931
19.8411	2931
19.845	2931
19.845	2931
19.8497	2931
19.8536	2931
19.8536	2931
19.8575	2931
19.8617	2931
19.8627	2931
19.867	2931
19.87	2931
19.871	2931
19.8746	2931
19.8785	2931
19.8785	2931
19.8824	2931
19.8866	2931
19.8866	2931
19.8904	2931
19.8944	2931
19.8952	2931
19.8995	2931
19.9024	2931
19.9034	2931
19.9072	2931
19.9116	2931
19.9116	2931
19.9156	2931
19.9192	2931
19.9192	2931
19.923	2931
19.9273	2931
19.9283	2931
19.9321	2931
19.9355	2931
19.9369	2931
19.9409	2931
19.9441	2931
19.9441	2931
19.948	2931
19.9522	2931
19.9522	2931
19.9561	2931
19.96	2931
19.9618	2931
19.9657	2931
19.969	2931
19.97	2931
19.9738	2931
19.9771	2931
19.9771	2931
19.9811	2931
19.9851	2931
19.9851	2931
19.9896	2931
19.9935	2931
19.9945	2931
19.9987	2931
