0.0530974	1	44	1404
0.0559696	2	46	1406
0.0563456	3	47	206
0.0593136	4	50	1406
0.0621856	5	53	1406
0.0625616	6	53	206
0.0655296	7	56	1406
0.0684016	8	59	1406
0.0687776	9	59	206
0.0717456	10	62	1406
0.0746176	11	65	1406
0.0749936	12	62	206
0.0779616	13	65	1406
0.0808336	14	64	1406
0.133702	15	40	206
0.137294	16	43	1406
0.145382	17	43	1406
0.151382	18	41	206
0.15435	19	44	1406
0.15919	20	43	1406
0.160566	21	40	206
0.16503	22	44	1406
0.16803	23	44	1406
0.169438	24	41	206
0.172406	25	44	1406
0.17603	26	44	1406
0.177438	27	41	206
0.180406	28	44	1406
0.18403	29	44	1406
0.184438	30	41	206
0.18803	31	44	1406
0.19203	32	44	1406
0.192438	33	41	206
0.19603	34	44	1406
0.19903	35	44	1406
0.200438	36	41	206
0.20403	37	44	1406
0.207374	38	44	1406
0.210622	39	43	206
0.21359	40	46	1406
0.216462	41	45	1406
0.216838	42	41	206
0.219806	43	44	1406
0.22555	44	47	1406
0.225926	45	44	206
0.228894	46	47	1406
0.231766	47	47	1406
0.232142	48	45	206
0.23511	49	48	1406
0.238454	50	48	1406
0.241702	51	47	206
0.24467	52	50	1406
0.250414	53	53	1406
0.25079	54	51	206
0.253758	55	53	1406
0.259974	56	56	1406
0.26035	57	55	206
0.263318	58	57	1406
0.26619	59	58	1406
0.269438	60	58	206
0.272406	61	60	1406
0.27575	62	61	1406
0.278998	63	61	206
0.281966	64	64	1406
0.284838	65	64	1406
0.288088	66	65	207
0.291058	67	68	1407
0.297276	68	71	1407
0.297654	69	68	207
0.300624	70	71	1407
0.303498	71	71	1407
0.306748	72	71	207
0.309718	73	74	1407
0.312592	74	74	1407
0.316314	75	75	207
0.319284	76	78	1407
0.322158	77	78	1407
0.325408	78	78	207
0.328378	79	81	1407
0.331724	80	81	1407
0.334974	81	81	207
0.337944	82	84	1407
0.34369	83	87	1407
0.344068	84	85	207
0.347038	85	88	1407
0.349912	86	89	1407
0.353634	87	88	207
0.356604	88	91	1407
0.359478	89	93	1407
0.362728	90	94	207
0.365698	91	97	1407
0.368572	92	99	1407
0.36895	93	97	207
0.37192	94	100	1407
0.374794	95	102	1407
0.375644	96	100	207
0.378614	97	103	1407
0.38436	98	108	1407
0.384738	99	106	207
0.387708	100	109	1407
0.390582	101	111	1407
0.393832	102	109	207
0.396802	103	112	1407
0.399676	104	114	1407
0.403398	105	113	207
0.406368	106	116	1407
0.409242	107	118	1407
0.412492	108	119	207
0.415462	109	122	1407
0.418336	110	124	1407
0.422058	111	122	207
0.425028	112	125	1407
0.427902	113	126	1407
0.431152	114	128	207
0.434122	115	131	1407
0.436996	116	132	1407
0.437374	117	131	207
0.440344	118	134	1407
0.443218	119	136	1407
0.44694	120	134	207
0.44991	121	137	1407
0.455656	122	142	1407
0.456034	123	141	207
0.459004	124	144	1407
0.461878	125	145	1407
0.4656	126	143	207
0.46857	127	146	1407
0.471444	128	148	1407
0.471822	129	147	207
0.474792	130	149	1407
0.480538	131	154	1407
0.480916	132	149	207
0.483886	133	152	1407
0.490104	134	158	1407
0.493354	135	156	207
0.496324	136	159	1407
0.499198	137	161	1407
0.499576	138	159	207
0.502546	139	162	1407
0.508764	140	167	1407
0.509142	141	166	207
0.512112	142	169	1407
0.514986	143	170	1407
0.518236	144	169	207
0.521206	145	172	1407
0.52408	146	174	1407
0.527802	147	175	207
0.530772	148	178	1407
0.533646	149	180	1407
0.536896	150	177	207
0.539866	151	180	1407
0.54274	152	182	1407
0.543118	153	181	207
0.546088	154	184	1407
0.548962	155	185	1407
0.552684	156	184	207
0.555654	157	187	1407
0.558528	158	189	1407
0.558906	159	187	207
0.561876	160	190	1407
0.56475	161	192	1407
0.568	162	190	207
0.57097	163	192	1407
0.573844	164	194	1407
0.574222	165	191	207
0.577192	166	194	1407
0.580066	167	196	1407
0.583792	168	196	207
0.586762	169	199	1407
0.589636	170	201	1407
0.590014	171	200	207
0.592984	172	202	1407
0.595858	173	204	1407
0.59911	174	203	207
0.60208	175	206	1407
0.604954	176	205	1407
0.60868	177	203	207
0.61165	178	206	1407
0.614524	179	206	1407
0.614902	180	202	207
0.617872	181	205	1407
0.62362	182	209	1407
0.623998	183	205	207
0.626968	184	208	1407
0.63319	185	209	1407
0.633568	186	206	207
0.636538	187	209	1407
0.639412	188	209	1407
0.642664	189	206	207
0.645634	190	209	1407
0.648508	191	209	1407
0.652234	192	206	207
0.655204	193	209	1407
0.658078	194	209	1407
0.658456	195	203	207
0.661426	196	206	1407
0.6643	197	206	1407
0.667552	198	202	207
0.670522	199	205	1407
0.673396	200	206	1407
0.677122	201	203	207
0.680092	202	206	1407
0.682966	203	205	1407
0.683344	204	203	207
0.686314	205	206	1407
0.692062	206	209	1407
0.695788	207	205	207
0.698758	208	208	1407
0.707854	209	212	1407
0.708232	210	209	207
0.711202	211	212	1407
0.71695	212	215	1407
0.720676	213	212	207
0.723646	214	215	1407
0.729394	215	218	1407
0.73312	216	219	207
0.73609	218	216	1407
0.736468	219	213	207
0.739438	220	216	1407
0.748534	221	218	1407
0.751786	222	215	207
0.754756	223	218	1407
0.758482	225	216	207
0.761452	226	219	1407
0.768052	228	216	207
0.771022	229	219	1407
0.773896	230	218	1407
0.780496	231	219	207
0.783466	233	219	1407
0.790066	234	220	207
0.793036	236	220	1407
0.796762	237	217	207
0.799732	238	220	1407
0.802606	239	220	1407
0.805858	240	219	207
0.80968	243	214	207
0.81265	244	217	1407
0.818398	245	220	1407
0.818776	246	217	207
0.821746	247	220	1407
0.82462	248	220	1407
0.828346	249	217	207
0.831316	250	220	1407
0.83419	251	221	1407
0.837442	252	220	207
0.840412	254	220	1407
0.84079	255	214	207
0.843762	256	217	1408
0.846638	257	217	1408
0.850366	258	217	208
0.853338	259	220	1408
0.856214	260	221	1408
0.856594	261	214	208
0.859566	262	217	1408
0.862442	263	217	1408
0.865696	264	214	208
0.868668	265	217	1408
0.871544	266	217	1408
0.871924	267	214	208
0.874896	268	217	1408
0.88112	269	218	1408
0.8815	270	214	208
0.884472	271	217	1408
0.887348	272	214	1408
0.887728	273	211	208
0.8907	274	214	1408
0.89645	275	217	1408
0.89683	276	211	208
0.899802	277	214	1408
0.906026	278	218	1408
0.906406	279	211	208
0.909378	280	214	1408
0.912254	281	214	1408
0.915508	282	214	208
0.91848	283	217	1408
0.921356	284	217	1408
0.925084	285	215	208
0.928056	286	218	1408
0.930932	287	217	1408
0.931312	288	211	208
0.934284	289	214	1408
0.940034	290	217	1408
0.940414	291	214	208
0.943386	292	217	1408
0.94961	293	217	1408
0.94999	294	211	208
0.952962	295	214	1408
0.958712	296	211	1408
0.959092	297	208	208
0.962064	298	211	1408
0.968288	299	211	1408
0.968668	300	205	208
0.97164	301	208	1408
0.97739	302	208	1408
0.98362	303	207	1411
0.984	304	207	208
0.986972	305	209	1408
0.989848	306	210	1408
0.99645	307	208	208
0.999422	308	211	1408
1.00517	309	211	1408
1.00805	310	210	1411
1.01178	311	210	208
1.01475	312	213	1408
1.02051	313	212	1411
1.02339	314	212	1408
1.02711	315	213	208
1.03009	316	216	1408
1.03584	317	212	1411
1.03872	318	214	1408
1.04782	319	214	1411
1.0482	320	214	208
1.05117	321	217	1408
1.0574	322	218	1408
1.05778	323	215	208
1.06075	324	218	1408
1.06985	325	220	1411
1.07933	328	221	208
1.09272	334	218	208
1.10767	337	217	1408
1.11762	338	216	208
1.12059	339	217	1408
1.12634	340	212	1408
1.13007	341	205	208
1.13304	342	206	1408
1.13879	343	200	1408
1.14252	344	193	208
1.14549	345	195	1408
1.15459	346	193	1408
1.15497	347	182	208
1.16081	348	186	1408
1.16704	349	182	1408
1.17029	350	174	208
1.17326	351	176	1408
1.17949	352	171	1408
1.18274	353	163	208
1.18571	354	164	1408
1.19194	355	159	1408
1.19854	356	155	208
1.20151	357	157	1408
1.21061	358	155	1408
1.21386	359	147	208
1.21683	360	148	1408
1.22593	361	146	1408
1.22966	362	139	208
1.23551	363	143	1408
1.24173	364	138	1408
1.24833	365	135	208
1.2513	366	136	1408
1.26041	367	134	1411
1.26616	368	129	1411
1.27527	369	127	1411
1.28772	370	126	1411
1.30055	371	127	211
1.3064	372	131	1411
1.32461	373	136	1411
1.33706	374	143	1411
1.34281	375	143	1411
1.35526	376	150	1408
1.36186	377	150	208
1.36483	378	152	1408
1.37393	379	155	1408
1.37719	380	154	208
1.38016	381	156	1408
1.38639	382	156	1408
1.393	383	156	208
1.39597	384	158	1408
1.40507	385	162	1408
1.40833	386	160	208
1.4113	387	162	1408
1.41753	388	162	1408
1.42078	389	159	208
1.42711	390	165	1408
1.42998	391	161	1408
1.43324	392	161	208
1.43621	393	163	1408
1.44532	394	168	1408
1.45192	395	170	208
1.4549	396	172	1408
1.46112	397	175	1408
1.46773	398	176	208
1.4707	399	179	1408
1.47646	400	180	1408
1.48019	401	180	208
1.48316	402	182	1408
1.48891	403	183	1408
1.48929	404	180	208
1.49562	405	185	1408
1.50137	406	187	1408
1.5051	407	186	208
1.50807	408	189	1408
1.51095	409	186	1408
1.51756	410	189	208
1.52053	411	191	1408
1.5234	412	190	1408
1.53001	413	193	208
1.53298	414	194	1408
1.53586	415	193	1408
1.53912	416	192	208
1.54209	417	195	1408
1.55119	418	199	1408
1.55157	419	195	208
1.55454	420	197	1408
1.56077	421	199	1408
1.56738	422	202	208
1.57035	423	204	1408
1.5761	424	206	1408
1.57984	425	204	208
1.58281	426	207	1408
1.58856	427	208	1408
1.59517	428	211	208
1.59814	429	213	1408
1.60437	430	215	1408
1.60762	431	214	208
1.6106	432	216	1408
1.61682	433	218	1408
1.62056	434	217	208
1.62353	435	220	1408
1.62928	436	221	1408
1.63014	437	218	208
1.63311	438	220	1408
1.63598	439	218	1408
1.63972	440	217	208
1.64269	441	220	1408
1.65217	443	221	208
1.65935	446	219	208
1.66941	449	219	208
1.67238	450	222	1408
1.67813	451	223	1408
1.69097	455	219	208
1.70438	458	219	208
1.71405	460	220	1408
1.72066	461	219	208
1.72986	463	219	1408
1.73359	464	217	208
1.73656	465	220	1408
1.747	467	218	208
1.74997	468	220	1408
1.75332	469	218	1408
1.75706	470	216	208
1.76003	471	219	1408
1.76664	473	214	208
1.76961	474	217	1408
1.77871	475	218	1408
1.77909	476	215	208
1.78206	477	218	1408
1.79117	478	218	1408
1.79155	479	214	208
1.79452	480	217	1408
1.80027	481	218	1408
1.804	482	213	208
1.80698	483	215	1408
1.81273	484	217	1408
1.81646	485	216	208
1.81943	486	219	1408
1.82854	487	218	1408
1.82892	488	212	208
1.83189	489	215	1408
1.83764	490	215	1408
1.84425	491	216	208
1.84722	492	219	1408
1.85345	493	215	1408
1.8567	494	212	208
1.85968	495	215	1408
1.8659	496	215	1408
1.86916	497	213	208
1.87213	498	216	1408
1.87836	499	215	1408
1.88162	500	212	208
1.88459	501	215	1408
1.89082	502	217	1408
1.89407	503	216	208
1.89704	504	219	1408
1.90327	505	220	1408
1.90903	506	217	1411
1.91276	507	216	208
1.91862	508	219	1411
1.92438	509	221	1411
1.92773	510	220	1408
1.93061	511	218	1411
1.93638	512	220	1411
1.94214	513	222	1408
1.94252	514	217	208
1.94549	515	220	1408
1.94923	516	218	211
1.9522	517	221	1411
1.95797	518	221	1411
1.97044	520	222	1411
1.97332	521	219	1411
1.98003	522	222	1408
1.99251	523	223	1411
1.99289	524	219	208
2.00833	527	221	1411
2.00871	528	217	208
2.01216	529	220	1408
2.01503	530	219	1408
2.01541	531	215	208
2.02174	532	220	1408
2.02796	534	217	1408
2.0341	535	216	208
2.03707	536	219	1408
2.04992	538	218	208
2.05578	540	220	1408
2.05663	541	216	208
2.0596	542	219	1408
2.06536	543	218	1408
2.06574	544	213	208
2.06871	545	216	1408
2.07494	546	215	1408
2.09065	547	160	208
2.09362	548	163	1408
2.09697	549	159	1408
2.10023	550	157	208
2.1032	551	160	1408
2.10608	552	156	1408
2.10933	553	151	208
2.1123	554	154	1408
2.11566	555	151	1408
2.11891	556	147	208
2.12188	557	150	1408
2.12476	558	146	1408
2.12802	559	144	208
2.13099	560	145	1408
2.13434	561	143	1408
2.1376	562	140	208
2.14057	563	142	1408
2.14344	564	139	1408
2.1467	565	136	208
2.14968	566	138	1411
2.15255	567	135	1408
2.15831	568	135	1408
2.15869	569	129	208
2.16455	570	134	1408
2.16742	571	131	1408
2.1678	572	125	208
2.17366	573	130	1408
2.17654	574	127	1411
2.17942	575	124	1411
2.18566	576	124	1408
2.18854	577	120	1411
2.1918	578	117	208
2.19478	579	119	1408
2.19765	580	116	1408
2.20091	581	113	208
2.20389	582	115	1408
2.20677	583	112	1411
2.21253	584	112	1411
2.21541	585	109	1408
2.21867	586	106	208
2.22164	587	108	1408
2.22452	588	105	1408
2.22778	589	102	208
2.23075	590	104	1408
2.23651	591	104	1408
2.23689	592	98	208
2.24034	593	101	1408
2.24898	594	103	1408
2.25225	595	101	208
2.2581	596	106	1408
2.26386	597	105	1408
2.26712	598	103	208
2.27297	599	107	1408
2.27873	600	107	1408
2.28199	601	104	208
2.28785	602	109	1408
2.29361	603	109	1408
2.29975	604	108	208
2.30272	605	111	1408
2.30848	606	110	1408
2.31174	607	107	208
2.31519	608	110	1408
2.32382	609	112	1408
2.32755	610	110	208
2.33052	611	112	1408
2.33963	612	115	1408
2.34288	613	112	208
2.34585	614	114	1408
2.35208	615	115	1408
2.35581	616	112	208
2.36166	617	117	1408
2.36741	618	117	1408
2.37115	619	115	208
2.37699	620	119	1408
2.38322	621	120	1408
2.38648	622	117	208
2.38993	623	119	1408
2.39855	624	122	1408
2.40229	625	120	208
2.40526	626	122	1408
2.41101	627	122	1408
2.41762	628	122	208
2.42059	629	124	1408
2.42682	630	124	1408
2.43055	631	122	208
2.4364	632	127	1408
2.44215	633	127	1408
2.44588	634	124	208
2.44885	635	126	1408
2.45796	636	129	1408
2.46121	637	127	208
2.46419	638	129	1408
2.47041	639	129	1408
2.47367	640	126	208
2.47712	641	129	1408
2.48575	642	131	1408
2.48948	643	128	208
2.49245	644	131	1408
2.50155	645	133	1408
2.50481	646	130	208
2.50778	647	133	1408
2.51401	648	133	1408
2.51727	649	130	208
2.52359	650	135	1408
2.52934	651	135	1408
2.53307	652	133	208
2.53605	653	135	1408
2.5418	654	134	1408
2.54553	655	132	208
2.55138	656	137	1408
2.55761	657	137	1408
2.56086	658	134	208
2.56383	659	136	1408
2.57006	660	137	1408
2.57379	661	134	208
2.57964	662	139	1408
2.58539	663	139	1408
2.58913	664	137	208
2.5921	665	139	1408
2.6012	666	142	1408
2.60446	667	139	208
2.60743	668	141	1408
2.61366	669	141	1408
2.61691	670	138	208
2.62324	671	144	1408
2.62899	672	143	1408
2.63272	673	141	208
2.63569	674	143	1408
2.64145	675	143	1408
2.64805	676	144	208
2.65103	677	146	1408
2.65725	678	146	1408
2.66051	679	143	208
2.66348	680	145	1408
2.66971	681	145	1408
2.67632	682	145	208
2.67929	683	148	1408
2.68504	684	148	1408
2.68877	685	144	208
2.69462	686	150	1408
2.70085	687	149	1408
2.70411	688	147	208
2.70708	689	149	1408
2.71331	690	149	1408
2.71991	691	149	208
2.72289	692	151	1408
2.72864	693	151	1408
2.73237	694	149	208
2.73534	695	151	1408
2.74445	696	154	1408
2.7477	697	151	208
2.75067	698	153	1408
2.7569	699	153	1408
2.76016	700	151	208
2.76313	701	153	1408
2.77223	702	156	1408
2.77597	703	153	208
2.77894	704	155	1408
2.78469	705	155	1408
2.78842	706	153	208
2.79427	707	158	1408
2.8005	708	158	1408
2.80375	709	155	208
2.80673	710	157	1408
2.81583	711	160	1408
2.81669	712	155	208
2.82253	713	160	1408
2.82829	714	160	1408
2.83202	715	158	208
2.83499	716	159	1408
2.84409	717	163	1408
2.84735	718	160	208
2.85032	719	162	1408
2.85655	720	162	1408
2.85981	721	159	208
2.86613	722	165	1408
2.87188	723	164	1408
2.87561	724	161	208
2.87859	725	164	1408
2.88434	726	163	1408
2.89095	727	163	208
2.89392	728	165	1408
2.90015	729	166	1408
2.9034	730	163	208
2.90685	731	165	1408
2.91548	732	168	1408
2.91921	733	166	208
2.92218	734	168	1408
2.92793	735	167	1408
2.93454	736	168	208
2.93751	737	170	1408
2.94374	738	170	1408
2.947	739	167	208
2.94997	740	169	1408
2.9562	741	170	1408
2.96281	742	170	208
2.96578	743	172	1408
2.97153	744	172	1408
2.97526	745	170	208
2.97823	746	172	1408
2.98734	747	175	1408
2.99059	748	172	208
2.99357	749	174	1408
2.99979	750	174	1408
3.00305	751	172	208
3.00937	752	177	1408
3.01513	753	177	1408
3.01886	754	174	208
3.02183	755	176	1408
3.02758	756	176	1408
3.03419	757	177	208
3.03716	758	179	1408
3.04339	759	179	1408
3.04665	760	176	208
3.04962	761	178	1408
3.05585	762	178	1408
3.06245	763	178	208
3.06543	764	181	1408
3.07118	765	180	1408
3.07491	766	177	208
3.07788	767	180	1408
3.08699	768	182	1408
3.09024	769	180	208
3.09321	770	182	1408
3.09944	771	182	1408
3.10605	772	183	208
3.10902	773	185	1408
3.11477	774	184	1408
3.11851	775	182	208
3.12148	776	184	1408
3.12723	777	184	1408
3.13384	778	184	208
3.13681	779	186	1408
3.14304	780	187	1408
3.14629	781	184	208
3.14927	782	186	1408
3.15837	783	189	1408
3.1621	784	187	208
3.16507	785	189	1408
3.17083	786	188	1408
3.17456	787	186	208
3.17753	788	188	1408
3.18663	789	191	1408
3.18989	790	188	208
3.19286	791	190	1408
3.19909	792	191	1408
3.2057	793	191	208
3.20867	794	193	1408
3.21442	795	193	1408
3.21815	796	191	208
3.22113	797	193	1408
3.23023	798	196	1408
3.23349	799	193	208
3.23646	800	195	1408
3.24269	801	195	1408
3.24642	802	192	208
3.24939	803	195	1408
3.25802	804	198	1408
3.26175	805	194	208
3.26472	806	197	1408
3.27095	807	196	1408
3.27708	808	197	208
3.28005	809	199	1408
3.28628	810	199	1408
3.28954	811	196	208
3.29299	812	198	1408
3.30161	813	201	1408
3.30535	814	199	208
3.30832	815	201	1408
3.31407	816	201	1408
3.3178	817	198	208
3.32365	818	203	1408
3.32988	819	203	1408
3.33313	820	201	208
3.33611	821	203	1408
3.34233	822	203	1408
3.34894	823	203	208
3.35191	824	205	1408
3.35767	825	205	1408
3.3614	826	203	208
3.36437	827	205	1408
3.3706	828	205	1408
3.37673	829	205	208
3.3797	830	207	1408
3.38593	831	207	1408
3.38919	832	205	208
3.39216	833	207	1408
3.40126	834	210	1408
3.40499	835	206	208
3.40797	836	209	1408
3.41372	837	208	1408
3.42033	838	209	208
3.4233	839	212	1408
3.42953	840	211	1408
3.43613	841	210	208
3.43911	842	213	1408
3.44486	843	212	1408
3.44859	844	209	208
3.45156	845	212	1408
3.46067	846	212	1408
3.46392	847	209	208
3.46689	848	212	1408
3.47312	849	212	1408
3.47973	850	209	208
3.4827	851	212	1408
3.48893	852	212	1408
3.49506	853	212	208
3.49803	854	215	1408
3.50426	855	214	1408
3.51087	856	212	208
3.51384	857	215	1408
3.51959	858	215	1408
3.52333	859	212	208
3.5263	860	215	1408
3.5354	861	215	1408
3.53913	862	213	208
3.54211	863	216	1408
3.55073	864	217	1408
3.55447	865	213	208
3.55744	866	216	1408
3.56654	867	218	1408
3.5698	868	215	208
3.57277	869	218	1408
3.58187	870	218	1408
3.58561	871	216	208
3.58858	872	219	1408
3.59433	873	218	1408
3.60094	874	218	208
3.60726	876	215	1408
3.61387	877	215	208
3.61684	878	218	1408
3.62259	879	217	1408
3.62633	880	215	208
3.6293	881	217	1408
3.6384	882	219	1408
3.64166	883	215	208
3.64463	884	218	1408
3.65086	885	218	1408
3.65747	886	216	208
3.66044	887	219	1408
3.66619	888	218	1408
3.6728	889	218	208
3.682	891	218	1408
3.68573	892	216	208
3.6887	893	219	1408
3.69493	894	215	1408
3.70106	895	216	208
3.70403	896	219	1408
3.71026	897	218	1408
3.71687	898	216	208
3.71984	899	219	1408
3.72559	900	219	1408
3.72933	901	216	208
3.7323	902	219	1408
3.7414	903	219	1408
3.74466	904	219	208
3.74763	905	221	1408
3.75098	906	220	1408
3.75136	907	218	208
3.75433	908	220	1408
3.75721	909	219	1408
3.76094	910	218	208
3.76391	911	221	1408
3.76679	912	220	1408
3.77052	913	220	208
3.77637	915	222	1408
3.77675	916	218	208
3.78307	918	221	1408
3.78633	919	220	208
3.7893	920	222	1408
3.79265	921	222	1408
3.79303	922	219	208
3.79888	924	219	1408
3.80511	926	222	1408
3.80799	927	220	1408
3.81172	928	220	208
3.81757	930	222	1408
3.81795	931	218	208
3.82092	932	221	1408
3.82379	933	220	1408
3.82417	934	217	208
3.82715	935	219	1408
3.83337	936	222	1408
3.83663	937	221	208
3.84008	939	221	1408
3.84333	940	220	208
3.84631	942	218	1408
3.85004	943	219	208
3.85301	944	221	1408
3.85876	945	222	1408
3.85962	946	219	208
3.86259	948	218	1408
3.86835	949	220	1411
3.8692	950	217	208
3.87218	951	220	1408
3.87878	953	216	208
3.88176	954	219	1408
3.88751	955	218	1408
3.89412	956	216	208
3.89709	957	219	1408
3.90332	958	219	1408
3.90417	959	214	208
3.90714	960	217	1408
3.91577	961	215	1408
3.92238	962	216	208
3.92535	963	219	1408
3.93781	964	215	1411
3.94069	965	215	1408
3.94395	966	214	208
3.94739	967	217	1408
3.95315	968	218	1408
3.95975	969	215	208
3.96273	970	218	1408
3.96848	971	218	1408
3.97509	972	216	208
3.97806	973	219	1408
3.98429	974	219	1408
3.99089	975	218	208
3.99387	976	221	1408
3.99962	977	218	1408
4.00623	978	219	208
4.0092	979	222	1408
4.01207	980	221	1408
4.01293	981	218	208
4.0159	982	221	1408
4.01878	983	221	1408
4.02251	984	218	208
4.02548	985	221	1408
4.02836	986	221	1408
4.03459	987	218	1411
4.03785	988	218	208
4.04082	989	221	1408
4.06193	990	210	1411
4.06769	991	210	1411
4.07142	992	209	211
4.0744	993	212	1411
4.08015	994	213	1408
4.08053	995	208	208
4.08351	996	210	1408
4.09262	997	214	1408
4.09837	998	215	1411
4.10126	999	213	1411
4.10787	1000	213	208
4.11084	1001	216	1408
4.11659	1002	217	1408
4.11948	1003	215	1411
4.13196	1004	213	1411
4.13234	1005	211	208
4.13818	1006	211	1408
4.14729	1007	213	1408
4.15055	1008	211	208
4.15687	1009	213	1408
4.15975	1010	211	1408
4.16589	1011	211	208
4.16886	1012	213	1408
4.17509	1013	213	1408
4.17835	1014	211	208
4.18755	1015	210	1408
4.1933	1016	211	1408
4.19704	1017	209	208
4.20289	1018	213	1408
4.20864	1019	214	1408
4.21237	1020	212	208
4.21534	1021	213	1408
4.2211	1022	213	1408
4.2277	1023	212	208
4.23068	1024	212	1408
4.2369	1025	212	1408
4.24351	1026	212	208
4.24648	1027	212	1408
4.25271	1028	213	1408
4.25884	1029	212	208
4.26229	1030	213	1408
4.26804	1031	214	1408
4.27465	1032	214	208
4.27762	1033	216	1408
4.28338	1034	217	1408
4.28711	1035	215	208
4.29008	1036	217	1408
4.29583	1037	216	1408
4.29956	1038	215	208
4.30254	1039	217	1408
4.31164	1040	220	1408
4.31778	1041	215	208
4.32075	1042	218	1408
4.32651	1043	218	1408
4.32977	1044	215	208
4.33274	1045	217	1408
4.33897	1046	218	1408
4.34558	1047	219	208
4.34855	1048	221	1408
4.3543	1049	222	1408
4.35803	1050	220	208
4.36101	1051	222	1408
4.36676	1052	221	1408
4.37049	1053	220	208
4.37681	1055	219	1408
4.38007	1056	217	208
4.38304	1057	220	1408
4.38927	1058	217	1408
4.39253	1059	214	208
4.3955	1060	217	1408
4.40173	1061	214	1408
4.40833	1062	212	208
4.41131	1063	215	1408
4.41418	1064	212	1408
4.42079	1065	212	208
4.42376	1066	214	1408
4.42951	1067	214	1408
4.43612	1068	209	208
4.43909	1069	212	1408
4.44532	1070	212	1408
4.45193	1071	209	208
4.4549	1072	212	1408
4.46065	1073	212	1408
4.46439	1074	209	208
4.46736	1075	212	1408
4.47359	1076	212	1408
4.47972	1077	209	208
4.48269	1078	212	1408
4.48892	1079	211	1408
4.49553	1080	209	208
4.4985	1081	212	1408
4.50425	1082	212	1408
4.51086	1083	208	208
4.51383	1084	211	1408
4.52006	1085	212	1408
4.52667	1086	209	208
4.52964	1087	212	1408
4.53539	1088	212	1408
4.53912	1089	209	208
4.54209	1090	212	1408
4.54785	1091	211	1408
4.55158	1092	209	208
4.55455	1093	211	1408
4.56365	1094	212	1408
4.56739	1095	207	208
4.57036	1096	210	1408
4.57611	1097	210	1408
4.57984	1098	207	208
4.58569	1099	212	1408
4.59144	1100	212	1408
4.59517	1101	207	208
4.59815	1102	210	1408
4.60437	1103	210	1408
4.61051	1104	209	208
4.61348	1105	212	1408
4.61971	1106	212	1408
4.62882	1107	212	1411
4.6292	1108	208	208
4.63504	1109	213	1408
4.64127	1110	213	1408
4.64453	1111	211	208
4.6475	1112	213	1408
4.65373	1113	213	1408
4.65698	1114	210	208
4.65996	1115	213	1408
4.66618	1116	214	1408
4.66945	1117	211	208
4.67529	1118	216	1408
4.67817	1119	214	1408
4.67855	1120	208	208
4.68152	1121	210	1408
4.6844	1122	205	1408
4.68813	1123	203	208
4.6911	1124	206	1408
4.69685	1125	201	1408
4.70059	1126	200	208
4.70356	1127	202	1408
4.70931	1128	202	1408
4.71304	1129	200	208
4.71601	1130	203	1408
4.72512	1131	203	1408
4.72885	1132	199	208
4.73182	1133	202	1408
4.74045	1134	202	1408
4.74706	1135	203	208
4.75003	1136	206	1408
4.75626	1137	203	1408
4.75951	1138	199	208
4.76249	1139	202	1408
4.77159	1140	202	1408
4.77532	1141	200	208
4.77829	1142	203	1408
4.78452	1143	202	1408
4.79065	1144	203	208
4.79363	1145	205	1408
4.79985	1146	205	1408
4.80646	1147	203	208
4.80943	1148	206	1408
4.82764	1149	196	1408
4.83137	1150	193	208
4.83435	1151	196	1408
4.8401	1152	195	1408
4.84671	1153	193	208
4.84968	1154	196	1408
4.85591	1155	195	1408
4.85916	1156	191	208
4.86213	1157	194	1408
4.86836	1158	193	1408
4.87497	1159	192	208
4.87794	1160	194	1408
4.88369	1161	194	1408
4.88743	1162	191	208
4.8904	1163	193	1408
4.8995	1164	195	1408
4.90276	1165	192	208
4.90908	1166	198	1408
4.91483	1167	196	1408
4.92144	1168	196	208
4.92441	1169	198	1408
4.93064	1170	198	1408
4.93725	1171	198	208
4.94022	1172	200	1408
4.94597	1173	198	1408
4.94971	1174	196	208
4.95555	1175	201	1408
4.96178	1176	200	1408
4.96551	1177	197	208
4.97136	1178	202	1408
4.97711	1179	202	1408
4.98372	1180	201	208
4.98669	1181	203	1408
4.99292	1182	202	1408
4.99665	1183	200	208
5.0025	1184	205	1408
5.00873	1185	204	1408
5.01486	1186	203	208
5.01783	1187	205	1408
5.02406	1188	206	1408
5.03067	1189	205	208
5.03364	1190	207	1408
5.04275	1191	209	1408
5.046	1192	207	208
5.04897	1193	208	1408
5.0552	1194	208	1408
5.05846	1195	204	208
5.06478	1196	209	1408
5.07053	1197	209	1408
5.09918	1198	191	208
5.1055	1199	190	1408
5.11413	1200	193	1408
5.11786	1201	189	208
5.12371	1202	194	1408
5.12994	1203	194	1408
5.13319	1204	191	208
5.13617	1205	193	1408
5.14239	1206	192	1408
5.149	1207	193	208
5.15485	1208	193	1408
5.16108	1209	194	1408
5.16433	1210	190	208
5.16778	1211	190	1408
5.17641	1212	193	1408
5.18014	1213	190	208
5.18311	1214	192	1408
5.18887	1215	191	1408
5.19547	1216	191	208
5.19845	1217	193	1408
5.20467	1218	192	1408
5.21128	1219	193	208
5.21713	1220	194	1408
5.22336	1221	194	1408
5.22661	1222	190	208
5.22959	1223	192	1408
5.23581	1224	192	1408
5.24242	1225	192	208
5.24827	1226	194	1408
5.2545	1227	194	1408
5.25775	1228	190	208
5.26408	1229	194	1408
5.26983	1230	193	1408
5.27356	1231	190	208
5.27941	1232	193	1408
5.28564	1233	193	1408
5.28889	1234	189	208
5.29187	1235	191	1408
5.29809	1236	192	1408
5.3047	1237	191	208
5.32301	1238	184	1408
5.32923	1239	184	1408
5.33584	1240	181	208
5.34169	1241	184	1408
5.34792	1242	184	1408
5.35453	1243	184	208
5.36037	1244	187	1408
5.3666	1245	187	1408
5.37321	1246	187	208
5.37906	1247	190	1408
5.38816	1248	193	1408
5.39477	1249	192	208
5.39774	1250	193	1408
5.40397	1251	193	1408
5.40723	1252	190	208
5.41355	1253	193	1408
5.4193	1254	193	1408
5.42591	1255	192	208
5.42888	1256	193	1408
5.43511	1257	194	1408
5.43837	1258	190	208
5.44469	1259	193	1408
5.45044	1260	193	1408
5.45417	1261	190	208
5.45715	1262	191	1408
5.4629	1263	190	1408
5.46663	1264	187	208
5.47248	1265	190	1408
5.47871	1266	190	1408
5.48196	1267	186	208
5.48493	1268	187	1408
5.49116	1269	187	1408
5.49442	1270	184	208
5.50074	1271	187	1408
5.50649	1272	187	1408
5.51023	1273	184	208
5.5132	1274	185	1408
5.51895	1275	184	1408
5.52268	1276	181	208
5.52853	1277	184	1408
5.53811	1278	175	1408
5.54137	1279	172	208
5.55057	1280	175	1408
5.55632	1281	175	1408
5.56005	1282	172	208
5.56925	1283	175	1408
5.575	1284	175	1408
5.57873	1285	171	208
5.58506	1286	172	1408
5.59369	1287	174	1408
5.60029	1288	172	208
5.60662	1289	172	1408
5.61237	1290	172	1408
5.6161	1291	169	208
5.62195	1292	173	1408
5.62818	1293	174	1408
5.63143	1294	170	208
5.63776	1295	171	1408
5.64686	1296	174	1408
5.65012	1297	171	208
5.65357	1298	173	1408
5.66219	1299	176	1408
5.66593	1300	172	208
5.6689	1301	174	1408
5.678	1302	177	1408
5.68126	1303	174	208
5.68423	1304	176	1408
5.69333	1305	178	1408
5.69707	1306	175	208
5.70004	1307	177	1408
5.70579	1308	176	1408
5.7124	1309	176	208
5.71537	1310	178	1408
5.72447	1311	180	1408
5.72821	1312	178	208
5.73118	1313	180	1408
5.73693	1314	178	1408
5.74354	1315	178	208
5.74651	1316	180	1408
5.75274	1317	180	1408
5.75935	1318	180	208
5.76232	1319	181	1408
5.77142	1320	181	1408
5.77468	1321	178	208
5.781	1322	181	1408
5.79011	1323	181	1408
5.79336	1324	178	208
5.79969	1325	181	1408
5.80544	1326	180	1408
5.81205	1327	179	208
5.81837	1328	178	1408
5.8246	1329	178	1408
5.83073	1330	177	208
5.8337	1331	177	1408
5.84281	1332	180	1408
5.84654	1333	177	208
5.84951	1334	178	1408
5.85861	1335	181	1408
5.86522	1336	179	208
5.86819	1337	178	1408
5.8773	1338	181	1408
5.88055	1339	177	208
5.88688	1340	180	1408
5.89263	1341	180	1408
5.89636	1342	177	208
5.90221	1343	181	1408
5.90844	1344	181	1408
5.91169	1345	177	208
5.91802	1346	181	1408
5.92377	1347	180	1408
5.93038	1348	180	208
5.93335	1349	181	1408
5.94245	1350	184	1408
5.94619	1351	181	208
5.94916	1352	181	1408
5.95826	1353	184	1408
5.96152	1354	180	208
5.96784	1355	184	1408
5.97359	1356	184	1408
5.97733	1357	181	208
5.98317	1358	184	1408
5.9894	1359	184	1408
5.99266	1360	180	208
5.99898	1361	184	1408
6.00473	1362	183	1408
6.01134	1363	181	208
6.01767	1364	184	1408
6.02342	1365	184	1408
6.02715	1366	181	208
6.03635	1367	184	1408
6.0421	1368	184	1408
6.04583	1369	180	208
6.05216	1370	182	1408
6.06079	1371	184	1408
6.06452	1372	181	208
6.07037	1373	184	1408
6.07659	1374	184	1408
6.08033	1375	181	208
6.08617	1376	181	1408
6.09528	1377	184	1408
6.09853	1378	180	208
6.10486	1379	184	1408
6.11061	1380	184	1408
6.11434	1381	181	208
6.12019	1382	184	1408
6.12642	1383	184	1408
6.13015	1384	181	208
6.136	1385	184	1408
6.14175	1386	183	1408
6.14836	1387	184	208
6.15468	1388	184	1408
6.16043	1389	184	1408
6.16417	1390	181	208
6.17001	1391	184	1408
6.17624	1392	184	1408
6.18285	1393	183	208
6.18582	1394	184	1408
6.19493	1395	187	1408
6.19818	1396	184	208
6.20163	1397	184	1408
6.21026	1398	187	1408
6.21399	1399	183	208
6.21984	1400	187	1408
6.22607	1401	187	1408
6.22932	1402	184	208
6.23565	1403	184	1408
6.24475	1404	187	1408
6.24801	1405	184	208
6.25145	1406	184	1408
6.26056	1407	184	1408
6.26669	1408	184	208
6.26966	1409	184	1408
6.27589	1410	183	1408
6.2825	1411	182	208
6.28835	1412	184	1408
6.29457	1413	184	1408
6.30118	1414	184	208
6.30415	1415	184	1408
6.30991	1416	183	1408
6.31651	1417	181	208
6.32284	1418	184	1408
6.32859	1419	184	1408
6.33232	1420	181	208
6.33817	1421	184	1408
6.3444	1422	184	1408
6.35101	1423	184	208
6.35398	1424	183	1408
6.36021	1425	184	1408
6.36634	1426	183	208
6.37266	1427	184	1408
6.37841	1428	184	1408
6.38502	1429	184	208
6.38799	1430	183	1408
6.39422	1431	184	1408
6.40083	1432	183	208
6.40668	1433	184	1408
6.41291	1434	184	1408
6.41664	1435	181	208
6.42249	1436	184	1408
6.42824	1437	184	1408
6.43485	1438	183	208
6.43782	1439	185	1408
6.44405	1440	187	1408
6.44778	1441	184	208
6.45363	1442	189	1408
6.45938	1443	189	1408
6.46311	1444	188	208
6.46608	1445	190	1408
6.47183	1446	189	1408
6.47557	1447	188	208
6.47854	1448	190	1408
6.48477	1449	190	1408
6.4909	1450	190	208
6.49387	1451	193	1408
6.5001	1452	194	1408
6.50335	1453	191	208
6.50633	1454	193	1408
6.51543	1455	197	1408
6.51916	1456	195	208
6.52213	1457	194	1408
6.53124	1458	197	1408
6.53449	1459	193	208
6.53794	1460	193	1408
6.54657	1461	196	1408
6.5503	1462	194	208
6.55615	1463	194	1408
6.56525	1464	197	1408
6.56611	1465	193	208
6.57196	1466	193	1408
6.58106	1467	197	1408
6.58432	1468	193	208
6.59064	1469	196	1408
6.59639	1470	196	1408
6.60013	1471	194	208
6.60645	1472	194	1408
6.61508	1473	197	1408
6.61881	1474	193	208
6.62466	1475	196	1408
6.63089	1476	196	1408
6.63414	1477	194	208
6.64047	1478	194	1408
6.64669	1479	193	1408
6.65283	1480	194	208
6.6558	1481	193	1408
6.6649	1482	196	1408
6.66863	1483	194	208
6.67448	1484	197	1408
6.68071	1485	196	1408
6.68397	1486	195	208
6.69029	1487	197	1408
6.69604	1488	197	1408
6.69977	1489	196	208
6.70275	1490	196	1408
6.71185	1491	200	1408
6.71223	1492	197	208
6.71808	1493	200	1408
6.72431	1494	200	1408
6.72756	1495	197	208
6.73389	1496	200	1408
6.73964	1497	199	1408
6.74337	1498	199	208
6.74634	1499	200	1408
6.75545	1500	200	1408
6.75583	1501	196	208
6.76167	1502	199	1408
6.7679	1503	196	1408
6.77116	1504	196	208
6.77748	1505	199	1408
6.78323	1506	197	1408
6.78697	1507	196	208
6.79281	1508	196	1408
6.80192	1509	196	1408
6.8023	1510	193	208
6.80862	1511	196	1408
6.81773	1512	196	1408
6.81811	1513	193	208
6.82731	1514	197	1408
6.83306	1515	197	1408
6.83391	1516	193	208
6.84264	1517	196	1408
6.85174	1518	196	1408
6.85547	1519	196	208
6.86132	1520	197	1408
6.86755	1521	197	1408
6.86793	1522	193	208
6.87713	1523	197	1408
6.88288	1524	196	1408
6.88661	1525	194	208
6.89246	1526	197	1408
6.90157	1527	196	1408
6.9053	1528	196	208
6.91115	1529	197	1408
6.91737	1530	196	1408
6.92063	1531	191	208
6.92695	1532	196	1408
6.93271	1533	195	1408
6.93931	1534	194	208
6.94229	1535	196	1408
6.95139	1536	197	1408
6.95512	1537	194	208
6.95809	1538	196	1408
6.9672	1539	197	1408
6.97045	1540	193	208
6.97678	1541	197	1408
6.98253	1542	196	1408
6.98626	1543	192	208
6.99211	1544	197	1408
6.99834	1545	196	1408
7.00159	1546	193	208
7.00457	1547	195	1408
7.01079	1548	195	1408
7.01405	1549	194	208
7.01702	1550	196	1408
7.02325	1551	196	1408
7.02698	1552	193	208
7.02995	1553	196	1408
7.03858	1554	196	1408
7.04231	1555	195	208
7.04529	1556	197	1408
7.05439	1557	197	1408
7.05765	1558	195	208
7.06397	1559	196	1408
7.06972	1560	196	1408
7.07345	1561	195	208
7.0793	1562	197	1408
7.08841	1563	197	1408
7.08926	1564	193	208
7.09799	1565	196	1408
7.10421	1566	197	1408
7.10747	1567	195	208
7.11379	1568	196	1408
7.11955	1569	197	1408
7.12328	1570	195	208
7.12913	1571	197	1408
7.13823	1572	197	1408
7.13909	1573	193	208
7.14781	1574	196	1408
7.15404	1575	197	1408
7.15729	1576	195	208
7.16362	1577	196	1408
7.16937	1578	197	1408
7.1731	1579	194	208
7.17895	1580	196	1408
7.18805	1581	197	1408
7.19179	1582	195	208
7.19476	1583	196	1408
7.20386	1584	196	1408
7.20712	1585	195	208
7.21344	1586	197	1408
7.21919	1587	197	1408
7.22293	1588	195	208
7.22877	1589	196	1408
7.235	1590	197	1408
7.23826	1591	195	208
7.24123	1592	197	1408
7.25033	1593	200	1408
7.25407	1594	199	208
7.25704	1595	200	1408
7.26279	1596	199	1408
7.26652	1597	198	208
7.26949	1598	199	1408
7.2786	1599	200	1408
7.28185	1600	198	208
7.28483	1601	199	1408
7.29393	1602	199	1408
7.29431	1603	195	208
7.30063	1604	196	1408
7.30639	1605	197	1408
7.31012	1606	195	208
7.31597	1607	196	1408
7.32507	1608	197	1408
7.32593	1609	192	208
7.33465	1610	196	1408
7.34088	1611	196	1408
7.34413	1612	195	208
7.35046	1613	197	1408
7.35621	1614	197	1408
7.35994	1615	195	208
7.36579	1616	196	1408
7.37489	1617	196	1408
7.39108	1618	188	208
7.39405	1619	191	1408
7.39981	1620	190	1408
7.40641	1621	187	208
7.40939	1622	190	1408
7.41849	1623	190	1408
7.42222	1624	188	208
7.42519	1625	191	1408
7.4343	1626	191	1408
7.44091	1627	187	208
7.44388	1628	190	1408
7.44963	1629	190	1408
7.45624	1630	188	208
7.45921	1631	191	1408
7.46544	1632	190	1408
7.46917	1633	188	208
7.47214	1634	191	1408
7.48077	1635	190	1408
7.48738	1636	190	208
7.49035	1637	193	1408
7.49658	1638	193	1408
7.49983	1639	190	208
7.50281	1640	192	1408
7.51191	1641	193	1408
7.51564	1642	191	208
7.51861	1643	194	1408
7.52484	1644	190	1408
7.53097	1645	190	208
7.53395	1646	193	1408
7.54017	1647	194	1408
7.54343	1648	187	208
7.5464	1649	190	1408
7.55551	1650	190	1408
7.56211	1651	188	208
7.56509	1652	191	1408
7.57131	1653	191	1408
7.57792	1654	187	208
7.58089	1655	190	1408
7.58665	1656	190	1408
7.59325	1657	188	208
7.59623	1658	191	1408
7.60533	1659	191	1408
7.61817	1660	184	208
7.62114	1661	187	1408
7.62737	1662	187	1408
7.63397	1663	184	208
7.63695	1664	187	1408
7.64317	1665	185	1408
7.64931	1666	184	208
7.65228	1667	187	1408
7.66138	1668	187	1408
7.66799	1669	184	208
7.67096	1670	187	1408
7.67719	1671	188	1408
7.6838	1672	184	208
7.68677	1673	187	1408
7.69252	1674	187	1408
7.69625	1675	184	208
7.69923	1676	187	1408
7.70833	1677	188	1408
7.71494	1678	184	208
7.71791	1679	187	1408
7.72366	1680	187	1408
7.73027	1681	188	208
7.73324	1682	190	1408
7.74235	1683	190	1408
7.74608	1684	188	208
7.74905	1685	191	1408
7.7548	1686	190	1408
7.76141	1687	187	208
7.76438	1688	190	1408
7.77061	1689	190	1408
7.77722	1690	191	208
7.78019	1691	193	1408
7.78642	1692	191	1408
7.79255	1693	187	208
7.79552	1694	190	1408
7.80175	1695	190	1408
7.80836	1696	188	208
7.81133	1697	191	1408
7.81708	1698	191	1408
7.82369	1699	187	208
7.82666	1700	190	1408
7.83577	1701	190	1408
7.84573	1702	184	208
7.8487	1703	187	1408
7.85445	1704	187	1408
7.86106	1705	184	208
7.86403	1706	187	1408
7.87026	1707	187	1408
7.87687	1708	184	208
7.87984	1709	187	1408
7.88894	1710	187	1408
7.89843	1711	187	208
7.9014	1712	190	1408
7.90763	1713	190	1408
7.91423	1714	188	208
7.91721	1715	191	1408
7.92296	1716	190	1408
7.92669	1717	187	208
7.92966	1718	190	1408
7.93877	1719	190	1408
7.94537	1720	187	208
7.94835	1721	190	1408
7.95745	1722	193	1408
7.96071	1723	187	208
7.96368	1724	190	1408
7.97278	1725	190	1408
7.97651	1726	187	208
7.97949	1727	190	1408
7.98859	1728	193	1408
7.99185	1729	187	208
7.99482	1730	190	1408
8.00105	1731	191	1408
8.00765	1732	187	208
8.01063	1733	190	1408
8.01973	1734	193	1408
8.02299	1735	187	208
8.02596	1736	190	1408
8.03219	1737	191	1408
8.03879	1738	187	208
8.04177	1739	190	1408
8.04799	1740	190	1408
8.05413	1741	188	208
8.0571	1742	191	1408
8.0662	1743	191	1408
8.07616	1744	188	208
8.07913	1745	191	1408
8.08489	1746	190	1408
8.08862	1747	184	208
8.09159	1748	187	1408
8.10069	1749	190	1408
8.1073	1750	188	208
8.11027	1751	191	1408
8.11938	1752	190	1408
8.12599	1753	184	208
8.12896	1754	187	1408
8.13806	1755	191	1408
8.14179	1756	184	208
8.14477	1757	187	1408
8.15339	1758	190	1408
8.15713	1759	188	208
8.1601	1760	190	1408
8.16585	1761	187	1408
8.17246	1762	184	208
8.17543	1763	187	1408
8.18166	1764	184	1408
8.18491	1765	181	208
8.18789	1766	184	1408
8.19411	1767	182	1408
8.19737	1768	178	208
8.20034	1769	181	1408
8.20945	1770	181	1408
8.21318	1771	179	208
8.21615	1772	182	1408
8.2219	1773	180	1408
8.22563	1774	175	208
8.22861	1775	178	1408
8.23771	1776	178	1408
8.24097	1777	174	208
8.24394	1778	177	1408
8.24681	1779	174	1408
8.25342	1780	172	208
8.25639	1781	175	1408
8.26262	1782	174	1408
8.26923	1783	172	208
8.2722	1784	175	1408
8.28131	1785	175	1408
8.28791	1786	168	208
8.29089	1787	171	1408
8.29999	1788	174	1408
8.30325	1789	172	208
8.30622	1790	174	1408
8.31532	1791	175	1408
8.32193	1792	171	208
8.3249	1793	174	1408
8.33401	1794	175	1408
8.34061	1795	171	208
8.34359	1796	174	1408
8.35269	1797	174	1408
8.35642	1798	172	208
8.35939	1799	175	1408
8.3685	1800	175	1408
8.37175	1801	171	208
8.37473	1802	174	1408
8.38095	1803	174	1408
8.38756	1804	172	208
8.39053	1805	175	1408
8.39676	1806	175	1408
8.40289	1807	175	208
8.40587	1808	177	1408
8.41209	1809	178	1408
8.41535	1810	175	208
8.41832	1811	178	1408
8.42743	1812	178	1408
8.43403	1813	178	208
8.43701	1814	181	1408
8.44323	1815	181	1408
8.44649	1816	178	208
8.44946	1817	180	1408
8.45857	1818	181	1408
8.4623	1819	178	208
8.46527	1820	181	1408
8.4715	1821	181	1408
8.47763	1822	181	208
8.4806	1823	183	1408
8.48683	1824	184	1408
8.49344	1825	181	208
8.49641	1826	184	1408
8.50551	1827	184	1408
8.51212	1828	182	208
8.51509	1829	185	1408
8.5242	1830	184	1408
8.52745	1831	181	208
8.53043	1832	184	1408
8.53953	1833	184	1408
8.54614	1834	181	208
8.54911	1835	184	1408
8.55821	1836	184	1408
8.56482	1837	181	208
8.56779	1838	184	1408
8.5769	1839	184	1408
8.58063	1840	181	208
8.5836	1841	184	1408
8.59271	1842	184	1408
8.59596	1843	181	208
8.59893	1844	184	1408
8.60516	1845	184	1408
8.61177	1846	181	208
8.61474	1847	184	1408
8.62385	1848	187	1408
8.62758	1849	182	208
8.63055	1850	185	1408
8.63918	1851	187	1408
8.64291	1852	184	208
8.64588	1853	187	1408
8.65499	1854	187	1408
8.66159	1855	184	208
8.66457	1856	187	1408
8.67032	1857	187	1408
8.67693	1858	187	208
8.6799	1859	189	1408
8.68613	1860	188	1408
8.68938	1861	184	208
8.69235	1862	187	1408
8.70146	1863	190	1408
8.70807	1864	188	208
8.71104	1865	191	1408
8.71727	1866	191	1408
8.72052	1867	184	208
8.72349	1868	187	1408
8.7326	1869	187	1408
8.73921	1870	184	208
8.74218	1871	187	1408
8.75128	1872	187	1408
8.75501	1873	185	208
8.75799	1874	187	1408
8.76709	1875	188	1408
8.77082	1876	181	208
8.77379	1877	184	1408
8.7829	1878	184	1408
8.78903	1879	182	208
8.792	1880	185	1408
8.80111	1881	185	1408
8.80484	1882	181	208
8.80781	1883	184	1408
8.81979	1884	187	1408
8.82352	1885	184	208
8.82649	1886	187	1408
8.83225	1887	187	1408
8.83885	1888	184	208
8.84183	1889	187	1408
8.85093	1890	187	1408
8.85466	1891	184	208
8.85763	1892	187	1408
8.86674	1893	187	1408
8.86999	1894	184	208
8.87297	1895	187	1408
8.88207	1896	187	1408
8.88868	1897	184	208
8.89165	1898	187	1408
8.89788	1899	187	1408
8.90449	1900	185	208
8.90746	1901	188	1408
8.91321	1902	187	1408
8.91694	1903	184	208
8.91991	1904	187	1408
8.92902	1905	188	1408
8.93563	1906	184	208
8.9386	1907	187	1408
8.94435	1908	187	1408
8.95096	1909	187	208
8.95393	1910	189	1408
8.96016	1911	188	1408
8.96677	1912	184	208
8.96974	1913	187	1408
8.97884	1914	187	1408
8.9821	1915	184	208
8.98507	1916	187	1408
8.99417	1917	187	1408
8.99791	1918	184	208
9.00088	1919	187	1408
9.00998	1920	187	1408
9.01659	1921	184	208
9.01956	1922	187	1408
9.02867	1923	187	1408
9.03192	1924	184	208
9.03489	1925	187	1408
9.044	1926	184	1408
9.05061	1927	184	208
9.05358	1928	187	1408
9.05981	1929	187	1408
9.06641	1930	185	208
9.06939	1931	188	1408
9.07849	1932	187	1408
9.08175	1933	184	208
9.08472	1934	187	1408
9.09382	1935	187	1408
9.09755	1936	184	208
9.10053	1937	187	1408
9.10963	1938	187	1408
9.11624	1939	185	208
9.11921	1940	188	1408
9.12496	1941	187	1408
9.13157	1942	184	208
9.13454	1943	187	1408
9.14077	1944	187	1408
9.14403	1945	184	208
9.147	1946	186	1408
9.1561	1947	187	1408
9.16271	1948	184	208
9.16568	1949	187	1408
9.17191	1950	187	1408
9.17852	1951	184	208
9.18149	1952	187	1408
9.18724	1953	187	1408
9.19385	1954	184	208
9.19682	1955	187	1408
9.20593	1956	187	1408
9.20966	1957	184	208
9.21263	1958	187	1408
9.22173	1959	187	1408
9.22499	1960	184	208
9.22796	1961	187	1408
9.23707	1962	187	1408
9.24367	1963	184	208
9.24665	1964	187	1408
9.25575	1965	187	1408
9.25948	1966	185	208
9.26245	1967	188	1408
9.27156	1968	187	1408
9.27817	1969	185	208
9.28114	1970	188	1408
9.28689	1971	187	1408
9.2935	1972	184	208
9.29647	1973	187	1408
9.30557	1974	187	1408
9.30931	1975	185	208
9.31228	1976	188	1408
9.32138	1977	188	1408
9.32464	1978	184	208
9.32761	1979	187	1408
9.33671	1980	187	1408
9.34332	1981	184	208
9.34629	1982	187	1408
9.35252	1983	187	1408
9.35913	1984	185	208
9.3621	1985	187	1408
9.36785	1986	185	1408
9.37446	1987	184	208
9.37743	1988	186	1408
9.38654	1989	188	1408
9.39027	1990	184	208
9.39324	1991	186	1408
9.40235	1992	187	1408
9.4056	1993	183	208
9.40857	1994	185	1408
9.41768	1995	186	1408
9.42429	1996	185	208
9.42726	1997	187	1408
9.43349	1998	186	1408
9.46501	1999	170	208
9.46798	2000	168	1408
9.47708	2001	171	1408
9.48034	2002	167	208
9.48666	2003	168	1408
9.49241	2004	167	1408
9.49902	2005	167	208
9.50199	2006	168	1408
9.5111	2007	171	1408
9.51483	2008	166	208
9.5178	2009	168	1408
9.52691	2010	170	1408
9.53016	2011	167	208
9.53361	2012	169	1408
9.54224	2013	170	1408
9.54597	2014	166	208
9.55182	2015	168	1408
9.56092	2016	170	1408
9.56465	2017	167	208
9.56763	2018	168	1408
9.57673	2019	170	1408
9.57999	2020	166	208
9.58296	2021	168	1408
9.59206	2022	171	1408
9.59579	2023	166	208
9.59877	2024	168	1408
9.60787	2025	170	1408
9.61113	2026	167	208
9.61745	2027	172	1408
9.6232	2028	170	1408
9.62693	2029	166	208
9.63278	2030	168	1408
9.64189	2031	170	1408
9.64562	2032	167	208
9.66392	2033	158	1408
9.67303	2034	161	1408
9.67676	2035	157	208
9.67973	2036	159	1408
9.68883	2037	161	1408
9.69257	2038	157	208
9.69841	2039	159	1408
9.70752	2040	161	1408
9.71077	2041	157	208
9.71375	2042	159	1408
9.72285	2043	161	1408
9.72658	2044	157	208
9.73243	2045	162	1408
9.73866	2046	161	1408
9.74191	2047	157	208
9.74824	2048	162	1408
9.75399	2049	160	1408
9.7606	2050	159	208
9.76692	2051	162	1408
9.77267	2052	161	1408
9.77928	2053	161	208
9.78225	2054	162	1408
9.78848	2055	161	1408
9.79509	2056	161	208
9.79806	2057	163	1408
9.80429	2058	162	1408
9.81042	2059	160	208
9.81339	2060	162	1408
9.8225	2061	164	1408
9.82623	2062	161	208
9.8292	2063	162	1408
9.83831	2064	164	1408
9.84204	2065	161	208
9.84789	2066	162	1408
9.86322	2067	159	1408
9.86983	2068	156	208
9.87567	2069	159	1408
9.8819	2070	158	1408
9.88563	2071	155	208
9.89148	2072	159	1408
9.89723	2073	158	1408
9.90384	2074	156	208
9.91017	2075	160	1408
9.91592	2076	158	1408
9.92253	2077	158	208
9.9255	2078	159	1408
9.93173	2079	158	1408
9.93833	2080	158	208
9.94131	2081	159	1408
9.94753	2082	158	1408
9.95367	2083	157	208
9.95999	2084	159	1408
9.96574	2085	158	1408
9.97235	2086	158	208
9.97867	2087	159	1408
9.98443	2088	158	1408
9.99103	2089	158	208
9.99401	2090	159	1408
10.0002	2091	158	1408
10.0068	2092	157	208
10.0098	2093	159	1408
10.0189	2094	161	1408
10.0222	2095	157	208
10.0251	2096	159	1408
10.0343	2097	161	1408
10.038	2098	157	208
10.0438	2099	161	1408
10.0501	2100	161	1408
10.0595	2101	156	208
10.0659	2102	156	1408
10.075	2103	158	1408
10.0782	2104	155	208
10.0817	2105	156	1408
10.0903	2106	158	1408
10.094	2107	155	208
10.0999	2108	156	1408
10.109	2109	158	1408
10.1127	2110	155	208
10.1186	2111	156	1408
10.1248	2112	155	1408
10.1314	2113	155	208
10.1344	2114	156	1408
10.1435	2115	158	1408
10.1467	2116	154	208
10.1531	2117	160	1408
10.1588	2118	158	1408
10.1654	2119	157	208
10.1684	2120	156	1408
10.1775	2121	158	1408
10.1812	2122	155	208
10.1871	2123	156	1408
10.1962	2124	158	1408
10.1999	2125	154	208
10.2058	2126	159	1408
10.212	2127	158	1408
10.2186	2128	157	208
10.2216	2129	159	1408
10.2273	2130	158	1408
10.2339	2131	157	208
10.2369	2132	158	1408
10.246	2133	161	1408
10.2497	2134	157	208
10.2589	2135	159	1408
10.2647	2136	158	1408
10.2713	2137	156	208
10.2747	2138	156	1408
10.2834	2139	158	1408
10.29	2140	157	208
10.2929	2141	158	1408
10.3021	2142	161	1408
10.3058	2143	156	208
10.3116	2144	159	1408
10.3179	2145	158	1408
10.3245	2146	158	208
10.3303	2147	159	1408
10.3365	2148	158	1408
10.3432	2149	158	208
10.3461	2150	160	1408
10.3519	2151	158	1408
10.3585	2152	157	208
10.3648	2153	159	1408
10.3706	2154	158	1408
10.3772	2155	158	208
10.3801	2156	159	1408
10.3864	2157	158	1408
10.393	2158	156	208
10.3988	2159	158	1408
10.4079	2160	160	1408
10.4117	2161	157	208
10.4175	2162	159	1408
10.4266	2163	161	1408
10.4303	2164	158	208
10.4362	2165	162	1408
10.4453	2166	164	1408
10.4519	2167	163	208
10.4549	2168	165	1408
10.4645	2169	165	1408
10.4739	2170	167	208
10.4798	2171	168	1408
10.4889	2172	170	1408
10.4955	2173	170	208
10.5018	2174	171	1408
10.5081	2175	171	1408
10.5142	2176	170	208
10.5205	2177	175	1408
10.5263	2178	174	1408
10.5362	2179	176	208
10.5421	2180	178	1408
10.5483	2181	177	1408
10.5549	2182	176	208
10.5608	2183	177	1408
10.5699	2184	179	1408
10.5736	2185	176	208
10.5766	2186	178	1408
10.5857	2187	180	1408
10.5889	2188	175	208
10.5952	2189	178	1408
10.6044	2190	180	1408
10.6076	2191	176	208
10.6106	2192	177	1408
10.6197	2193	179	1408
10.6263	2194	178	208
10.6293	2195	178	1408
10.6355	2196	177	1408
10.6421	2197	176	208
10.6479	2198	177	1408
10.6571	2199	180	1408
10.6608	2200	175	208
10.67	2201	177	1408
10.6757	2202	176	1408
10.6795	2203	173	208
10.6858	2204	171	1408
10.6944	2205	173	1408
10.6981	2206	170	208
10.704	2207	168	1408
10.7102	2208	168	1408
10.7135	2209	164	208
10.7198	2210	165	1408
10.7256	2211	164	1408
10.7293	2212	161	208
10.7356	2213	159	1408
10.7442	2214	161	1408
10.748	2215	157	208
10.7509	2216	155	1408
10.76	2217	158	1408
10.7633	2218	154	208
10.7663	2219	153	1408
10.7725	2220	152	1408
10.7729	2221	145	208
10.7759	2222	140	1408
10.7787	2223	134	1408
10.7791	2224	128	208
10.7821	2225	130	1408
10.785	2226	125	1408
10.7853	2227	116	208
10.7883	2228	118	1408
10.7912	2229	114	1408
10.7916	2230	103	208
10.7945	2231	105	1408
10.7974	2232	100	1408
10.7978	2233	87	208
10.8008	2234	89	1408
10.8065	2235	88	1408
10.8131	2236	88	208
10.8161	2237	90	1408
10.8223	2238	88	1408
10.8289	2239	84	208
10.8348	2240	89	1408
10.841	2241	89	1408
10.8476	2242	88	208
10.8506	2243	90	1408
10.8563	2244	89	1408
10.863	2245	87	208
10.8659	2246	89	1408
10.875	2247	91	1408
10.8754	2248	84	208
10.8784	2249	86	1408
10.8875	2250	87	1408
10.8912	2251	84	208
10.8942	2252	86	1408
10.8999	2253	84	1408
10.9037	2254	81	208
10.9095	2255	86	1408
10.9158	2256	84	1408
10.9224	2257	84	208
10.9253	2258	86	1408
10.9311	2259	85	1408
10.9348	2260	80	208
10.9378	2261	82	1408
10.9407	2262	78	1408
10.941	2263	72	208
10.944	2264	74	1408
10.9469	2265	69	1408
10.9473	2266	62	208
10.9502	2267	64	1408
10.9531	2268	60	1408
10.9535	2269	53	208
10.9565	2270	55	1408
10.9593	2271	50	1408
10.9597	2272	43	208
10.9627	2273	45	1408
10.9718	2274	47	1408
10.9751	2275	43	208
10.9814	2276	48	1408
10.9871	2277	47	1408
10.9937	2278	46	208
10.9967	2279	48	1408
11.0058	2280	50	1408
11.0096	2281	46	208
11.0125	2282	48	1408
11.0216	2283	50	1408
11.0282	2284	50	208
11.0312	2285	52	1408
11.037	2286	50	1408
11.0436	2287	50	208
11.0465	2288	52	1408
11.0556	2289	54	1408
11.0594	2290	51	208
11.0623	2291	53	1408
11.0715	2292	55	1408
11.0747	2293	51	208
11.0782	2294	54	1408
11.0868	2295	55	1408
11.0934	2296	55	208
11.0964	2297	57	1408
11.1055	2298	59	1408
11.1092	2299	56	208
11.1122	2300	58	1408
11.1213	2301	60	1408
11.1245	2302	56	208
11.1275	2303	58	1408
11.1366	2304	60	1408
11.1403	2305	57	208
11.1462	2306	62	1408
11.1524	2307	61	1408
11.1561	2308	59	208
11.162	2309	63	1408
11.1677	2310	62	1408
11.1744	2311	62	208
11.1773	2312	64	1408
11.1864	2313	66	1408
11.1902	2314	64	208
11.1931	2315	66	1408
11.2022	2316	68	1408
11.2055	2317	64	208
11.2118	2318	69	1408
11.2176	2319	68	1408
11.2213	2320	66	208
11.2243	2321	68	1408
11.2334	2322	70	1408
11.24	2323	69	208
11.243	2324	71	1408
11.2487	2325	70	1408
11.2553	2326	70	208
11.2583	2327	72	1408
11.2645	2328	72	1408
11.2711	2329	72	208
11.2741	2330	74	1408
11.2832	2331	76	1408
11.2865	2332	72	208
11.2894	2333	74	1408
11.2985	2334	77	1408
11.3023	2335	74	208
11.3052	2336	76	1408
11.3143	2337	78	1408
11.3176	2338	76	208
11.321	2339	79	1408
11.3297	2340	81	1408
11.3334	2341	80	208
11.3364	2342	82	1408
11.3421	2343	83	1408
11.3459	2344	80	208
11.3488	2345	83	1408
11.3579	2346	86	1408
11.3612	2347	85	208
11.3642	2348	87	1408
11.3704	2349	88	1408
11.3737	2350	85	208
11.38	2351	90	1408
11.3857	2352	91	1408
11.3895	2353	90	208
11.3924	2354	92	1408
11.4015	2355	95	1408
11.4019	2356	90	208
11.4078	2357	95	1408
11.414	2358	96	1408
11.4172	2359	94	208
11.4202	2360	96	1408
11.4293	2361	100	1408
11.4331	2362	99	208
11.436	2363	101	1408
11.4418	2364	100	1408
11.4455	2365	99	208
11.4485	2366	101	1408
11.4547	2367	102	1408
11.4608	2368	102	208
11.4638	2369	105	1408
11.47	2370	106	1408
11.4733	2371	104	208
11.4763	2372	106	1408
11.4825	2373	107	1408
11.4891	2374	108	208
11.4921	2375	110	1408
11.4978	2376	110	1408
11.5016	2377	109	208
11.5074	2378	114	1408
11.5136	2379	114	1408
11.5169	2380	112	208
11.5199	2381	114	1408
11.5261	2382	116	1408
11.5327	2383	116	208
11.5357	2384	118	1408
11.5414	2385	119	1408
11.5452	2386	118	208
11.5481	2387	120	1408
11.5572	2388	123	1408
11.5605	2389	121	208
11.5635	2390	123	1408
11.5697	2391	124	1408
11.5729	2392	121	208
11.5759	2393	124	1408
11.5821	2394	125	1408
11.5888	2395	126	208
11.5917	2396	128	1408
11.5975	2397	129	1408
11.6012	2398	127	208
11.6042	2399	130	1408
11.6104	2400	130	1408
11.6165	2401	131	208
11.6195	2402	133	1408
11.6257	2403	134	1408
11.629	2404	131	208
11.632	2405	134	1408
11.6411	2406	138	1408
11.6448	2407	136	208
11.6478	2408	138	1408
11.6535	2409	139	1408
11.6573	2410	138	208
11.6602	2411	140	1408
11.6665	2412	141	1408
11.6697	2413	139	208
11.6756	2414	144	1408
11.6818	2415	145	1408
11.6851	2416	144	208
11.688	2417	146	1408
11.6943	2418	147	1408
11.698	2419	145	208
11.7038	2420	150	1408
11.7096	2421	151	1408
11.7133	2422	147	208
11.7192	2423	152	1408
11.7283	2424	152	1408
11.732	2425	147	208
11.7378	2426	151	1408
11.7441	2427	150	1408
11.7507	2428	148	208
11.7565	2429	152	1408
11.7656	2430	153	1408
11.7694	2431	148	208
11.7752	2432	153	1408
11.7814	2433	151	1408
11.847	2434	125	208
11.8499	2435	128	1408
11.8562	2436	128	1408
11.8594	2437	125	208
11.8658	2438	130	1408
11.8715	2439	128	1408
11.8781	2440	129	208
11.8811	2441	131	1408
11.8902	2442	131	1408
11.8968	2443	128	208
11.8998	2444	131	1408
11.9089	2445	131	1408
11.9126	2446	128	208
11.9156	2447	131	1408
11.9276	2448	131	1408
11.9342	2449	129	208
11.9371	2450	132	1408
11.9462	2451	131	1408
11.95	2452	128	208
11.9558	2453	133	1408
12.0023	2454	112	1408
12.0089	2455	112	208
12.0119	2456	114	1408
12.021	2457	115	1408
12.0247	2458	113	208
12.031	2459	113	1408
12.0397	2460	115	1408
12.0434	2461	113	208
12.0464	2462	115	1408
12.0555	2463	118	1408
12.0587	2464	114	208
12.0622	2465	117	1408
12.0708	2466	119	1408
12.0745	2467	117	208
12.0775	2468	119	1408
12.0866	2469	121	1408
12.0899	2470	118	208
12.0933	2471	121	1408
12.1019	2472	123	1408
12.1057	2473	120	208
12.1115	2474	125	1408
12.1178	2475	125	1408
12.1215	2476	123	208
12.1245	2477	125	1408
12.1331	2478	127	1408
12.1397	2479	127	208
12.1427	2480	129	1408
12.1489	2481	129	1408
12.1555	2482	129	208
12.1585	2483	131	1408
12.1642	2484	131	1408
12.1708	2485	128	208
12.1738	2486	131	1408
12.1829	2487	133	1408
12.1866	2488	131	208
12.1896	2489	133	1408
12.1987	2490	136	1408
12.2024	2491	133	208
12.2083	2492	138	1408
12.2141	2493	138	1408
12.2178	2494	135	208
12.2208	2495	137	1408
12.2299	2496	139	1408
12.2336	2497	137	208
12.2394	2498	142	1408
12.2452	2499	142	1408
12.2518	2500	141	208
12.2548	2501	143	1408
12.261	2502	143	1408
12.2647	2503	141	208
12.2706	2504	146	1408
12.2763	2505	145	1408
12.2801	2506	143	208
12.2859	2507	147	1408
12.2921	2508	148	1408
12.2987	2509	147	208
12.3017	2510	150	1408
12.3075	2511	149	1408
12.3112	2512	147	208
12.317	2513	152	1408
12.3233	2514	152	1408
12.3299	2515	151	208
12.3329	2516	153	1408
12.3386	2517	153	1408
12.3452	2518	154	208
12.3482	2519	156	1408
12.3544	2520	155	1408
12.361	2521	156	208
12.364	2522	157	1408
12.3702	2523	158	1408
12.3764	2524	157	208
12.3793	2525	159	1408
12.3856	2526	159	1408
12.3922	2527	160	208
12.3951	2528	162	1408
12.4042	2529	164	1408
12.4075	2530	161	208
12.4105	2531	163	1408
12.4167	2532	163	1408
12.4233	2533	163	208
12.4263	2534	165	1408
12.4354	2535	168	1408
12.4386	2536	165	208
12.4416	2537	167	1408
12.4478	2538	167	1408
12.4544	2539	167	208
12.4574	2540	169	1408
12.4665	2541	172	1408
12.4698	2542	169	208
12.4727	2543	171	1408
12.4819	2544	173	1408
12.4856	2545	171	208
12.4914	2546	176	1408
12.4977	2547	176	1408
12.5009	2548	172	208
12.5044	2549	175	1408
12.513	2550	177	1408
12.5167	2551	175	208
12.5226	2552	180	1408
12.5288	2553	179	1408
12.5321	2554	177	208
12.5355	2555	179	1408
12.5441	2556	182	1408
12.5479	2557	178	208
12.5537	2558	183	1408
12.5599	2559	183	1408
12.5666	2560	184	208
12.5695	2561	186	1408
12.5753	2562	185	1408
12.5819	2563	185	208
12.5849	2564	187	1408
12.5911	2565	188	1408
12.5948	2566	185	208
12.6007	2567	190	1408
12.6064	2568	189	1408
12.613	2569	190	208
12.616	2570	191	1408
12.6222	2571	192	1408
12.6288	2572	191	208
12.6318	2573	193	1408
12.6376	2574	193	1408
12.6442	2575	194	208
12.6471	2576	196	1408
12.6562	2577	198	1408
12.66	2578	195	208
12.6629	2579	197	1408
12.6687	2580	197	1408
12.6753	2581	197	208
12.6783	2582	199	1408
12.6874	2583	202	1408
12.6911	2584	200	208
12.6941	2585	202	1408
12.7032	2586	204	1408
12.7064	2587	201	208
12.7099	2588	203	1408
12.7185	2589	206	1408
12.7222	2590	203	208
12.7252	2591	206	1408
12.7343	2592	208	1408
12.7376	2593	205	208
12.741	2594	208	1408
12.7497	2595	210	1408
12.7534	2596	207	208
12.7564	2597	209	1408
12.7655	2598	212	1408
12.7687	2599	209	208
12.775	2600	215	1408
12.7808	2601	213	1408
12.7845	2602	211	208
12.7904	2603	216	1408
12.7966	2604	216	1408
12.8003	2605	213	208
12.8062	2606	218	1408
12.8119	2607	217	1408
12.8157	2608	215	208
12.8215	2609	220	1408
12.8277	2610	219	1408
12.8286	2611	214	208
12.8344	2612	219	1408
12.8402	2613	219	1408
12.8468	2614	218	208
12.8498	2615	221	1408
12.856	2616	221	1408
12.8597	2617	218	208
12.8627	2618	220	1408
12.8685	2619	220	1408
12.8722	2620	217	208
12.8752	2621	219	1408
12.8814	2622	219	1408
12.888	2623	220	208
12.891	2624	221	1408
12.8972	2625	221	1408
12.9005	2626	218	208
12.9034	2627	220	1408
12.9097	2628	220	1408
12.9134	2629	217	208
12.9164	2630	219	1408
12.9226	2631	219	1408
12.9258	2632	216	208
12.9288	2633	218	1408
12.9379	2634	220	1408
12.9417	2635	218	208
12.9446	2636	220	1408
12.9509	2637	220	1408
12.9541	2638	217	208
12.9571	2639	219	1408
12.967	2641	217	208
12.97	2642	219	1408
12.9791	2643	221	1408
12.9824	2644	217	208
12.9853	2645	220	1408
12.9916	2646	217	1408
12.9982	2647	217	208
13.0012	2648	220	1408
13.0103	2649	221	1408
13.014	2650	217	208
13.017	2651	220	1408
13.0232	2652	218	1408
13.0298	2653	214	208
13.0328	2654	217	1408
13.0385	2655	216	1408
13.0451	2656	215	208
13.0481	2657	218	1408
13.0543	2658	217	1408
13.0609	2659	214	208
13.0639	2660	217	1408
13.073	2661	220	1408
13.0763	2662	215	208
13.0792	2663	218	1408
13.0884	2664	220	1408
13.0921	2665	218	208
13.0951	2666	220	1408
13.1008	2667	219	1408
13.1074	2668	218	208
13.1104	2669	221	1408
13.1166	2670	220	1408
13.1199	2671	217	208
13.1228	2672	219	1408
13.1323	2674	216	208
13.1353	2675	218	1408
13.1415	2676	218	1408
13.1481	2677	217	208
13.1511	2678	220	1408
13.1606	2680	216	208
13.1636	2681	218	1408
13.1698	2682	218	1408
13.1702	2683	212	208
13.1732	2684	214	1408
13.176	2685	211	1408
13.1764	2686	205	208
13.1794	2687	207	1408
13.1851	2688	206	1408
13.1884	2689	203	208
13.1914	2690	205	1408
13.2	2691	208	1408
13.2033	2692	204	208
13.2062	2693	206	1408
13.2154	2694	208	1411
13.2211	2695	208	1408
13.2248	2696	205	208
13.2278	2697	207	1408
13.2369	2698	210	1408
13.2402	2699	207	208
13.2431	2700	209	1408
13.2494	2701	208	1408
13.2555	2702	205	208
13.2585	2703	208	1408
13.2676	2704	210	1408
13.2713	2705	208	208
13.2743	2706	210	1408
13.2829	2707	210	1408
13.2867	2708	208	208
13.2896	2709	210	1408
13.2987	2710	210	1408
13.302	2711	207	208
13.305	2712	209	1408
13.3141	2713	210	1408
13.3207	2714	207	208
13.3236	2715	210	1408
13.3294	2716	209	1408
13.336	2717	208	208
13.339	2718	210	1408
13.3452	2719	210	1408
13.3489	2720	207	208
13.3548	2721	212	1408
13.3605	2722	210	1408
13.3643	2723	208	208
13.3701	2724	213	1408
13.3763	2725	213	1408
13.3821	2726	210	1411
13.3887	2727	210	208
13.3917	2728	212	1408
13.3979	2729	212	1408
13.4012	2730	210	208
13.4041	2731	212	1408
13.4132	2732	213	1411
13.4195	2733	213	1408
13.4227	2734	210	208
13.4291	2735	216	1408
13.4348	2736	215	1408
13.4385	2737	212	208
13.4415	2738	214	1408
13.4506	2739	216	1408
13.4539	2740	212	208
13.4568	2741	214	1408
13.4631	2742	214	1408
13.4697	2743	213	208
13.4727	2744	215	1408
13.4784	2745	215	1408
13.485	2746	215	208
13.488	2747	216	1408
13.4942	2748	216	1408
13.5008	2749	215	208
13.5038	2750	217	1408
13.5095	2751	216	1408
13.5133	2752	214	208
13.5191	2753	219	1408
13.5254	2754	218	1408
13.5286	2755	214	208
13.5316	2756	216	1408
13.5407	2757	218	1408
13.5444	2758	215	208
13.5474	2759	217	1408
13.5536	2760	217	1408
13.5598	2761	216	208
13.5627	2762	218	1408
13.5689	2763	217	1408
13.5727	2764	214	208
13.5785	2765	219	1408
13.5843	2766	218	1408
13.588	2767	216	208
13.591	2768	217	1408
13.6001	2769	220	1408
13.6033	2770	216	208
13.6063	2771	218	1408
13.6154	2772	220	1408
13.6192	2773	217	208
13.6221	2774	219	1408
13.625	2775	216	1408
13.6316	2776	215	208
13.6346	2777	217	1408
13.6408	2778	216	1408
13.6474	2779	216	208
13.6504	2780	218	1408
13.6561	2781	217	1408
13.6599	2782	214	208
13.6628	2783	216	1408
13.672	2784	218	1408
13.6752	2785	215	208
13.6787	2786	217	1408
13.6873	2787	219	1408
13.691	2788	216	208
13.694	2789	217	1408
13.6997	2790	217	1408
13.7063	2791	217	208
13.7093	2792	219	1408
13.7155	2793	218	1408
13.7222	2794	218	208
13.7251	2795	220	1408
13.7309	2796	218	1408
13.7375	2797	218	208
13.7405	2798	220	1408
13.7467	2799	220	1408
13.7499	2800	216	208
13.7529	2801	218	1408
13.762	2802	221	1408
13.7657	2803	217	208
13.7687	2804	219	1408
13.7745	2805	218	1408
13.7811	2806	219	208
13.7841	2807	221	1408
13.7903	2808	220	1408
13.7969	2809	219	208
13.8027	2811	217	1408
13.8065	2812	214	208
13.8094	2813	216	1408
13.8185	2814	219	1408
13.8218	2815	215	208
13.8248	2816	217	1408
13.831	2817	217	1408
13.8376	2818	216	208
13.8406	2819	218	1408
13.8463	2820	217	1408
13.8501	2821	215	208
13.853	2822	217	1408
13.8621	2823	219	1408
13.8654	2824	215	208
13.8684	2825	217	1408
13.8775	2826	219	1408
13.8812	2827	216	208
13.8842	2828	218	1408
13.8899	2829	217	1408
13.8965	2830	217	208
13.8995	2831	219	1408
13.9057	2832	218	1408
13.9095	2833	215	208
13.9153	2834	220	1408
13.9211	2835	219	1408
13.9243	2836	216	208
13.9278	2837	218	1408
13.9364	2838	220	1408
13.9401	2839	217	208
13.9431	2840	219	1408
13.9465	2841	215	1408
13.9526	2842	214	208
13.9556	2843	216	1408
13.9618	2844	216	1408
13.9684	2845	216	208
13.9714	2846	218	1408
13.9771	2847	217	1408
13.9809	2848	213	208
13.9867	2849	218	1408
13.9929	2850	217	1408
13.9962	2851	214	208
14.0025	2852	219	1408
14.0083	2853	219	1408
14.012	2854	216	208
14.015	2855	217	1408
14.0212	2856	217	1408
14.0273	2857	216	208
14.0303	2858	218	1408
14.0394	2859	220	1408
14.0403	2860	215	208
14.0461	2861	220	1408
14.0519	2862	218	1408
14.061	2863	218	1411
14.0647	2864	216	208
14.0677	2865	218	1408
14.0734	2866	217	1408
14.0772	2867	214	208
14.083	2868	219	1408
14.0864	2869	215	1408
14.0925	2870	214	208
14.0955	2871	216	1408
14.1017	2872	216	1408
14.1054	2873	213	208
14.1113	2874	218	1408
14.117	2875	217	1408
14.1236	2876	216	208
14.1266	2877	218	1408
14.1357	2878	220	1408
14.1394	2879	218	208
14.1424	2880	220	1408
14.1486	2881	219	1408
14.1524	2882	216	208
14.1582	2883	221	1408
14.164	2884	219	1408
14.1677	2885	216	208
14.1707	2886	218	1408
14.1769	2887	218	1408
14.1806	2888	215	208
14.1836	2889	217	1408
14.1927	2890	220	1408
14.196	2891	216	208
14.1989	2892	218	1408
14.2089	2894	216	208
14.2119	2895	218	1408
14.221	2896	220	1408
14.2242	2897	218	208
14.2277	2898	220	1408
14.2372	2900	217	208
14.243	2901	222	1408
14.2488	2902	221	1408
14.2525	2903	219	208
14.2555	2904	221	1408
14.2617	2905	220	1408
14.2654	2906	218	208
14.2684	2907	220	1408
14.2742	2908	220	1408
14.2808	2909	219	208
14.2837	2910	221	1408
14.29	2911	221	1408
14.2937	2912	219	208
14.2967	2913	221	1408
14.3024	2914	220	1408
14.309	2915	221	208
14.3154	2917	220	1408
14.3191	2918	218	208
14.3283	2920	219	1408
14.3344	2921	219	208
14.3374	2922	221	1408
14.3436	2923	221	1408
14.3474	2924	218	208
14.3503	2925	220	1408
14.3598	2927	217	208
14.3628	2928	219	1408
14.369	2929	219	1408
14.3723	2930	216	208
14.3786	2931	221	1408
14.3843	2932	221	1408
14.3881	2933	218	208
14.391	2934	220	1408
14.3968	2935	219	1408
14.4005	2936	217	208
14.4035	2937	219	1408
14.4126	2938	221	1408
14.4159	2939	218	208
14.4188	2940	220	1408
14.4288	2942	217	208
14.4318	2943	220	1408
14.4375	2944	219	1408
14.4441	2945	220	208
14.4471	2946	222	1408
14.45	2947	219	1408
14.4566	2948	221	208
14.4596	2950	218	1408
14.4633	2951	217	208
14.4663	2952	219	1408
14.4691	2953	217	1411
14.472	2954	215	1408
14.4724	2955	210	208
14.4754	2956	212	1408
14.4811	2957	213	1408
14.4844	2958	211	208
14.4874	2959	213	1408
14.5056	2960	204	1411
14.5118	2961	203	1408
14.5151	2962	199	208
14.518	2963	201	1408
14.5271	2964	201	1408
14.5309	2965	196	208
14.5338	2966	198	1408
14.5425	2967	198	1408
14.5457	2968	193	208
14.5521	2969	198	1408
14.5578	2970	195	1411
14.5641	2971	193	1411
14.5698	2972	190	1408
14.5731	2973	186	208
14.5794	2974	190	1408
14.5851	2975	188	1408
14.5947	2976	188	1411
14.6009	2977	186	208
14.6043	2978	189	1408
14.6158	2979	191	1408
14.6224	2980	186	208
14.6254	2981	189	1408
14.6345	2982	191	1408
14.6411	2983	189	208
14.6441	2984	192	1408
14.6503	2985	191	1408
14.6594	2986	191	1411
14.6627	2987	188	208
14.6657	2988	190	1408
14.6719	2989	190	1408
14.6751	2990	187	208
14.6781	2991	189	1408
14.6843	2992	189	1408
14.6901	2993	189	1411
14.6967	2994	188	208
14.6997	2995	190	1408
14.7059	2996	190	1408
14.7125	2997	191	208
14.7155	2998	193	1408
14.7212	2999	192	1408
14.7278	3000	192	208
14.7308	3001	194	1408
14.7366	3002	194	1408
14.7403	3003	191	208
14.7433	3004	193	1408
14.7462	3005	189	1408
14.7494	3006	186	208
14.7557	3007	191	1408
14.7615	3008	190	1408
14.7652	3009	187	208
14.7682	3010	189	1408
14.7744	3011	189	1408
14.7805	3012	188	208
14.7835	3013	190	1408
14.7926	3014	192	1408
14.7964	3015	189	208
14.7993	3016	191	1408
14.8051	3017	191	1408
14.8117	3018	190	208
14.8147	3019	192	1408
14.8209	3020	191	1408
14.8275	3021	191	208
14.8305	3022	193	1408
14.8362	3023	193	1408
14.84	3024	189	208
14.8429	3025	191	1408
14.852	3026	194	1408
14.8553	3027	190	208
14.8583	3028	193	1408
14.8674	3029	193	1408
14.874	3030	189	208
14.8769	3031	192	1408
14.8832	3032	192	1408
14.8898	3033	190	208
14.8927	3034	193	1408
14.8985	3035	192	1408
14.9051	3036	192	208
14.9081	3037	194	1408
14.9143	3038	193	1408
14.9176	3039	190	208
14.9205	3040	192	1408
14.9296	3041	194	1408
14.9334	3042	191	208
14.9392	3043	196	1408
14.9454	3044	195	1408
14.9487	3045	192	208
14.9517	3046	194	1408
14.9579	3047	193	1408
14.9645	3048	193	208
14.9675	3049	195	1408
14.9732	3050	195	1408
14.9798	3051	194	208
14.9828	3052	196	1408
14.989	3053	196	1408
14.9957	3054	195	208
14.9986	3055	197	1408
15.0044	3056	197	1408
15.0081	3057	194	208
15.0111	3058	196	1408
15.0202	3059	198	1408
15.0206	3060	192	208
15.0264	3061	197	1408
15.0326	3062	196	1408
15.0359	3063	192	208
15.0389	3064	194	1408
15.048	3065	196	1408
15.0517	3066	194	208
15.0547	3067	196	1408
15.0604	3068	195	1408
15.0642	3069	192	208
15.07	3070	197	1408
15.0762	3071	196	1408
15.0795	3072	193	208
15.0825	3073	195	1408
15.0916	3074	197	1408
15.0953	3075	194	208
15.0983	3076	196	1408
15.1045	3077	196	1408
15.1106	3078	193	208
15.1136	3079	196	1408
15.1198	3080	195	1408
15.1264	3081	194	208
15.1294	3082	197	1408
15.1352	3083	196	1408
15.1418	3084	193	208
15.1447	3085	196	1408
15.151	3086	195	1408
15.1576	3087	195	208
15.1606	3088	197	1408
15.1663	3089	196	1408
15.1729	3090	193	208
15.1759	3091	196	1408
15.1821	3092	196	1408
15.1887	3093	195	208
15.1917	3094	197	1408
15.1974	3095	196	1408
15.2012	3096	194	208
15.2041	3097	196	1408
15.2133	3098	198	1408
15.2165	3099	194	208
15.22	3100	196	1408
15.2286	3101	198	1408
15.2323	3102	194	208
15.2353	3103	197	1408
15.2444	3104	199	1408
15.2476	3105	195	208
15.2506	3106	197	1408
15.2568	3107	196	1408
15.2635	3108	197	208
15.2664	3109	199	1408
15.2722	3110	198	1408
15.2759	3111	194	208
15.2818	3112	199	1408
15.288	3113	198	1408
15.2912	3114	196	208
15.2942	3115	198	1408
15.3004	3116	197	1408
15.307	3117	197	208
15.31	3118	199	1408
15.3158	3119	198	1408
15.3195	3120	195	208
15.3225	3121	197	1408
15.3316	3122	199	1408
15.3348	3123	195	208
15.3378	3124	197	1408
15.344	3125	198	1408
15.3506	3126	197	208
15.3536	3127	199	1408
15.3594	3128	198	1408
15.3631	3129	194	208
15.3661	3130	197	1408
15.3752	3131	199	1408
15.3784	3132	194	208
15.3814	3133	197	1408
15.3876	3134	196	1408
15.3942	3135	194	208
15.3972	3136	197	1408
15.4034	3137	196	1408
15.4096	3138	194	208
15.4125	3139	197	1408
15.4188	3140	196	1408
15.4254	3141	194	208
15.4284	3142	197	1408
15.4346	3143	196	1408
15.4407	3144	195	208
15.4437	3145	197	1408
15.4499	3146	196	1408
15.4565	3147	196	208
15.4595	3148	199	1408
15.4652	3149	197	1408
15.469	3150	193	208
15.472	3151	196	1408
15.4811	3152	197	1408
15.4843	3153	194	208
15.4878	3154	196	1408
15.4964	3155	198	1408
15.5001	3156	194	208
15.5031	3157	197	1408
15.5122	3158	199	1408
15.5155	3159	194	208
15.5184	3160	197	1408
15.5246	3161	196	1408
15.5313	3162	196	208
15.5342	3163	198	1408
15.54	3164	196	1408
15.5466	3165	196	208
15.5496	3166	199	1408
15.5558	3167	198	1408
15.559	3168	195	208
15.5654	3169	200	1408
15.5711	3170	199	1408
15.5749	3171	196	208
15.5778	3172	198	1408
15.5836	3173	197	1408
15.5873	3174	194	208
15.5932	3175	199	1408
15.5994	3176	198	1408
15.6026	3177	195	208
15.6056	3178	197	1408
15.6118	3179	196	1408
15.6185	3180	196	208
15.6214	3181	198	1408
15.6272	3182	198	1408
15.6309	3183	193	208
15.6339	3184	196	1408
15.643	3185	198	1408
15.6462	3186	194	208
15.6492	3187	197	1408
15.6583	3188	199	1408
15.662	3189	194	208
15.665	3190	197	1408
15.6712	3191	196	1408
15.6774	3192	194	208
15.6804	3193	197	1408
15.6866	3194	196	1408
15.6932	3195	194	208
15.6962	3196	197	1408
15.7024	3197	196	1408
15.7085	3198	195	208
15.7115	3199	197	1408
15.7177	3200	196	1408
15.7243	3201	197	208
15.7273	3202	199	1408
15.7331	3203	197	1408
15.7397	3204	196	208
15.7426	3205	199	1408
15.7489	3206	196	1408
15.7526	3207	194	208
15.7584	3208	199	1408
15.7642	3209	198	1408
15.7679	3210	193	208
15.7709	3211	196	1408
15.78	3212	198	1408
15.7833	3213	194	208
15.7862	3214	197	1408
15.7953	3215	199	1408
15.7991	3216	194	208
15.802	3217	197	1408
15.8083	3218	196	1408
15.8144	3219	195	208
15.8174	3220	197	1408
15.8236	3221	196	1408
15.8302	3222	197	208
15.8332	3223	199	1408
15.8389	3224	197	1408
15.8455	3225	197	208
15.8485	3226	199	1408
15.8547	3227	198	1408
15.858	3228	195	208
15.861	3229	197	1408
15.8672	3230	197	1408
15.8738	3231	196	208
15.8768	3232	198	1408
15.8825	3233	198	1408
15.8863	3234	195	208
15.8892	3235	197	1408
15.8983	3236	199	1408
15.9016	3237	195	208
15.9046	3238	197	1408
15.9108	3239	197	1408
15.9145	3240	194	208
15.9204	3241	199	1408
15.9261	3242	198	1408
15.9298	3243	193	208
15.9328	3244	196	1408
15.9419	3245	198	1408
15.9452	3246	194	208
15.9482	3247	197	1408
15.9544	3248	196	1408
15.961	3249	193	208
15.964	3250	196	1408
15.9697	3251	195	1408
15.9763	3252	194	208
15.9793	3253	197	1408
15.9855	3254	196	1408
15.9921	3255	194	208
15.9951	3256	197	1408
16.0013	3257	196	1408
16.0075	3258	195	208
16.0104	3259	197	1408
16.0167	3260	196	1408
16.0233	3261	197	208
16.0262	3262	199	1408
16.032	3263	196	1408
16.0386	3264	196	208
16.0416	3265	199	1408
16.0478	3266	198	1408
16.0515	3267	194	208
16.0545	3268	197	1408
16.0631	3269	199	1408
16.0669	3270	193	208
16.0698	3271	196	1408
16.0789	3272	198	1408
16.0822	3273	194	208
16.0852	3274	197	1408
16.0914	3275	196	1408
16.098	3276	196	208
16.101	3277	197	1408
16.1067	3278	196	1408
16.1133	3279	197	208
16.1163	3280	199	1408
16.1225	3281	198	1408
16.1258	3282	194	208
16.1288	3283	196	1408
16.1379	3284	198	1408
16.1416	3285	196	208
16.1446	3286	198	1408
16.1503	3287	197	1408
16.1541	3288	194	208
16.1599	3289	198	1408
16.1661	3290	199	1408
16.1694	3291	195	208
16.1724	3292	197	1408
16.1786	3293	196	1408
16.1852	3294	196	208
16.1882	3295	198	1408
16.1939	3296	197	1408
16.2005	3297	196	208
16.2035	3298	199	1408
16.2097	3299	198	1408
16.2135	3300	194	208
16.2164	3301	197	1408
16.2251	3302	199	1408
16.2288	3303	193	208
16.2318	3304	196	1408
16.238	3305	195	1408
16.2441	3306	194	208
16.2471	3307	197	1408
16.2533	3308	196	1408
16.2599	3309	193	208
16.2629	3310	196	1408
16.2687	3311	195	1408
16.2753	3312	194	208
16.2782	3313	197	1408
16.2845	3314	196	1408
16.2911	3315	196	208
16.294	3316	198	1408
16.2998	3317	196	1408
16.3064	3318	197	208
16.3094	3319	199	1408
16.3156	3320	196	1408
16.3222	3321	197	208
16.3252	3322	199	1408
16.3309	3323	197	1408
16.3347	3324	193	208
16.3376	3325	196	1408
16.3467	3326	198	1408
16.35	3327	194	208
16.353	3328	196	1408
16.3621	3329	199	1408
16.3658	3330	195	208
16.3688	3331	197	1408
16.375	3332	197	1408
16.3783	3333	194	208
16.3841	3334	199	1408
16.3903	3335	198	1408
16.3936	3336	193	208
16.3966	3337	196	1408
16.4057	3338	198	1408
16.4094	3339	195	208
16.4124	3340	197	1408
16.4215	3341	199	1408
16.4247	3342	196	208
16.4277	3343	198	1408
16.4339	3344	197	1408
16.4405	3345	197	208
16.4435	3346	199	1408
16.4493	3347	198	1408
16.453	3348	196	208
16.456	3349	197	1408
16.4617	3350	196	1408
16.4683	3351	196	208
16.4713	3352	198	1408
16.4775	3353	198	1408
16.4808	3354	193	208
16.4838	3355	196	1408
16.4929	3356	198	1408
16.4966	3357	193	208
16.4996	3358	196	1408
16.5087	3359	198	1408
16.5119	3360	193	208
16.5149	3361	196	1408
16.5211	3362	196	1408
16.5277	3363	193	208
16.5307	3364	196	1408
16.5398	3365	198	1408
16.5431	3366	194	208
16.546	3367	197	1408
16.5523	3368	196	1408
16.5589	3369	193	208
16.5618	3370	196	1408
16.5676	3371	195	1408
16.5742	3372	195	208
16.5772	3373	197	1408
16.5834	3374	196	1408
16.5867	3375	193	208
16.593	3376	198	1408
16.5987	3377	196	1408
16.6054	3378	197	208
16.6083	3379	199	1408
16.6145	3380	198	1408
16.6178	3381	193	208
16.6208	3382	196	1408
16.6299	3383	198	1408
16.6336	3384	195	208
16.6366	3385	197	1408
16.6457	3386	199	1408
16.6489	3387	196	208
16.6519	3388	198	1408
16.6581	3389	197	1408
16.6648	3390	197	208
16.6677	3391	199	1408
16.6735	3392	198	1408
16.6772	3393	194	208
16.6802	3394	197	1408
16.6893	3395	199	1408
16.6925	3396	195	208
16.6955	3397	197	1408
16.7046	3398	199	1408
16.7083	3399	197	208
16.7113	3400	199	1408
16.7171	3401	198	1408
16.7237	3402	197	208
16.7267	3403	199	1408
16.7329	3404	198	1408
16.7361	3405	196	208
16.7391	3406	198	1408
16.7453	3407	197	1408
16.7486	3408	193	208
16.7549	3409	198	1408
16.7607	3410	198	1408
16.7644	3411	194	208
16.7674	3412	197	1408
16.7765	3413	197	1408
16.7797	3414	193	208
16.7827	3415	196	1408
16.7918	3416	198	1408
16.7955	3417	194	208
16.7985	3418	197	1408
16.8047	3419	196	1408
16.8109	3420	193	208
16.8138	3421	196	1408
16.8201	3422	196	1408
16.8267	3423	193	208
16.8297	3424	196	1408
16.8388	3425	198	1408
16.842	3426	194	208
16.845	3427	196	1408
16.8512	3428	196	1408
16.8578	3429	195	208
16.8608	3430	197	1408
16.8665	3431	196	1408
16.8703	3432	194	208
16.8761	3433	199	1408
16.8824	3434	197	1408
16.8856	3435	193	208
16.8886	3436	196	1408
16.8977	3437	198	1408
16.9014	3438	194	208
16.9044	3439	197	1408
16.9135	3440	199	1408
16.9167	3441	195	208
16.9197	3442	197	1408
16.9288	3443	199	1408
16.9326	3444	197	208
16.9355	3445	199	1408
16.9446	3446	200	1408
16.9484	3447	197	208
16.9513	3448	200	1408
16.96	3449	201	1408
16.9666	3450	200	208
16.9695	3451	203	1408
16.9786	3452	205	1408
16.9824	3453	202	208
16.9854	3454	204	1408
16.9945	3455	206	1408
16.9982	3456	203	208
17.0012	3457	206	1408
17.0098	3458	207	1408
17.0164	3459	207	208
17.0194	3460	209	1408
17.0256	3461	208	1408
17.0322	3462	209	208
17.0352	3463	211	1408
17.0443	3464	213	1408
17.0475	3465	209	208
17.0505	3466	211	1408
17.0596	3467	213	1408
17.0662	3468	213	208
17.0692	3469	216	1408
17.0754	3470	215	1408
17.082	3471	213	208
17.085	3472	216	1408
17.0941	3473	216	1408
17.1007	3474	215	208
17.1037	3475	218	1408
17.1094	3476	217	1408
17.116	3477	216	208
17.119	3478	219	1408
17.129	3480	212	208
17.132	3481	215	1408
17.1411	3482	218	1408
17.1443	3483	214	208
17.1473	3484	216	1408
17.1564	3485	218	1408
17.1601	3486	216	208
17.1631	3487	218	1408
17.1722	3488	219	1408
17.1754	3489	216	208
17.1784	3490	218	1408
17.1847	3491	216	1408
17.1879	3492	212	208
17.1909	3493	215	1408
17.2	3494	215	1408
17.2037	3495	212	208
17.2067	3496	215	1408
17.2158	3497	215	1408
17.2224	3498	213	208
17.2254	3499	216	1408
17.2345	3500	216	1408
17.2377	3501	212	208
17.2407	3502	215	1408
17.2498	3503	215	1408
17.2535	3504	212	208
17.2565	3505	215	1408
17.2656	3506	217	1408
17.2689	3507	214	208
17.2723	3508	217	1408
17.2809	3509	218	1408
17.2847	3510	216	208
17.2876	3511	218	1408
17.2934	3512	218	1408
17.2971	3513	215	208
17.3001	3514	217	1408
17.3092	3515	220	1408
17.3125	3516	217	208
17.3217	3518	218	1408
17.3254	3519	216	208
17.3284	3520	218	1408
17.3341	3521	218	1408
17.3407	3522	217	208
17.3437	3523	219	1408
17.3499	3524	219	1408
17.3565	3525	219	208
17.3624	3527	218	1408
17.3661	3528	216	208
17.3691	3529	218	1408
17.3748	3530	216	1408
17.3815	3531	217	208
17.3844	3532	219	1408
17.3907	3533	219	1411
17.3969	3534	218	1408
17.4001	3535	216	208
17.4031	3536	218	1408
17.4093	3537	218	1408
17.4159	3538	217	208
17.4189	3539	219	1408
17.4247	3540	219	1408
17.4284	3541	216	208
17.4314	3542	219	1408
17.4413	3544	216	208
17.4443	3545	218	1408
17.4534	3546	220	1408
17.4567	3547	217	208
17.4596	3548	219	1408
17.4659	3549	219	1408
17.4691	3550	216	208
17.4721	3551	218	1408
17.4783	3552	218	1408
17.4816	3553	215	208
17.4846	3554	217	1408
17.4937	3555	219	1408
17.4974	3556	217	208
17.5004	3557	219	1408
17.5061	3558	219	1408
17.5127	3559	218	208
17.5157	3560	220	1408
17.5219	3561	221	1408
17.5252	3562	217	208
17.5281	3563	219	1408
17.5373	3564	219	1408
17.541	3565	214	208
17.5468	3566	218	1408
17.5531	3567	217	1408
17.5563	3568	211	208
17.5593	3569	213	1408
17.5684	3570	213	1408
17.5746	3571	211	1411
17.5812	3572	209	208
17.5842	3573	211	1408
17.5904	3574	209	1408
17.5966	3575	206	208
17.5995	3576	208	1408
17.6086	3577	208	1408
17.6149	3578	206	1411
17.6181	3579	201	208
17.6211	3580	203	1408
17.624	3581	197	1408
17.6244	3582	189	208
17.6307	3583	194	1408
17.6364	3584	191	1408
17.6526	3585	181	208
17.6556	3586	184	1408
17.6642	3587	183	1411
17.6705	3588	183	1408
17.6771	3589	183	208
17.68	3590	185	1408
17.6858	3591	183	1408
17.6924	3592	183	208
17.6954	3593	185	1408
17.7011	3594	185	1408
17.7077	3595	184	208
17.7107	3596	186	1408
17.7169	3597	185	1408
17.7236	3598	185	208
17.7265	3599	187	1408
17.7323	3600	186	1408
17.736	3601	184	208
17.7419	3602	188	1408
17.7481	3603	188	1408
17.7518	3604	184	208
17.7577	3605	189	1408
17.7634	3606	188	1408
17.7671	3607	185	208
17.7701	3608	187	1408
17.7792	3609	189	1408
17.7825	3610	185	208
17.7859	3611	187	1408
17.7946	3612	189	1408
17.7983	3613	186	208
17.8013	3614	188	1408
17.8075	3615	187	1408
17.8136	3616	186	208
17.8166	3617	188	1408
17.8228	3618	187	1408
17.8265	3619	184	208
17.8324	3620	189	1408
17.8382	3621	188	1408
17.8448	3622	187	208
17.8477	3623	189	1408
17.854	3624	189	1408
17.8577	3625	186	208
17.8607	3626	188	1408
17.8693	3627	190	1408
17.873	3628	187	208
17.876	3629	188	1408
17.8851	3630	191	1408
17.8884	3631	187	208
17.8913	3632	189	1408
17.8976	3633	188	1408
17.9008	3634	184	208
17.9038	3635	186	1408
17.9129	3636	188	1408
17.9166	3637	185	208
17.9196	3638	187	1408
17.9287	3639	189	1408
17.9319	3640	185	208
17.9349	3641	187	1408
17.944	3642	190	1408
17.9478	3643	186	208
17.9507	3644	188	1408
17.9598	3645	190	1408
17.9631	3646	187	208
17.9665	3647	189	1408
17.9752	3648	191	1408
17.9789	3649	187	208
17.9819	3650	189	1408
17.991	3651	191	1408
17.9942	3652	188	208
17.9977	3653	190	1408
18.0063	3654	192	1408
18.01	3655	189	208
18.0159	3656	193	1408
18.0221	3657	193	1408
18.0254	3658	189	208
18.0283	3659	191	1408
18.0374	3660	193	1408
18.0412	3661	190	208
18.0441	3662	192	1408
18.0533	3663	194	1408
18.0565	3664	190	208
18.0595	3665	192	1408
18.0686	3666	194	1408
18.0723	3667	191	208
18.0753	3668	193	1408
18.081	3669	192	1408
18.0877	3670	191	208
18.0906	3671	193	1408
18.0968	3672	192	1408
18.1006	3673	190	208
18.1064	3674	194	1408
18.1122	3675	194	1408
18.1159	3676	190	208
18.1189	3677	192	1408
18.128	3678	194	1408
18.1312	3679	191	208
18.1342	3680	193	1408
18.1433	3681	195	1408
18.1471	3682	192	208
18.15	3683	194	1408
18.1591	3684	196	1408
18.1624	3685	192	208
18.1654	3686	194	1408
18.1716	3687	193	1408
18.1748	3688	189	208
18.1778	3689	191	1408
18.1869	3690	193	1408
18.1907	3691	190	208
18.1936	3692	192	1408
18.2027	3693	194	1408
18.206	3694	190	208
18.209	3695	192	1408
18.2181	3696	195	1408
18.2218	3697	191	208
18.2248	3698	193	1408
18.2339	3699	195	1408
18.2371	3700	192	208
18.2401	3701	194	1408
18.2463	3702	193	1408
18.2529	3703	192	208
18.2559	3704	194	1408
18.2621	3705	194	1408
18.2683	3706	193	208
18.2712	3707	195	1408
18.2775	3708	194	1408
18.2812	3709	191	208
18.287	3710	196	1408
18.2928	3711	194	1408
18.2994	3712	194	208
18.3024	3713	196	1408
18.3086	3714	195	1408
18.3119	3715	191	208
18.3153	3716	194	1408
18.3239	3717	195	1408
18.3277	3718	192	208
18.3335	3719	197	1408
18.3397	3720	196	1408
18.343	3721	192	208
18.346	3722	194	1408
18.3522	3723	195	1408
18.3588	3724	194	208
18.3618	3725	196	1408
18.3675	3726	195	1408
18.3713	3727	192	208
18.3771	3728	197	1408
18.3833	3729	196	1408
18.3866	3730	192	208
18.3896	3731	194	1408
18.3987	3732	196	1408
18.4024	3733	193	208
18.4054	3734	195	1408
18.4145	3735	197	1408
18.4177	3736	193	208
18.4207	3737	195	1408
18.4269	3738	194	1408
18.4335	3739	194	208
18.4365	3740	196	1408
18.4423	3741	195	1408
18.446	3742	191	208
18.4518	3743	196	1408
18.4581	3744	196	1408
18.4613	3745	192	208
18.4648	3746	194	1408
18.4734	3747	196	1408
18.4771	3748	193	208
18.4801	3749	195	1408
18.4863	3750	194	1408
18.4925	3751	193	208
18.4954	3752	195	1408
18.5017	3753	194	1408
18.5083	3754	194	208
18.5112	3755	196	1408
18.517	3756	195	1408
18.5207	3757	191	208
18.5266	3758	196	1408
18.5328	3759	195	1408
18.5361	3760	192	208
18.5424	3761	197	1408
18.5481	3762	196	1408
18.5519	3763	192	208
18.5548	3764	194	1408
18.5639	3765	196	1408
18.5672	3766	193	208
18.5702	3767	195	1408
18.5793	3768	197	1408
18.583	3769	194	208
18.586	3770	195	1408
18.5917	3771	194	1408
18.5983	3772	195	208
18.6013	3773	197	1408
18.6075	3774	196	1408
18.6113	3775	193	208
18.6171	3776	198	1408
18.6229	3777	196	1408
18.6266	3778	193	208
18.6296	3779	195	1408
18.6387	3780	197	1408
18.6419	3781	193	208
18.6449	3782	195	1408
18.654	3783	198	1408
18.6577	3784	194	208
18.6607	3785	196	1408
18.6665	3786	195	1408
18.6702	3787	192	208
18.6761	3788	197	1408
18.6823	3789	196	1408
18.6889	3790	195	208
18.6919	3791	197	1408
18.6976	3792	196	1408
18.7013	3793	193	208
18.7043	3794	195	1408
18.7134	3795	197	1408
18.7167	3796	193	208
18.7197	3797	195	1408
18.7288	3798	197	1408
18.7325	3799	194	208
18.7355	3800	196	1408
18.7412	3801	195	1408
18.7478	3802	194	208
18.7508	3803	196	1408
18.757	3804	196	1408
18.7603	3805	192	208
18.7666	3806	197	1408
18.7724	3807	196	1408
18.7761	3808	193	208
18.7791	3809	195	1408
18.7882	3810	197	1408
18.7914	3811	193	208
18.7944	3812	195	1408
18.8035	3813	197	1408
18.8072	3814	194	208
18.8102	3815	196	1408
18.8193	3816	198	1408
18.8226	3817	194	208
18.8255	3818	196	1408
18.8318	3819	195	1408
18.8384	3820	196	208
18.8413	3821	197	1408
18.8471	3822	197	1408
18.8508	3823	193	208
18.8538	3824	195	1408
18.8629	3825	197	1408
18.8661	3826	194	208
18.8691	3827	196	1408
18.8782	3828	198	1408
18.882	3829	194	208
18.8849	3830	196	1408
18.8912	3831	196	1408
18.8973	3832	195	208
18.9003	3833	197	1408
18.9065	3834	196	1408
18.9102	3835	193	208
18.9161	3836	198	1408
18.9218	3837	196	1408
18.9256	3838	193	208
18.9314	3839	198	1408
18.9376	3840	197	1408
18.9409	3841	193	208
18.9439	3842	195	1408
18.953	3843	197	1408
18.9567	3844	194	208
18.9597	3845	196	1408
18.9688	3846	198	1408
18.972	3847	195	208
18.975	3848	196	1408
18.9812	3849	196	1408
18.9878	3850	195	208
18.9908	3851	197	1408
18.9966	3852	196	1408
19.0003	3853	193	208
19.0033	3854	195	1408
19.0124	3855	197	1408
19.0156	3856	193	208
19.0186	3857	195	1408
19.0277	3858	197	1408
19.0314	3859	194	208
19.0344	3860	196	1408
19.0435	3861	198	1408
19.0468	3862	194	208
19.0497	3863	196	1408
19.056	3864	195	1408
19.0626	3865	195	208
19.0655	3866	197	1408
19.0713	3867	196	1408
19.075	3868	193	208
19.0809	3869	197	1408
19.0871	3870	198	1408
19.0904	3871	194	208
19.0938	3872	196	1408
19.1024	3873	198	1408
19.1062	3874	195	208
19.1091	3875	197	1408
19.1182	3876	199	1408
19.1215	3877	195	208
19.1245	3878	197	1408
19.1307	3879	196	1408
19.1373	3880	196	208
19.1403	3881	198	1408
19.146	3882	197	1408
19.1498	3883	193	208
19.1527	3884	195	1408
19.1618	3885	197	1408
19.1651	3886	194	208
19.1681	3887	196	1408
19.1772	3888	198	1408
19.1809	3889	194	208
19.1839	3890	196	1408
19.1901	3891	196	1408
19.1962	3892	195	208
19.1992	3893	197	1408
19.2054	3894	196	1408
19.212	3895	196	208
19.215	3896	198	1408
19.2208	3897	196	1408
19.2245	3898	193	208
19.2303	3899	198	1408
19.2366	3900	197	1408
19.2398	3901	193	208
19.2433	3902	196	1408
19.2519	3903	197	1408
19.2556	3904	194	208
19.2586	3905	196	1408
19.2677	3906	198	1408
19.271	3907	194	208
19.2739	3908	196	1408
19.2802	3909	196	1408
19.2868	3910	195	208
19.2897	3911	197	1408
19.2955	3912	196	1408
19.2992	3913	193	208
19.3022	3914	195	1408
19.3113	3915	197	1408
19.315	3916	194	208
19.3209	3917	198	1408
19.3266	3918	197	1408
19.3304	3919	195	208
19.3333	3920	196	1408
19.3424	3921	199	1408
19.3457	3922	195	208
19.3487	3923	197	1408
19.3549	3924	196	1408
19.3615	3925	196	208
19.3645	3926	198	1408
19.3702	3927	197	1408
19.374	3928	193	208
19.3769	3929	195	1408
19.386	3930	198	1408
19.3893	3931	194	208
19.3927	3932	196	1408
19.4014	3933	198	1408
19.4051	3934	195	208
19.4081	3935	197	1408
19.4172	3936	199	1408
19.4204	3937	195	208
19.4234	3938	197	1408
19.4296	3939	196	1408
19.4363	3940	196	208
19.4392	3941	198	1408
19.445	3942	196	1408
19.4487	3943	193	208
19.4517	3944	195	1408
19.4608	3945	197	1408
19.464	3946	194	208
19.467	3947	196	1408
19.4732	3948	195	1408
19.4798	3949	194	208
19.4828	3950	196	1408
19.489	3951	196	1408
19.4952	3952	195	208
19.4981	3953	197	1408
19.5044	3954	196	1408
19.511	3955	195	208
19.514	3956	197	1408
19.5197	3957	196	1408
19.5234	3958	193	208
19.5293	3959	198	1408
19.5355	3960	197	1408
19.5388	3961	193	208
19.5422	3962	196	1408
19.5508	3963	197	1408
19.5546	3964	194	208
19.5576	3965	196	1408
19.5667	3966	198	1408
19.5699	3967	195	208
19.5729	3968	196	1408
19.5791	3969	197	1408
19.5828	3970	193	208
19.5887	3971	198	1408
19.5944	3972	197	1408
19.5982	3973	194	208
19.604	3974	199	1408
19.6103	3975	198	1408
19.6135	3976	194	208
19.6165	3977	196	1408
19.6256	3978	198	1408
19.6293	3979	195	208
19.6323	3980	197	1408
19.6414	3981	199	1408
19.6446	3982	195	208
19.6476	3983	197	1408
19.6539	3984	196	1408
19.6605	3985	196	208
19.6634	3986	198	1408
19.6692	3987	197	1408
19.6729	3988	193	208
19.6759	3989	195	1408
19.685	3990	197	1408
19.6882	3991	194	208
19.6917	3992	196	1408
19.7003	3993	198	1408
19.7041	3994	195	208
19.707	3995	197	1408
19.7133	3996	196	1408
19.7194	3997	195	208
19.7224	3998	197	1408
19.7286	3999	196	1408
19.7352	4000	196	208
19.7382	4001	198	1408
19.7439	4002	196	1408
19.7477	4003	193	208
19.7506	4004	195	1408
19.7597	4005	197	1408
19.763	4006	193	208
19.766	4007	195	1408
19.7722	4008	195	1408
19.7788	4009	194	208
19.7818	4010	196	1408
19.7909	4011	198	1408
19.7941	4012	195	208
19.7971	4013	197	1408
19.8033	4014	196	1408
19.8099	4015	195	208
19.8129	4016	197	1408
19.8187	4017	196	1408
19.8224	4018	194	208
19.8254	4019	196	1408
19.8345	4020	198	1408
19.8377	4021	194	208
19.8407	4022	196	1408
19.8498	4023	198	1408
19.8535	4024	195	208
19.8565	4025	197	1408
19.8622	4026	196	1408
19.8689	4027	195	208
19.8718	4028	197	1408
19.8781	4029	197	1408
19.8847	4030	196	208
19.8876	4031	198	1408
19.8934	4032	197	1408
19.8971	4033	194	208
19.9001	4034	196	1408
19.9092	4035	198	1408
19.9125	4036	194	208
19.9159	4037	196	1408
19.9245	4038	198	1408
19.9283	4039	195	208
19.9312	4040	197	1408
19.9403	4041	199	1408
19.9436	4042	195	208
19.9466	4043	197	1408
19.9528	4044	196	1408
19.9594	4045	196	208
19.9624	4046	198	1408
19.9681	4047	197	1408
19.9719	4048	193	208
19.9748	4049	195	1408
19.9839	4050	197	1408
19.9872	4051	194	208
19.9902	4052	196	1408
19.9993	4053	198	1408
