0.0530974	1	44	1404
0.0559696	2	46	1406
0.0563456	3	47	206
0.0593136	4	50	1406
0.0621856	5	53	1406
0.0625616	6	53	206
0.0655296	7	56	1406
0.0684016	8	59	1406
0.0687776	9	59	206
0.0717456	10	62	1406
0.0746176	11	65	1406
0.0749936	12	61	206
0.0779616	13	63	1406
0.0837016	14	64	1406
0.133702	15	40	206
0.137294	16	43	1406
0.145382	17	43	1406
0.151382	18	41	206
0.154942	19	43	1406
0.161158	20	43	1406
0.165306	21	41	206
0.168274	22	44	1406
0.173898	23	43	1406
0.176306	24	41	206
0.179898	25	43	1406
0.184898	26	43	1406
0.188306	27	41	206
0.191274	28	44	1406
0.196898	29	43	1406
0.199306	30	41	206
0.202898	31	43	1406
0.209114	32	45	1406
0.211306	33	41	206
0.217146	34	46	1406
0.220018	35	44	1406
0.220899	36	40	206
0.224491	37	43	1406
0.230235	38	45	1406
0.230611	39	41	206
0.233579	40	44	1406
0.239323	41	46	1406
0.239699	42	42	206
0.242667	43	44	1406
0.248883	44	46	1406
0.249259	45	43	206
0.252227	46	46	1406
0.257971	47	47	1406
0.258347	48	44	206
0.261315	49	46	1406
0.267531	50	48	1406
0.267907	51	44	206
0.270875	52	47	1406
0.276619	53	49	1406
0.276995	54	45	206
0.279963	55	47	1406
0.286179	56	50	1406
0.286555	57	46	206
0.289523	58	49	1406
0.295267	59	51	1406
0.295643	60	47	206
0.298611	61	49	1406
0.301955	62	48	1406
0.305203	63	48	206
0.308171	64	51	1406
0.313915	65	52	1406
0.314293	66	50	207
0.317263	67	52	1407
0.320137	68	52	1407
0.320987	69	50	207
0.326829	70	55	1407
0.329703	71	55	1407
0.330081	72	54	207
0.333051	73	56	1407
0.338797	74	58	1407
0.339175	75	57	207
0.342145	76	59	1407
0.345019	77	60	1407
0.348741	78	60	207
0.351711	79	63	1407
0.354585	80	64	1407
0.354963	81	61	207
0.357933	82	64	1407
0.363679	83	67	1407
0.364057	84	66	207
0.367027	85	69	1407
0.370373	86	69	1407
0.373623	87	70	207
0.376593	88	72	1407
0.379467	89	73	1407
0.379845	90	71	207
0.385687	91	76	1407
0.388561	92	77	1407
0.388939	93	75	207
0.391909	94	77	1407
0.398127	95	82	1407
0.398505	96	79	207
0.401475	97	82	1407
0.404349	98	83	1407
0.407599	99	83	207
0.410569	100	86	1407
0.413443	101	87	1407
0.413821	102	85	207
0.417263	103	88	1407
0.423009	104	92	1407
0.423387	105	90	207
0.426357	106	92	1407
0.429231	107	93	1407
0.432481	108	94	207
0.435451	109	97	1407
0.438325	110	98	1407
0.438703	111	95	207
0.441673	112	98	1407
0.447891	113	102	1407
0.448269	114	101	207
0.451239	115	103	1407
0.454113	116	104	1407
0.457363	117	105	207
0.460333	118	108	1407
0.463207	119	109	1407
0.463585	120	106	207
0.466555	121	109	1407
0.472773	122	112	1407
0.476023	123	110	207
0.478993	124	112	1407
0.481867	125	112	1407
0.482717	126	109	207
0.485687	127	112	1407
0.491433	128	113	1407
0.494683	129	112	207
0.497653	130	115	1407
0.500527	131	115	1407
0.501377	132	114	207
0.504347	133	117	1407
0.510093	134	119	1407
0.513343	135	119	207
0.516313	136	122	1407
0.519187	137	121	1407
0.522909	138	119	207
0.525879	139	122	1407
0.528753	140	121	1407
0.532003	141	123	207
0.534973	142	125	1407
0.537847	143	126	1407
0.541569	144	125	207
0.544539	145	128	1407
0.547413	146	128	1407
0.547791	147	122	207
0.550761	148	125	1407
0.556507	149	128	1407
0.556885	150	124	207
0.559855	151	127	1407
0.566077	152	128	1407
0.569329	153	128	207
0.572299	154	131	1407
0.575173	155	131	1407
0.578899	156	128	207
0.581869	157	131	1407
0.587617	158	134	1407
0.588469	159	131	207
0.591439	160	134	1407
0.597187	161	138	1407
0.597565	162	134	207
0.600535	163	137	1407
0.606283	164	140	1407
0.610009	165	141	207
0.612979	166	143	1407
0.618727	167	143	1407
0.619105	168	141	207
0.622075	169	144	1407
0.628297	170	147	1407
0.631549	171	144	207
0.634519	172	147	1407
0.637867	173	146	1407
0.641119	174	147	207
0.644089	175	150	1407
0.649837	176	149	1407
0.650215	177	147	207
0.653185	178	150	1407
0.656059	179	151	1407
0.656437	180	149	207
0.659407	181	152	1407
0.665629	182	153	1407
0.666007	183	147	207
0.668977	184	149	1407
0.671851	185	150	1407
0.675103	186	150	207
0.678073	187	153	1407
0.680947	188	149	1407
0.684673	189	147	207
0.687643	190	150	1407
0.690517	191	150	1407
0.690895	192	146	207
0.693865	193	149	1407
0.699613	194	149	1407
0.703339	195	147	207
0.706309	196	150	1407
0.709183	197	150	1407
0.709561	198	144	207
0.712531	199	147	1407
0.718279	200	150	1407
0.722005	201	147	207
0.724975	202	149	1407
0.727849	203	150	1407
0.728227	204	144	207
0.731197	205	147	1407
0.736945	206	149	1407
0.737323	207	147	207
0.740293	208	150	1407
0.746515	209	150	1407
0.746893	210	147	207
0.749863	211	150	1407
0.755611	212	149	1407
0.759337	213	147	207
0.762307	214	150	1407
0.765181	215	150	1407
0.768433	216	147	207
0.771403	217	150	1407
0.774277	218	147	1407
0.774655	219	143	207
0.777625	220	146	1407
0.783847	221	146	1407
0.784225	222	144	207
0.787195	223	147	1407
0.792943	224	146	1407
0.796669	225	143	207
0.799639	226	146	1407
0.805387	227	147	1407
0.805765	228	143	207
0.808735	229	146	1407
0.814957	230	146	1407
0.818209	231	144	207
0.821179	232	147	1407
0.824053	233	147	1407
0.827779	234	143	207
0.830749	235	146	1407
0.836497	236	147	1407
0.836875	237	143	207
0.839845	238	146	1407
0.846067	239	150	1407
0.846445	240	147	207
0.849415	241	150	1407
0.858511	242	153	1407
0.858889	243	149	207
0.861859	244	152	1407
0.867607	245	156	1407
0.871333	246	153	207
0.874303	247	156	1407
0.880051	248	159	1407
0.883777	249	156	207
0.886747	250	159	1407
0.889621	251	159	1407
0.892873	252	159	207
0.895843	253	162	1407
0.898717	254	159	1407
0.902443	255	156	207
0.905415	256	159	1408
0.908291	257	159	1408
0.908671	258	156	208
0.911643	259	159	1408
0.917393	260	159	1408
0.921121	261	156	208
0.924093	262	159	1408
0.926969	263	159	1408
0.927349	264	156	208
0.930321	265	159	1408
0.936071	266	159	1408
0.936451	267	156	208
0.939423	268	159	1408
0.945647	269	159	1408
0.946027	270	157	208
0.948999	271	159	1408
0.954749	272	159	1408
0.958477	273	156	208
0.961449	274	159	1408
0.964325	275	159	1408
0.964705	276	153	208
0.967677	277	156	1408
0.973427	278	159	1408
0.973807	279	156	208
0.976779	280	159	1408
0.983003	281	160	1408
0.983383	282	156	208
0.986355	283	159	1408
0.992105	284	159	1408
0.995833	285	156	208
0.998805	286	159	1408
1.00168	287	156	1408
1.00493	288	156	208
1.00791	289	159	1408
1.01078	290	155	1408
1.01451	291	153	208
1.01748	292	156	1408
1.02036	293	156	1408
1.02361	294	153	208
1.02658	295	156	1408
1.03281	296	156	1408
1.03319	297	154	208
1.03616	298	156	1408
1.04191	299	154	1408
1.04564	300	150	208
1.04861	301	152	1408
1.05436	302	150	1408
1.05809	303	146	208
1.06106	304	148	1408
1.06681	305	146	1408
1.07054	306	142	208
1.07351	307	144	1408
1.08261	308	145	1408
1.08586	309	140	208
1.08883	310	142	1408
1.09506	311	141	1408
1.10166	312	140	208
1.10463	313	142	1408
1.11038	314	140	1408
1.11411	315	136	208
1.11708	316	138	1408
1.12283	317	135	1408
1.12321	318	129	208
1.12953	319	133	1408
1.13528	320	132	1408
1.13901	321	128	208
1.14198	322	129	1408
1.14773	323	127	1408
1.15146	324	123	208
1.15443	325	125	1408
1.16018	326	124	1408
1.16391	327	119	208
1.16688	328	121	1408
1.17263	329	119	1408
1.17636	330	115	208
1.17933	331	117	1408
1.18508	332	115	1408
1.18881	333	111	208
1.19178	334	113	1408
1.19753	335	111	1408
1.20126	336	107	208
1.20423	337	109	1408
1.20711	338	104	1408
1.21371	339	103	208
1.21668	340	104	1408
1.22243	341	103	1408
1.22616	342	99	208
1.22913	343	101	1408
1.23488	344	98	1408
1.24148	345	97	208
1.2478	346	102	1408
1.25355	347	101	1408
1.25728	348	97	208
1.26313	349	102	1408
1.26935	350	100	1408
1.27261	351	95	208
1.27893	352	100	1408
1.28468	353	98	1408
1.2884	354	95	208
1.29425	355	100	1408
1.29713	356	99	1408
1.30085	357	99	208
1.30383	358	102	1408
1.3067	359	102	1408
1.30996	360	102	208
1.31293	361	104	1408
1.3158	362	104	1408
1.31953	363	105	208
1.3225	364	108	1408
1.32538	365	108	1408
1.32863	366	107	208
1.33161	367	110	1408
1.33783	368	113	1408
1.34108	369	114	208
1.34406	370	116	1408
1.35028	371	119	1408
1.35066	372	116	208
1.35363	373	119	1408
1.35938	374	122	1408
1.35976	375	119	208
1.36273	376	121	1408
1.36896	377	124	1408
1.36934	378	122	208
1.37231	379	124	1408
1.37806	380	127	1408
1.37844	381	124	208
1.38141	382	127	1408
1.38764	383	130	1408
1.38802	384	128	208
1.39099	385	129	1408
1.39674	386	132	1408
1.39712	387	130	208
1.40009	388	133	1408
1.40631	389	136	1408
1.40669	390	132	208
1.40967	391	135	1408
1.41542	392	138	1408
1.41627	393	136	208
1.42212	394	141	1408
1.42787	395	141	1408
1.43159	396	140	208
1.43457	397	142	1408
1.44032	398	143	1408
1.44117	399	139	208
1.44702	400	144	1408
1.45277	401	144	1408
1.45362	402	140	208
1.45659	403	142	1408
1.46522	404	146	1408
1.46894	405	144	208
1.47192	406	146	1408
1.47814	407	148	1408
1.48427	408	149	208
1.48724	409	151	1408
1.49634	410	155	1408
1.50007	411	154	208
1.50305	412	156	1408
1.5088	413	156	1408
1.51541	414	158	208
1.51838	415	160	1408
1.52461	416	161	1408
1.52499	417	157	208
1.53083	418	162	1408
1.53706	419	166	1408
1.53744	420	162	208
1.54041	421	164	1408
1.54617	422	166	1408
1.54655	423	162	208
1.54952	424	165	1408
1.55239	425	164	1408
1.55613	426	164	208
1.56197	427	169	1408
1.56485	428	168	1408
1.56858	429	168	208
1.57155	430	170	1408
1.57443	431	169	1408
1.57769	432	169	208
1.58066	433	171	1408
1.58353	434	170	1408
1.58727	435	170	208
1.59024	436	173	1408
1.59599	437	174	1408
1.59972	438	174	208
1.60269	439	176	1408
1.60845	440	179	1408
1.61218	441	179	208
1.61515	442	181	1408
1.6209	443	182	1408
1.62128	444	179	208
1.62425	445	182	1408
1.62761	446	181	1408
1.63374	447	183	208
1.63671	448	186	1408
1.63959	449	185	1408
1.64332	450	185	208
1.64629	451	187	1408
1.64917	452	186	1408
1.65242	453	186	208
1.65539	454	188	1408
1.65827	455	187	1408
1.662	456	187	208
1.66497	457	189	1408
1.66785	458	188	1408
1.66823	459	185	208
1.67408	460	190	1408
1.67695	461	189	1408
1.67733	462	186	208
1.68031	463	188	1408
1.68653	464	190	1408
1.68979	465	189	208
1.69276	466	192	1408
1.69564	467	191	1408
1.69937	468	191	208
1.70234	469	194	1408
1.70809	470	196	1408
1.70847	471	192	208
1.71145	472	194	1408
1.71767	473	196	1408
1.71805	474	194	208
1.7239	475	198	1408
1.72678	476	197	1408
1.73051	477	197	208
1.73348	478	200	1408
1.73636	479	199	1408
1.73961	480	198	208
1.74594	481	202	1408
1.75169	482	203	1408
1.75542	483	200	208
1.75839	484	200	1408
1.76462	485	200	1408
1.76788	486	200	208
1.77373	487	203	1408
1.77995	488	202	1408
1.78321	489	203	208
1.78618	490	205	1408
1.79241	491	206	1408
1.79279	492	203	208
1.79576	493	205	1408
1.80151	494	207	1408
1.80525	495	207	208
1.81109	496	209	1408
1.81397	497	208	1408
1.8177	498	208	208
1.82067	499	209	1408
1.82643	500	212	1408
1.82681	501	208	208
1.82978	502	209	1408
1.83601	503	213	1408
1.83639	504	209	208
1.83936	505	209	1408
1.84511	506	209	1408
1.84884	507	209	208
1.85181	508	209	1408
1.85757	509	209	1408
1.85795	510	205	208
1.86092	511	205	1408
1.86715	512	206	1408
1.86753	513	203	208
1.8705	514	205	1408
1.87625	515	207	1408
1.87998	516	206	208
1.88295	517	206	1408
1.88871	518	209	1408
1.88909	519	206	208
1.89541	520	209	1408
1.89829	521	209	1408
1.90154	522	208	208
1.90451	523	209	1408
1.91074	524	212	1408
1.91112	525	209	208
1.91409	526	209	1408
1.91697	527	208	1408
1.92023	528	208	208
1.92655	529	212	1408
1.92943	530	212	1408
1.92981	531	208	208
1.93278	532	210	1408
1.93853	533	212	1408
1.93891	534	208	208
1.94523	535	213	1408
1.94811	536	213	1408
1.94849	537	209	208
1.95434	538	212	1408
1.95721	539	209	1408
1.96095	540	209	208
1.96392	541	211	1408
1.96679	542	209	1408
1.96717	543	207	208
1.97302	544	209	1408
1.9759	545	208	1408
1.97963	546	208	208
1.9826	547	209	1408
1.98548	548	209	1408
1.98873	549	208	208
1.99506	550	209	1408
1.99793	551	206	1408
2.00119	552	206	208
2.00416	553	206	1408
2.01039	554	206	1408
2.01077	555	203	208
2.01662	556	203	1408
2.02285	557	202	1408
2.0261	558	203	208
2.02907	559	203	1408
2.0353	560	203	1408
2.03856	561	203	208
2.04153	562	205	1408
2.04776	563	206	1408
2.04814	564	203	208
2.05734	565	206	1408
2.07267	566	193	1408
2.07593	567	190	208
2.0789	568	193	1408
2.08513	569	194	1408
2.08838	570	191	208
2.09135	571	194	1408
2.09423	572	193	1408
2.09796	573	190	208
2.10093	574	193	1408
2.10381	575	193	1408
2.10707	576	191	208
2.11004	577	194	1408
2.11627	578	193	1408
2.11952	579	191	208
2.12249	580	194	1408
2.12872	581	193	1408
2.1291	582	189	208
2.13207	583	192	1408
2.13783	584	191	1408
2.13821	585	187	208
2.14118	586	190	1408
2.14741	587	190	1408
2.15066	588	188	208
2.15363	589	191	1408
2.15986	590	191	1408
2.16312	591	190	208
2.16609	592	192	1408
2.16897	593	189	1408
2.1727	594	188	208
2.17567	595	190	1408
2.18142	596	191	1408
2.1818	597	186	208
2.18477	598	188	1408
2.191	599	190	1408
2.19426	600	188	208
2.19723	601	190	1408
2.20011	602	188	1408
2.20384	603	186	208
2.20681	604	188	1408
2.20969	605	188	1408
2.21294	606	187	208
2.21591	607	189	1408
2.21879	608	188	1408
2.22252	609	188	208
2.22549	610	191	1408
2.22837	611	190	1408
2.23163	612	189	208
2.2346	613	192	1408
2.23747	614	191	1408
2.24121	615	191	208
2.24418	616	193	1408
2.24705	617	191	1408
2.25031	618	188	208
2.25328	619	191	1408
2.25951	620	190	1408
2.26277	621	187	208
2.26574	622	190	1408
2.27197	623	190	1408
2.27522	624	188	208
2.27819	625	191	1408
2.28442	626	187	1408
2.29391	627	181	208
2.29688	628	184	1408
2.30311	629	184	1408
2.30636	630	181	208
2.30933	631	184	1408
2.31556	632	184	1408
2.31594	633	181	208
2.32179	634	186	1408
2.32802	635	187	1408
2.33127	636	187	208
2.33425	637	189	1408
2.34335	638	193	1408
2.34708	639	191	208
2.35005	640	194	1408
2.35581	641	193	1408
2.35954	642	191	208
2.36251	643	194	1408
2.36539	644	193	1408
2.36864	645	191	208
2.37161	646	194	1408
2.37449	647	193	1408
2.37822	648	191	208
2.38119	649	194	1408
2.38695	650	193	1408
2.39068	651	191	208
2.39365	652	194	1408
2.3994	653	193	1408
2.39978	654	190	208
2.40275	655	192	1408
2.40898	656	193	1408
2.40936	657	188	208
2.41233	658	191	1408
2.41809	659	193	1408
2.42182	660	190	208
2.42479	661	193	1408
2.43054	662	193	1408
2.43092	663	190	208
2.43389	664	192	1408
2.44012	665	194	1408
2.4405	666	191	208
2.44347	667	193	1408
2.44923	668	193	1408
2.45296	669	193	208
2.45593	670	195	1408
2.45881	671	193	1408
2.46206	672	194	208
2.46503	673	196	1408
2.47126	674	197	1408
2.47164	675	194	208
2.47461	676	196	1408
2.48037	677	196	1408
2.48075	678	193	208
2.48372	679	195	1408
2.48995	680	196	1408
2.49033	681	191	208
2.4933	682	194	1408
2.49905	683	194	1408
2.50278	684	190	208
2.50575	685	193	1408
2.50863	686	190	1408
2.51189	687	187	208
2.51486	688	190	1408
2.52109	689	185	1408
2.52147	690	178	208
2.52444	691	181	1408
2.53019	692	181	1408
2.53057	693	175	208
2.53354	694	178	1408
2.53977	695	178	1408
2.54015	696	172	208
2.54312	697	175	1408
2.54887	698	174	1408
2.55261	699	169	208
2.55558	700	172	1408
2.55845	701	168	1408
2.56171	702	166	208
2.56468	703	169	1408
2.56756	704	165	1408
2.56794	705	162	208
2.57139	706	165	1408
2.57714	707	166	1408
2.57752	708	163	208
2.58049	709	165	1408
2.58624	710	165	1408
2.58662	711	159	208
2.58959	712	162	1408
2.59295	713	159	1408
2.5962	714	157	208
2.59917	715	160	1408
2.60205	716	159	1408
2.60531	717	156	208
2.60828	718	159	1408
2.61115	719	158	1408
2.61153	720	153	208
2.61451	721	156	1408
2.62073	722	156	1408
2.62111	723	151	208
2.62409	724	154	1408
2.62984	725	155	1408
2.63022	726	150	208
2.63319	727	153	1408
2.63654	728	152	1408
2.6398	729	150	208
2.64277	730	153	1408
2.64565	731	149	1408
2.6489	732	149	208
2.65187	733	151	1408
2.65475	734	149	1408
2.65561	735	144	208
2.65858	736	147	1408
2.66433	737	150	1408
2.66471	738	144	208
2.66768	739	147	1408
2.67343	740	150	1408
2.67381	741	143	208
2.67679	742	146	1408
2.67966	743	146	1408
2.68339	744	144	208
2.68637	745	147	1408
2.68924	746	144	1408
2.6925	747	144	208
2.69547	748	147	1408
2.69835	749	144	1408
2.6992	750	138	208
2.70217	751	141	1408
2.70793	752	143	1408
2.70831	753	138	208
2.71128	754	141	1408
2.71415	755	141	1408
2.71741	756	138	208
2.72038	757	140	1408
2.72326	758	140	1408
2.72699	759	138	208
2.72996	760	137	1408
2.73284	761	135	1408
2.73609	762	134	208
2.73907	763	136	1408
2.74194	764	133	1408
2.7428	765	129	208
2.74865	766	134	1408
2.75152	767	132	1408
2.7519	768	127	208
2.75487	769	129	1408
2.76063	770	130	1408
2.76101	771	126	208
2.76398	772	127	1408
2.77021	773	129	1408
2.77059	774	124	208
2.77356	775	126	1408
2.77931	776	127	1408
2.77969	777	122	208
2.78266	778	124	1408
2.78554	779	122	1408
2.78927	780	121	208
2.79224	781	123	1408
2.79799	782	123	1408
2.79885	783	120	208
2.80182	784	123	1408
2.80757	785	125	1408
2.81083	786	124	208
2.8138	787	126	1408
2.82003	788	129	1408
2.82041	789	126	208
2.82338	790	128	1408
2.82913	791	130	1408
2.82999	792	126	208
2.83296	793	129	1408
2.83871	794	131	1408
2.84197	795	130	208
2.84494	796	132	1408
2.84829	797	133	1408
2.85155	798	132	208
2.85452	799	134	1408
2.86027	800	136	1408
2.86065	801	132	208
2.8641	802	136	1408
2.86985	803	137	1408
2.87311	804	137	208
2.87608	805	140	1408
2.88519	806	134	1408
2.88557	807	131	208
2.88854	808	134	1408
2.89764	809	137	1408
2.89802	810	134	208
2.90099	811	135	1408
2.90722	812	137	1408
2.91048	813	136	208
2.91345	814	138	1408
2.91633	815	137	1408
2.92006	816	136	208
2.92303	817	138	1408
2.92878	818	139	1408
2.93251	819	138	208
2.93549	820	141	1408
2.94124	821	142	1408
2.94162	822	137	208
2.94459	823	140	1408
2.95082	824	141	1408
2.95407	825	141	208
2.95705	826	143	1408
2.9604	827	141	1408
2.96365	828	140	208
2.96663	829	142	1408
2.97238	830	143	1408
2.97611	831	143	208
2.97908	832	145	1408
2.98483	833	146	1408
2.98569	834	142	208
2.99154	835	147	1408
2.99441	836	146	1408
2.99767	837	144	208
3.00064	838	147	1408
3.00687	839	148	1408
3.00725	840	144	208
3.01022	841	147	1408
3.01597	842	147	1408
3.01971	843	147	208
3.02268	844	149	1408
3.02843	845	150	1408
3.02881	846	146	208
3.03226	847	149	1408
3.03801	848	150	1408
3.04127	849	149	208
3.04424	850	151	1408
3.05047	851	153	1408
3.05372	852	151	208
3.05669	853	153	1408
3.05957	854	152	1408
3.0633	855	151	208
3.06627	856	154	1408
3.07203	857	155	1408
3.07288	858	151	208
3.07873	859	156	1408
3.08448	860	157	1408
3.08486	861	153	208
3.08783	862	155	1408
3.09406	863	158	1408
3.09732	864	156	208
3.10029	865	158	1408
3.10317	866	157	1408
3.1069	867	155	208
3.10987	868	158	1408
3.11562	869	159	1408
3.11648	870	156	208
3.12233	871	161	1408
3.1252	872	159	1408
3.12846	873	158	208
3.13143	874	160	1408
3.13766	875	162	1408
3.14091	876	159	208
3.14389	877	162	1408
3.15011	878	164	1408
3.15049	879	160	208
3.15634	880	165	1408
3.15922	881	162	1408
3.16295	882	161	208
3.16592	883	163	1408
3.17167	884	165	1408
3.17541	885	163	208
3.17838	886	166	1408
3.18413	887	165	1408
3.18786	888	163	208
3.19083	889	166	1408
3.19659	890	165	1408
3.19697	891	161	208
3.19994	892	163	1408
3.20617	893	166	1408
3.20942	894	163	208
3.21239	895	166	1408
3.21862	896	167	1408
3.22188	897	165	208
3.22485	898	168	1408
3.23108	899	169	1408
3.23433	900	166	208
3.23731	901	169	1408
3.24018	902	167	1408
3.24391	903	165	208
3.24689	904	168	1408
3.25264	905	168	1408
3.25637	906	166	208
3.25934	907	169	1408
3.26509	908	169	1408
3.26595	909	165	208
3.2718	910	170	1408
3.27467	911	168	1408
3.27793	912	165	208
3.2809	913	168	1408
3.28713	914	169	1408
3.29039	915	166	208
3.29336	916	169	1408
3.29959	917	170	1408
3.30284	918	168	208
3.30581	919	171	1408
3.31204	920	172	1408
3.31242	921	168	208
3.31827	922	173	1408
3.32115	923	172	1408
3.32488	924	169	208
3.32785	925	172	1408
3.3336	926	171	1408
3.33733	927	171	208
3.34031	928	173	1408
3.34606	929	175	1408
3.34691	930	169	208
3.34989	931	172	1408
3.35564	932	172	1408
3.35889	933	168	208
3.36187	934	171	1408
3.37097	935	174	1408
3.37135	936	172	208
3.37432	937	174	1408
3.38055	938	174	1408
3.38381	939	172	208
3.38678	940	175	1408
3.39301	941	175	1408
3.39626	942	172	208
3.39923	943	175	1408
3.40546	944	175	1408
3.40872	945	172	208
3.41169	946	175	1408
3.41457	947	174	1408
3.4183	948	172	208
3.42127	949	175	1408
3.42702	950	175	1408
3.43075	951	172	208
3.43373	952	175	1408
3.43948	953	174	1408
3.44321	954	172	208
3.44618	955	175	1408
3.45193	956	173	1408
3.45567	957	171	208
3.45864	958	173	1408
3.46774	959	176	1408
3.471	960	173	208
3.47397	961	175	1408
3.4802	962	176	1408
3.48345	963	173	208
3.4869	964	175	1408
3.49553	965	178	1408
3.49926	966	176	208
3.50223	967	178	1408
3.50799	968	177	1408
3.51459	969	178	208
3.51757	970	181	1408
3.52092	971	179	1408
3.52417	972	178	208
3.52715	973	181	1408
3.53337	974	182	1408
3.53663	975	181	208
3.5396	976	183	1408
3.54535	977	184	1408
3.54909	978	184	208
3.55206	979	186	1408
3.55781	980	187	1408
3.56154	981	186	208
3.56451	982	189	1408
3.57027	983	190	1408
3.574	984	187	208
3.57697	985	190	1408
3.58272	986	191	1408
3.58645	987	191	208
3.58943	988	193	1408
3.59518	989	194	1408
3.59891	990	187	208
3.60188	991	190	1408
3.60763	992	191	1408
3.60801	993	188	208
3.61146	994	190	1408
3.61721	995	191	1408
3.62047	996	187	208
3.62344	997	190	1408
3.62679	998	187	1408
3.63005	999	185	208
3.63302	1000	188	1408
3.63877	1001	187	1408
3.63915	1002	184	208
3.6426	1003	186	1408
3.64835	1004	187	1408
3.65161	1005	184	208
3.65458	1006	187	1408
3.66081	1007	187	1408
3.66119	1008	182	208
3.66416	1009	185	1408
3.66991	1010	183	1408
3.67365	1011	181	208
3.67662	1012	184	1408
3.68237	1013	184	1408
3.6861	1014	179	208
3.68907	1015	182	1408
3.69195	1016	177	1408
3.69521	1017	175	208
3.69818	1018	178	1408
3.70441	1019	177	1408
3.70766	1020	172	208
3.71063	1021	175	1408
3.71686	1022	174	1408
3.72012	1023	172	208
3.72309	1024	175	1408
3.72932	1025	172	1408
3.73257	1026	171	208
3.73555	1027	173	1408
3.74177	1028	174	1408
3.74503	1029	172	208
3.748	1030	175	1408
3.75423	1031	175	1408
3.75749	1032	172	208
3.76046	1033	175	1408
3.76669	1034	174	1408
3.76994	1035	172	208
3.77291	1036	175	1408
3.77914	1037	175	1408
3.7824	1038	172	208
3.78537	1039	175	1408
3.7916	1040	174	1408
3.79485	1041	172	208
3.79783	1042	175	1408
3.80405	1043	175	1408
3.80731	1044	172	208
3.81028	1045	175	1408
3.81651	1046	175	1408
3.81977	1047	172	208
3.82274	1048	175	1408
3.82561	1049	173	1408
3.82935	1050	172	208
3.83232	1051	175	1408
3.83807	1052	175	1408
3.8418	1053	174	208
3.84477	1054	176	1408
3.85053	1055	177	1408
3.85426	1056	176	208
3.85723	1057	179	1408
3.86011	1058	177	1408
3.86336	1059	175	208
3.86633	1060	178	1408
3.87256	1061	178	1408
3.87582	1062	175	208
3.87879	1063	178	1408
3.88502	1064	180	1408
3.88827	1065	178	208
3.89125	1066	181	1408
3.89747	1067	181	1408
3.90073	1068	178	208
3.9037	1069	181	1408
3.90993	1070	180	1408
3.91031	1071	177	208
3.91616	1072	182	1408
3.91903	1073	181	1408
3.92277	1074	178	208
3.92574	1075	181	1408
3.93149	1076	181	1408
3.93522	1077	179	208
3.93819	1078	182	1408
3.94395	1079	180	1408
3.94768	1080	178	208
3.95065	1081	181	1408
3.9564	1082	181	1408
3.96013	1083	179	208
3.96311	1084	182	1408
3.96886	1085	180	1408
3.97259	1086	178	208
3.97556	1087	181	1408
3.98131	1088	181	1408
3.98505	1089	179	208
3.98802	1090	182	1408
3.99377	1091	180	1408
3.9975	1092	178	208
4.00047	1093	181	1408
4.00623	1094	181	1408
4.00996	1095	178	208
4.01293	1096	181	1408
4.01868	1097	181	1408
4.02241	1098	178	208
4.02539	1099	181	1408
4.03114	1100	181	1408
4.03487	1101	178	208
4.03784	1102	181	1408
4.04359	1103	181	1408
4.04733	1104	182	208
4.0503	1105	184	1408
4.05605	1106	184	1408
4.05978	1107	181	208
4.06275	1108	184	1408
4.06851	1109	184	1408
4.07224	1110	182	208
4.07521	1111	185	1408
4.08096	1112	183	1408
4.08134	1113	181	208
4.08431	1114	183	1408
4.09054	1115	183	1408
4.09427	1116	181	208
4.10012	1117	186	1408
4.10587	1118	185	1408
4.10625	1119	180	208
4.1097	1120	182	1408
4.11833	1121	185	1408
4.11919	1122	180	208
4.12503	1123	185	1408
4.13079	1124	184	1408
4.13164	1125	179	208
4.13749	1126	184	1408
4.14324	1127	184	1408
4.14697	1128	181	208
4.14995	1129	183	1408
4.1557	1130	183	1408
4.15943	1131	181	208
4.1624	1132	183	1408
4.16815	1133	183	1408
4.17189	1134	181	208
4.17486	1135	184	1408
4.18061	1136	185	1408
4.18099	1137	180	208
4.18396	1138	183	1408
4.19019	1139	185	1408
4.19345	1140	184	208
4.19642	1141	186	1408
4.20265	1142	187	1408
4.2059	1143	184	208
4.20887	1144	187	1408
4.2151	1145	187	1408
4.21836	1146	185	208
4.22133	1147	188	1408
4.22756	1148	187	1408
4.23081	1149	184	208
4.23379	1150	187	1408
4.24001	1151	187	1408
4.24327	1152	185	208
4.24624	1153	188	1408
4.25247	1154	187	1408
4.25573	1155	184	208
4.2587	1156	187	1408
4.26493	1157	187	1408
4.26818	1158	185	208
4.27115	1159	188	1408
4.27451	1160	184	1408
4.27776	1161	181	208
4.28073	1162	184	1408
4.28984	1163	187	1408
4.29309	1164	185	208
4.29607	1165	188	1408
4.29942	1166	184	1408
4.30267	1167	181	208
4.30565	1168	184	1408
4.3114	1169	185	1408
4.31513	1170	185	208
4.3181	1171	187	1408
4.32433	1172	184	1408
4.32759	1173	182	208
4.33056	1174	185	1408
4.33631	1175	186	1408
4.34292	1176	184	208
4.34589	1177	187	1408
4.34877	1178	183	1408
4.3525	1179	182	208
4.35547	1180	185	1408
4.36122	1181	184	1408
4.36495	1182	181	208
4.36793	1183	184	1408
4.37368	1184	183	1408
4.37741	1185	182	208
4.38038	1186	185	1408
4.38613	1187	184	1408
4.38987	1188	181	208
4.39284	1189	184	1408
4.39859	1190	184	1408
4.40232	1191	182	208
4.40529	1192	185	1408
4.41105	1193	186	1408
4.4119	1194	181	208
4.41487	1195	184	1408
4.4235	1196	187	1408
4.42723	1197	185	208
4.43021	1198	188	1408
4.43596	1199	187	1408
4.43681	1200	181	208
4.43979	1201	184	1408
4.44841	1202	187	1408
4.45215	1203	185	208
4.45512	1204	188	1408
4.46087	1205	187	1408
4.46173	1206	181	208
4.4647	1207	184	1408
4.47045	1208	184	1408
4.47706	1209	185	208
4.48003	1210	188	1408
4.48578	1211	187	1408
4.48951	1212	184	208
4.49249	1213	187	1408
4.49824	1214	187	1408
4.49862	1215	183	208
4.50159	1216	185	1408
4.50782	1217	187	1408
4.51443	1218	185	208
4.5174	1219	188	1408
4.52315	1220	187	1408
4.52353	1221	183	208
4.5265	1222	185	1408
4.53273	1223	187	1408
4.53599	1224	184	208
4.53896	1225	187	1408
4.54519	1226	187	1408
4.54844	1227	184	208
4.55141	1228	187	1408
4.55764	1229	187	1408
4.5609	1230	184	208
4.56387	1231	187	1408
4.5701	1232	185	1408
4.57335	1233	184	208
4.57633	1234	186	1408
4.58255	1235	187	1408
4.58581	1236	184	208
4.58878	1237	187	1408
4.59213	1238	184	1408
4.59539	1239	182	208
4.59836	1240	185	1408
4.60411	1241	184	1408
4.60785	1242	181	208
4.61082	1243	184	1408
4.61657	1244	184	1408
4.61695	1245	178	208
4.61992	1246	181	1408
4.62615	1247	181	1408
4.62941	1248	178	208
4.63238	1249	181	1408
4.63573	1250	179	1408
4.63899	1251	175	208
4.64196	1252	178	1408
4.64771	1253	177	1408
4.65144	1254	175	208
4.65441	1255	178	1408
4.65729	1256	177	1408
4.66055	1257	172	208
4.66352	1258	175	1408
4.66975	1259	174	1408
4.673	1260	173	208
4.67597	1261	175	1408
4.67885	1262	174	1408
4.68258	1263	172	208
4.68555	1264	175	1408
4.69131	1265	171	1408
4.69504	1266	170	208
4.69801	1267	173	1408
4.70376	1268	171	1408
4.70749	1269	169	208
4.71047	1270	172	1408
4.71334	1271	171	1408
4.7166	1272	169	208
4.71957	1273	172	1408
4.72867	1274	171	1408
4.73241	1275	169	208
4.73538	1276	172	1408
4.74113	1277	171	1408
4.74486	1278	168	208
4.74783	1279	171	1408
4.75359	1280	170	1408
4.75732	1281	168	208
4.76029	1282	170	1408
4.76604	1283	170	1408
4.76977	1284	167	208
4.77275	1285	169	1408
4.7785	1286	169	1408
4.78223	1287	167	208
4.7852	1288	169	1408
4.79095	1289	168	1408
4.79469	1290	166	208
4.79766	1291	168	1408
4.80341	1292	168	1408
4.80714	1293	166	208
4.81011	1294	169	1408
4.81587	1295	169	1408
4.8196	1296	168	208
4.82257	1297	171	1408
4.82832	1298	172	1408
4.8287	1299	168	208
4.83167	1300	170	1408
4.8379	1301	171	1408
4.84116	1302	171	208
4.84413	1303	173	1408
4.85036	1304	175	1408
4.85074	1305	170	208
4.85371	1306	173	1408
4.85946	1307	174	1408
4.86319	1308	173	208
4.86617	1309	176	1408
4.87192	1310	176	1408
4.8723	1311	173	208
4.87575	1312	175	1408
4.8815	1313	176	1408
4.88475	1314	175	208
4.88773	1315	177	1408
4.89395	1316	177	1408
4.89721	1317	177	208
4.90018	1318	179	1408
4.90353	1319	178	1408
4.90967	1320	178	208
4.91264	1321	181	1408
4.91887	1322	180	1408
4.92212	1323	179	208
4.92509	1324	182	1408
4.92845	1325	178	1408
4.9317	1326	177	208
4.93467	1327	179	1408
4.94043	1328	181	1408
4.94703	1329	179	208
4.95001	1330	182	1408
4.95623	1331	181	1408
4.95949	1332	178	208
4.96246	1333	181	1408
4.96869	1334	181	1408
4.97195	1335	178	208
4.97492	1336	181	1408
4.98115	1337	181	1408
4.9844	1338	178	208
4.98737	1339	181	1408
4.9936	1340	181	1408
4.99686	1341	178	208
4.99983	1342	181	1408
5.00606	1343	181	1408
5.00931	1344	178	208
5.01229	1345	181	1408
5.01851	1346	181	1408
5.02177	1347	178	208
5.02474	1348	181	1408
5.03097	1349	180	1408
5.03423	1350	179	208
5.0372	1351	182	1408
5.04343	1352	181	1408
5.04668	1353	178	208
5.04965	1354	181	1408
5.05301	1355	180	1408
5.05626	1356	178	208
5.05923	1357	181	1408
5.06499	1358	180	1408
5.06872	1359	178	208
5.07169	1360	181	1408
5.07744	1361	182	1408
5.08117	1362	182	208
5.08415	1363	184	1408
5.0899	1364	183	1408
5.09363	1365	181	208
5.0966	1366	184	1408
5.10235	1367	185	1408
5.10273	1368	181	208
5.10571	1369	183	1408
5.11193	1370	184	1408
5.11519	1371	181	208
5.11816	1372	184	1408
5.12439	1373	184	1408
5.12765	1374	183	208
5.13062	1375	185	1408
5.13685	1376	184	1408
5.1401	1377	182	208
5.14307	1378	185	1408
5.1493	1379	184	1408
5.15256	1380	183	208
5.15553	1381	185	1408
5.16176	1382	187	1408
5.16501	1383	185	208
5.16799	1384	187	1408
5.17421	1385	184	1408
5.17747	1386	181	208
5.18044	1387	184	1408
5.18667	1388	184	1408
5.18993	1389	181	208
5.1929	1390	184	1408
5.19913	1391	184	1408
5.20238	1392	181	208
5.20535	1393	184	1408
5.21158	1394	184	1408
5.21484	1395	181	208
5.21781	1396	184	1408
5.22404	1397	185	1408
5.22729	1398	181	208
5.23027	1399	184	1408
5.23649	1400	184	1408
5.23975	1401	181	208
5.24272	1402	184	1408
5.24895	1403	184	1408
5.25221	1404	181	208
5.25518	1405	184	1408
5.26141	1406	184	1408
5.26466	1407	181	208
5.26763	1408	184	1408
5.27386	1409	184	1408
5.29628	1410	160	208
5.29925	1411	163	1408
5.30788	1412	165	1408
5.30826	1413	162	208
5.31123	1414	165	1408
5.31746	1415	165	1408
5.32071	1416	162	208
5.32369	1417	165	1408
5.32991	1418	165	1408
5.33317	1419	163	208
5.33614	1420	166	1408
5.34237	1421	166	1408
5.34563	1422	162	208
5.3486	1423	165	1408
5.35483	1424	165	1408
5.35521	1425	160	208
5.35818	1426	163	1408
5.36441	1427	163	1408
5.36766	1428	159	208
5.37063	1429	162	1408
5.37974	1430	165	1408
5.38012	1431	160	208
5.38597	1432	163	1408
5.39219	1433	163	1408
5.39545	1434	159	208
5.39842	1435	161	1408
5.40465	1436	160	1408
5.40838	1437	157	208
5.41423	1438	162	1408
5.41998	1439	160	1408
5.42371	1440	157	208
5.42669	1441	159	1408
5.43244	1442	158	1408
5.43617	1443	155	208
5.44202	1444	160	1408
5.44825	1445	159	1408
5.4515	1446	155	208
5.45447	1447	158	1408
5.4607	1448	158	1408
5.46396	1449	156	208
5.46693	1450	158	1408
5.47028	1451	157	1408
5.47354	1452	155	208
5.47939	1453	160	1408
5.48226	1454	158	1408
5.49222	1455	153	208
5.49519	1456	156	1408
5.50095	1457	153	1408
5.50468	1458	152	208
5.50765	1459	154	1408
5.5134	1460	155	1408
5.51713	1461	154	208
5.52011	1462	156	1408
5.52586	1463	155	1408
5.52959	1464	153	208
5.53256	1465	156	1408
5.54167	1466	159	1408
5.54492	1467	156	208
5.54789	1468	159	1408
5.55412	1469	160	1408
5.55738	1470	158	208
5.56035	1471	160	1408
5.56658	1472	161	1408
5.56983	1473	159	208
5.57281	1474	161	1408
5.57903	1475	160	1408
5.58229	1476	156	208
5.58526	1477	159	1408
5.58861	1478	156	1408
5.59187	1479	153	208
5.59484	1480	156	1408
5.60059	1481	156	1408
5.60433	1482	150	208
5.6073	1483	153	1408
5.61305	1484	153	1408
5.61678	1485	150	208
5.61975	1486	153	1408
5.62263	1487	150	1408
5.62636	1488	144	208
5.62933	1489	147	1408
5.63509	1490	147	1408
5.63834	1491	144	208
5.64131	1492	147	1408
5.64754	1493	147	1408
5.6508	1494	143	208
5.65377	1495	146	1408
5.65665	1496	143	1408
5.66038	1497	141	208
5.66335	1498	144	1408
5.6691	1499	144	1408
5.67283	1500	137	208
5.67581	1501	140	1408
5.68156	1502	140	1408
5.68817	1503	141	208
5.69114	1504	144	1408
5.69449	1505	141	1408
5.70062	1506	140	208
5.70359	1507	143	1408
5.70982	1508	143	1408
5.7102	1509	138	208
5.71317	1510	141	1408
5.72228	1511	141	1408
5.72553	1512	138	208
5.72851	1513	141	1408
5.73473	1514	140	1408
5.73799	1515	137	208
5.74096	1516	140	1408
5.74719	1517	141	1408
5.75045	1518	138	208
5.75342	1519	141	1408
5.75965	1520	140	1408
5.7629	1521	137	208
5.76587	1522	140	1408
5.7721	1523	141	1408
5.77536	1524	139	208
5.77833	1525	141	1408
5.78456	1526	142	1408
5.78781	1527	140	208
5.79079	1528	142	1408
5.79701	1529	144	1408
5.80027	1530	141	208
5.80324	1531	144	1408
5.80947	1532	144	1408
5.81273	1533	142	208
5.8157	1534	144	1408
5.82193	1535	145	1408
5.82518	1536	144	208
5.82815	1537	146	1408
5.83438	1538	147	1408
5.83764	1539	144	208
5.84061	1540	147	1408
5.84684	1541	147	1408
5.84722	1542	143	208
5.85307	1543	148	1408
5.85594	1544	145	1408
5.86255	1545	141	208
5.86552	1546	144	1408
5.87463	1547	143	1408
5.87836	1548	142	208
5.88133	1549	144	1408
5.88708	1550	144	1408
5.89081	1551	141	208
5.89379	1552	144	1408
5.89954	1553	144	1408
5.90327	1554	141	208
5.90624	1555	144	1408
5.91199	1556	143	1408
5.91573	1557	141	208
5.9187	1558	144	1408
5.92445	1559	143	1408
5.92818	1560	141	208
5.93115	1561	144	1408
5.93738	1562	144	1408
5.94064	1563	141	208
5.94361	1564	144	1408
5.94984	1565	144	1408
5.95597	1566	143	208
5.95894	1567	146	1408
5.96229	1568	144	1408
5.96843	1569	144	208
5.9714	1570	147	1408
5.97763	1571	147	1408
5.98088	1572	143	208
5.98385	1573	146	1408
5.99008	1574	147	1408
5.99334	1575	144	208
5.99631	1576	147	1408
6.00254	1577	147	1408
6.00579	1578	143	208
6.00877	1579	146	1408
6.01499	1580	146	1408
6.01825	1581	143	208
6.02122	1582	145	1408
6.02745	1583	144	1408
6.03406	1584	144	208
6.03703	1585	145	1408
6.04278	1586	143	1408
6.04651	1587	140	208
6.04949	1588	142	1408
6.05859	1589	143	1408
6.06185	1590	139	208
6.06482	1591	141	1408
6.07105	1592	141	1408
6.07765	1593	140	208
6.08063	1594	141	1408
6.08638	1595	140	1408
6.09011	1596	137	208
6.09308	1597	139	1408
6.09883	1598	139	1408
6.10257	1599	137	208
6.10841	1600	142	1408
6.11129	1601	140	1408
6.11502	1602	138	208
6.11799	1603	140	1408
6.12375	1604	140	1408
6.12748	1605	139	208
6.13045	1606	141	1408
6.1362	1607	141	1408
6.13993	1608	139	208
6.14291	1609	141	1408
6.14866	1610	142	1408
6.15239	1611	140	208
6.15536	1612	142	1408
6.16111	1613	143	1408
6.16485	1614	140	208
6.16782	1615	143	1408
6.17357	1616	143	1408
6.1773	1617	142	208
6.18027	1618	144	1408
6.18603	1619	144	1408
6.18976	1620	142	208
6.19273	1621	144	1408
6.19848	1622	145	1408
6.20221	1623	143	208
6.20519	1624	145	1408
6.21094	1625	145	1408
6.21467	1626	143	208
6.21764	1627	146	1408
6.22339	1628	146	1408
6.22713	1629	145	208
6.2301	1630	147	1408
6.23585	1631	146	1408
6.23958	1632	141	208
6.24255	1633	144	1408
6.25166	1634	147	1408
6.25491	1635	143	208
6.25789	1636	146	1408
6.26411	1637	144	1408
6.26737	1638	141	208
6.27034	1639	144	1408
6.27657	1640	143	1408
6.27983	1641	141	208
6.28327	1642	144	1408
6.2919	1643	143	1408
6.29563	1644	142	208
6.29861	1645	144	1408
6.30436	1646	145	1408
6.30809	1647	143	208
6.31106	1648	145	1408
6.31681	1649	145	1408
6.32055	1650	144	208
6.32352	1651	146	1408
6.32927	1652	146	1408
6.333	1653	145	208
6.33597	1654	146	1408
6.34173	1655	146	1408
6.34546	1656	144	208
6.34843	1657	147	1408
6.35418	1658	147	1408
6.35791	1659	144	208
6.36089	1660	147	1408
6.36664	1661	146	1408
6.37037	1662	144	208
6.37334	1663	147	1408
6.37909	1664	147	1408
6.38283	1665	144	208
6.3858	1666	147	1408
6.39203	1667	147	1408
6.39816	1668	147	208
6.40113	1669	150	1408
6.40736	1670	150	1408
6.41061	1671	147	208
6.41359	1672	150	1408
6.41981	1673	149	1408
6.42307	1674	148	208
6.42604	1675	150	1408
6.43227	1676	150	1408
6.43888	1677	147	208
6.44185	1678	150	1408
6.45095	1679	153	1408
6.45421	1680	150	208
6.45718	1681	153	1408
6.46341	1682	153	1408
6.47002	1683	154	208
6.47299	1684	156	1408
6.47874	1685	155	1408
6.48535	1686	153	208
6.48832	1687	156	1408
6.49455	1688	156	1408
6.50116	1689	157	208
6.50413	1690	160	1408
6.50988	1691	158	1408
6.51361	1692	157	208
6.51659	1693	159	1408
6.52569	1694	162	1408
6.52895	1695	159	208
6.53192	1696	162	1408
6.53815	1697	162	1408
6.54475	1698	163	208
6.54773	1699	165	1408
6.55348	1700	165	1408
6.55721	1701	163	208
6.56018	1702	166	1408
6.56593	1703	165	1408
6.56967	1704	163	208
6.57264	1705	166	1408
6.57839	1706	165	1408
6.57925	1707	160	208
6.58222	1708	163	1408
6.58797	1709	162	1408
6.59123	1710	159	208
6.5942	1711	162	1408
6.60043	1712	159	1408
6.60368	1713	156	208
6.60665	1714	159	1408
6.61288	1715	159	1408
6.61614	1716	157	208
6.61911	1717	160	1408
6.62534	1718	159	1408
6.62572	1719	153	208
6.62869	1720	156	1408
6.63779	1721	156	1408
6.64105	1722	150	208
6.64402	1723	153	1408
6.65025	1724	153	1408
6.65063	1725	147	208
6.6536	1726	150	1408
6.66271	1727	149	1408
6.66309	1728	145	208
6.66606	1729	148	1408
6.67516	1730	147	1408
6.67842	1731	143	208
6.68139	1732	145	1408
6.69049	1733	146	1408
6.69423	1734	143	208
6.6972	1735	145	1408
6.70295	1736	143	1408
6.70956	1737	143	208
6.71253	1738	144	1408
6.71876	1739	143	1408
6.72201	1740	140	208
6.72499	1741	141	1408
6.73409	1742	143	1408
6.73782	1743	139	208
6.74079	1744	141	1408
6.74702	1745	141	1408
6.75315	1746	140	208
6.75613	1747	142	1408
6.76235	1748	142	1408
6.76561	1749	140	208
6.76858	1750	142	1408
6.77481	1751	143	1408
6.77807	1752	141	208
6.78104	1753	143	1408
6.78727	1754	144	1408
6.79052	1755	141	208
6.79397	1756	143	1408
6.79972	1757	144	1408
6.80298	1758	142	208
6.80595	1759	144	1408
6.81218	1760	145	1408
6.81543	1761	143	208
6.81841	1762	145	1408
6.82463	1763	146	1408
6.82789	1764	143	208
6.83134	1765	146	1408
6.83997	1766	149	1408
6.84082	1767	144	208
6.84667	1768	149	1408
6.85242	1769	150	1408
6.85328	1770	146	208
6.85913	1771	151	1408
6.86488	1772	150	1408
6.86861	1773	149	208
6.87158	1774	151	1408
6.87733	1775	152	1408
6.88107	1776	150	208
6.88404	1777	152	1408
6.88979	1778	152	1408
6.89352	1779	150	208
6.89649	1780	152	1408
6.9056	1781	153	1408
6.90885	1782	150	208
6.91183	1783	153	1408
6.91805	1784	153	1408
6.92131	1785	147	208
6.92428	1786	150	1408
6.93339	1787	153	1408
6.93712	1788	150	208
6.94009	1789	153	1408
6.94584	1790	149	1408
6.94957	1791	147	208
6.95255	1792	150	1408
6.96165	1793	153	1408
6.96491	1794	150	208
6.96788	1795	153	1408
6.97411	1796	153	1408
6.97736	1797	150	208
6.98033	1798	153	1408
6.98656	1799	152	1408
6.98982	1800	150	208
6.99279	1801	152	1408
6.99902	1802	153	1408
7.00275	1803	150	208
7.00572	1804	153	1408
7.01147	1805	153	1408
7.01808	1806	154	208
7.02105	1807	157	1408
7.02681	1808	155	1408
7.03054	1809	150	208
7.03351	1810	153	1408
7.03974	1811	153	1408
7.04587	1812	153	208
7.04884	1813	156	1408
7.05507	1814	156	1408
7.05833	1815	154	208
7.0613	1816	156	1408
7.06753	1817	156	1408
7.07078	1818	153	208
7.07375	1819	156	1408
7.07998	1820	155	1408
7.08324	1821	154	208
7.08621	1822	156	1408
7.09244	1823	156	1408
7.09905	1824	154	208
7.10202	1825	157	1408
7.10777	1826	156	1408
7.1115	1827	153	208
7.11447	1828	156	1408
7.12023	1829	156	1408
7.12683	1830	153	208
7.12981	1831	156	1408
7.13603	1832	156	1408
7.13929	1833	154	208
7.14226	1834	156	1408
7.14849	1835	156	1408
7.1551	1836	154	208
7.15807	1837	157	1408
7.16382	1838	156	1408
7.16755	1839	153	208
7.17053	1840	156	1408
7.17628	1841	156	1408
7.18289	1842	156	208
7.18586	1843	159	1408
7.19209	1844	160	1408
7.19534	1845	156	208
7.19831	1846	159	1408
7.20454	1847	159	1408
7.2078	1848	156	208
7.21077	1849	159	1408
7.21987	1850	158	1408
7.22361	1851	157	208
7.22658	1852	159	1408
7.23233	1853	159	1408
7.23606	1854	157	208
7.23903	1855	160	1408
7.24814	1856	160	1408
7.25139	1857	156	208
7.25437	1858	159	1408
7.26059	1859	159	1408
7.26385	1860	156	208
7.26682	1861	159	1408
7.27305	1862	160	1408
7.27631	1863	156	208
7.27928	1864	159	1408
7.28551	1865	159	1408
7.28876	1866	156	208
7.29173	1867	159	1408
7.30084	1868	158	1408
7.30457	1869	157	208
7.30754	1870	160	1408
7.31329	1871	159	1408
7.31703	1872	157	208
7.32	1873	159	1408
7.3291	1874	160	1408
7.33236	1875	156	208
7.33533	1876	159	1408
7.34156	1877	159	1408
7.34817	1878	159	208
7.35114	1879	161	1408
7.35689	1880	158	1408
7.36062	1881	155	208
7.36647	1882	160	1408
7.3727	1883	159	1408
7.37595	1884	154	208
7.3794	1885	157	1408
7.38803	1886	159	1408
7.39176	1887	154	208
7.39473	1888	156	1408
7.40384	1889	158	1408
7.40709	1890	154	208
7.41007	1891	156	1408
7.41917	1892	157	1408
7.4229	1893	152	208
7.42587	1894	155	1408
7.43498	1895	158	1408
7.43823	1896	156	208
7.44121	1897	158	1408
7.44743	1898	158	1408
7.45404	1899	160	208
7.45701	1900	162	1408
7.46277	1901	161	1408
7.46937	1902	162	208
7.47235	1903	164	1408
7.47857	1904	164	1408
7.48183	1905	162	208
7.4848	1906	164	1408
7.49391	1907	167	1408
7.49764	1908	165	208
7.50061	1909	167	1408
7.50971	1910	169	1408
7.51632	1911	169	208
7.51929	1912	172	1408
7.52505	1913	172	1408
7.52878	1914	168	208
7.53175	1915	171	1408
7.54085	1916	171	1408
7.54746	1917	172	208
7.55043	1918	175	1408
7.55619	1919	175	1408
7.56279	1920	171	208
7.56577	1921	174	1408
7.57199	1922	174	1408
7.57525	1923	169	208
7.57822	1924	172	1408
7.58445	1925	172	1408
7.58771	1926	168	208
7.59068	1927	171	1408
7.59691	1928	168	1408
7.60016	1929	166	208
7.60313	1930	169	1408
7.60936	1931	166	1408
7.61262	1932	162	208
7.61559	1933	165	1408
7.62182	1934	162	1408
7.62507	1935	160	208
7.62805	1936	163	1408
7.63427	1937	159	1408
7.63753	1938	156	208
7.6405	1939	159	1408
7.64673	1940	159	1408
7.64999	1941	152	208
7.65296	1942	155	1408
7.65919	1943	156	1408
7.66244	1944	150	208
7.66541	1945	153	1408
7.67164	1946	153	1408
7.67537	1947	151	208
7.68122	1948	156	1408
7.68697	1949	152	1408
7.69071	1950	150	208
7.69368	1951	153	1408
7.70278	1952	153	1408
7.70939	1953	150	208
7.71236	1954	153	1408
7.71811	1955	153	1408
7.72185	1956	150	208
7.72482	1957	152	1408
7.73392	1958	153	1408
7.73765	1959	147	208
7.74063	1960	150	1408
7.74925	1961	153	1408
7.75299	1962	147	208
7.75596	1963	150	1408
7.76506	1964	153	1408
7.76832	1965	150	208
7.77129	1966	153	1408
7.77752	1967	153	1408
7.78077	1968	150	208
7.78375	1969	152	1408
7.78997	1970	152	1408
7.79371	1971	150	208
7.79668	1972	153	1408
7.80531	1973	156	1408
7.80904	1974	154	208
7.81201	1975	156	1408
7.81776	1976	155	1408
7.82149	1977	153	208
7.82447	1978	156	1408
7.83357	1979	159	1408
7.83683	1980	156	208
7.8398	1981	158	1408
7.84603	1982	159	1408
7.84928	1983	156	208
7.85225	1984	159	1408
7.85848	1985	159	1408
7.86174	1986	156	208
7.86519	1987	159	1408
7.87381	1988	161	1408
7.87755	1989	156	208
7.88052	1990	159	1408
7.88962	1991	162	1408
7.89288	1992	159	208
7.89585	1993	161	1408
7.90495	1994	162	1408
7.90869	1995	156	208
7.91166	1996	159	1408
7.92076	1997	162	1408
7.92402	1998	160	208
7.92699	1999	162	1408
7.93609	2000	162	1408
7.93983	2001	159	208
7.9428	2002	162	1408
7.9519	2003	162	1408
7.95516	2004	159	208
7.95813	2005	162	1408
7.96723	2006	162	1408
7.97097	2007	159	208
7.97394	2008	162	1408
7.97969	2009	162	1408
7.98342	2010	160	208
7.98639	2011	163	1408
7.99215	2012	162	1408
7.99875	2013	162	208
8.00173	2014	165	1408
8.01706	2015	160	1408
8.02079	2016	155	208
8.02376	2017	157	1408
8.03287	2018	158	1408
8.0366	2019	154	208
8.04245	2020	158	1408
8.0482	2021	156	1408
8.05481	2022	154	208
8.05778	2023	156	1408
8.06688	2024	156	1408
8.07061	2025	152	208
8.07646	2026	157	1408
8.08269	2027	155	1408
8.0893	2028	153	208
8.09227	2029	156	1408
8.09802	2030	155	1408
8.10176	2031	152	208
8.1076	2032	157	1408
8.11383	2033	157	1408
8.11709	2034	155	208
8.12006	2035	157	1408
8.12629	2036	157	1408
8.12954	2037	154	208
8.13251	2038	156	1408
8.14162	2039	159	1408
8.14535	2040	156	208
8.14832	2041	158	1408
8.15407	2042	158	1408
8.15781	2043	155	208
8.16365	2044	160	1408
8.16988	2045	160	1408
8.17314	2046	158	208
8.17611	2047	160	1408
8.18234	2048	160	1408
8.18607	2049	158	208
8.19192	2050	162	1408
8.19767	2051	161	1408
8.2014	2052	159	208
8.20437	2053	161	1408
8.21635	2054	159	1408
8.22009	2055	157	208
8.22306	2056	159	1408
8.23216	2057	160	1408
8.23877	2058	156	208
8.24174	2059	159	1408
8.24749	2060	158	1408
8.2541	2061	157	208
8.25707	2062	160	1408
8.26618	2063	160	1408
8.26991	2064	153	208
8.27288	2065	156	1408
8.28199	2066	158	1408
8.28524	2067	153	208
8.28821	2068	156	1408
8.29732	2069	158	1408
8.30105	2070	154	208
8.30402	2071	157	1408
8.31313	2072	159	1408
8.31638	2073	156	208
8.31936	2074	158	1408
8.32558	2075	158	1408
8.32932	2076	156	208
8.33516	2077	161	1408
8.34091	2078	159	1408
8.34465	2079	156	208
8.34762	2080	159	1408
8.35672	2081	161	1408
8.35998	2082	156	208
8.36295	2083	159	1408
8.37206	2084	162	1408
8.37579	2085	159	208
8.37876	2086	161	1408
8.38451	2087	161	1408
8.39112	2088	159	208
8.39409	2089	162	1408
8.40032	2090	161	1408
8.40405	2091	159	208
8.4099	2092	163	1408
8.419	2093	163	1408
8.42274	2094	159	208
8.42571	2095	162	1408
8.43769	2096	165	1408
8.44429	2097	163	208
8.44727	2098	166	1408
8.45637	2099	168	1408
8.46298	2100	165	208
8.46595	2101	168	1408
8.47505	2102	169	1408
8.48166	2103	169	208
8.48463	2104	171	1408
8.49374	2105	171	1408
8.49699	2106	168	208
8.50332	2107	174	1408
8.50955	2108	172	1408
8.51568	2109	171	208
8.51865	2110	174	1408
8.52775	2111	174	1408
8.53436	2112	175	208
8.53733	2113	177	1408
8.54069	2114	174	1408
8.54682	2115	171	208
8.54979	2116	174	1408
8.55602	2117	174	1408
8.55927	2118	171	208
8.56225	2119	173	1408
8.56847	2120	172	1408
8.57173	2121	168	208
8.5747	2122	171	1408
8.58093	2123	168	1408
8.58419	2124	166	208
8.59051	2125	171	1408
8.59339	2126	168	1408
8.59999	2127	165	208
8.60297	2128	168	1408
8.60872	2129	168	1408
8.61245	2130	162	208
8.61542	2131	165	1408
8.62117	2132	162	1408
8.62491	2133	159	208
8.62788	2134	162	1408
8.63698	2135	159	1408
8.64071	2136	153	208
8.64369	2137	156	1408
8.65232	2138	156	1408
8.65892	2139	152	208
8.66189	2140	155	1408
8.671	2141	155	1408
8.67473	2142	150	208
8.68058	2143	155	1408
8.68681	2144	153	1408
8.69341	2145	150	208
8.69639	2146	152	1408
8.70549	2147	153	1408
8.7121	2148	152	208
8.71507	2149	154	1408
8.72082	2150	150	1408
8.72743	2151	149	208
8.7304	2152	151	1408
8.73951	2153	152	1408
8.74611	2154	150	208
8.74909	2155	152	1408
8.75531	2156	152	1408
8.75905	2157	150	208
8.76489	2158	154	1408
8.77065	2159	154	1408
8.77438	2160	152	208
8.77735	2161	154	1408
8.7831	2162	154	1408
8.78971	2163	154	208
8.79268	2164	156	1408
8.79891	2165	155	1408
8.80264	2166	153	208
8.80849	2167	158	1408
8.81424	2168	158	1408
8.81798	2169	155	208
8.82095	2170	157	1408
8.82718	2171	158	1408
8.83331	2172	158	208
8.83628	2173	160	1408
8.84251	2174	160	1408
8.84624	2175	157	208
8.84921	2176	160	1408
8.85784	2177	161	1408
8.86157	2178	159	208
8.86454	2179	161	1408
8.87365	2180	162	1408
8.88025	2181	160	208
8.88323	2182	163	1408
8.88898	2183	161	1408
8.89559	2184	159	208
8.89856	2185	162	1408
8.90766	2186	162	1408
8.91427	2187	159	208
8.91724	2188	162	1408
8.92347	2189	161	1408
8.93008	2190	160	208
8.93305	2191	163	1408
8.94215	2192	163	1408
8.94589	2193	156	208
8.94886	2194	159	1408
8.95749	2195	161	1408
8.9641	2196	160	208
8.96707	2197	163	1408
8.9733	2198	162	1408
8.97655	2199	159	208
8.97952	2200	161	1408
8.98863	2201	164	1408
8.99236	2202	160	208
8.99533	2203	163	1408
9.00156	2204	162	1408
9.00769	2205	159	208
9.01066	2206	162	1408
9.01977	2207	164	1408
9.0235	2208	162	208
9.02647	2209	164	1408
9.03222	2210	164	1408
9.03883	2211	162	208
9.0418	2212	165	1408
9.05091	2213	167	1408
9.05464	2214	165	208
9.05761	2215	167	1408
9.06384	2216	166	1408
9.06997	2217	165	208
9.07294	2218	168	1408
9.08205	2219	169	1408
9.08578	2220	162	208
9.08875	2221	165	1408
9.09785	2222	167	1408
9.10446	2223	166	208
9.10743	2224	169	1408
9.11366	2225	166	1408
9.12027	2226	163	208
9.12324	2227	166	1408
9.13187	2228	167	1408
9.13848	2229	165	208
9.14145	2230	168	1408
9.15055	2231	168	1408
9.15429	2232	166	208
9.15726	2233	168	1408
9.16301	2234	166	1408
9.16962	2235	162	208
9.17259	2236	165	1408
9.18169	2237	167	1408
9.18543	2238	165	208
9.1884	2239	167	1408
9.1975	2240	169	1408
9.20076	2241	165	208
9.20373	2242	168	1408
9.20996	2243	167	1408
9.21657	2244	166	208
9.21954	2245	169	1408
9.22864	2246	169	1408
9.2319	2247	165	208
9.23487	2248	168	1408
9.24397	2249	170	1408
9.24771	2250	166	208
9.25068	2251	169	1408
9.25978	2252	168	1408
9.26351	2253	166	208
9.26649	2254	169	1408
9.27512	2255	172	1408
9.28172	2256	168	208
9.28469	2257	171	1408
9.2938	2258	171	1408
9.29753	2259	169	208
9.3005	2260	172	1408
9.30961	2261	172	1408
9.31621	2262	169	208
9.31919	2263	172	1408
9.32494	2264	171	1408
9.33155	2265	168	208
9.33452	2266	171	1408
9.34362	2267	172	1408
9.35023	2268	169	208
9.3532	2269	171	1408
9.35943	2270	169	1408
9.36604	2271	168	208
9.36901	2272	170	1408
9.37811	2273	170	1408
9.38472	2274	168	208
9.38769	2275	170	1408
9.39345	2276	168	1408
9.40005	2277	166	208
9.4035	2278	168	1408
9.41261	2279	169	1408
9.41874	2280	167	208
9.42506	2281	172	1408
9.43417	2282	173	1408
9.4379	2283	170	208
9.44375	2284	175	1408
9.4495	2285	175	1408
9.45611	2286	172	208
9.45908	2287	175	1408
9.46531	2288	174	1408
9.47191	2289	172	208
9.47489	2290	175	1408
9.48111	2291	175	1408
9.48725	2292	172	208
9.49022	2293	175	1408
9.49932	2294	175	1408
9.50593	2295	172	208
9.5089	2296	175	1408
9.51513	2297	175	1408
9.52174	2298	172	208
9.52471	2299	175	1408
9.53381	2300	174	1408
9.53419	2301	169	208
9.54004	2302	174	1408
9.54627	2303	172	1408
9.54953	2304	166	208
9.5525	2305	169	1408
9.5616	2306	168	1408
9.56533	2307	166	208
9.56831	2308	168	1408
9.57406	2309	165	1408
9.57779	2310	159	208
9.58076	2311	162	1408
9.58987	2312	162	1408
9.59312	2313	160	208
9.5961	2314	162	1408
9.60232	2315	159	1408
9.60893	2316	156	208
9.6119	2317	159	1408
9.62101	2318	156	1408
9.62426	2319	150	208
9.62723	2320	153	1408
9.63346	2321	150	1408
9.64295	2322	146	208
9.64639	2323	147	1408
9.65502	2324	150	1408
9.65875	2325	146	208
9.6646	2326	150	1408
9.67083	2327	149	1408
9.67409	2328	147	208
9.68041	2329	150	1408
9.68952	2330	150	1408
9.69277	2331	146	208
9.69909	2332	150	1408
9.70485	2333	149	1408
9.70858	2334	146	208
9.71443	2335	150	1408
9.72353	2336	150	1408
9.72726	2337	148	208
9.73024	2338	150	1408
9.73599	2339	148	1408
9.74259	2340	149	208
9.74557	2341	151	1408
9.75179	2342	150	1408
9.7584	2343	150	208
9.76137	2344	152	1408
9.76713	2345	152	1408
9.77374	2346	151	208
9.77671	2347	153	1408
9.78294	2348	153	1408
9.78667	2349	150	208
9.79251	2350	155	1408
9.79827	2351	154	1408
9.802	2352	151	208
9.80785	2353	155	1408
9.81695	2354	155	1408
9.82068	2355	153	208
9.82366	2356	155	1408
9.82988	2357	154	1408
9.83601	2358	153	208
9.84234	2359	156	1408
9.85144	2360	156	1408
9.8547	2361	153	208
9.85815	2362	154	1408
9.86677	2363	156	1408
9.87051	2364	153	208
9.87636	2365	156	1408
9.88546	2366	156	1408
9.88919	2367	154	208
9.89504	2368	156	1408
9.90127	2369	156	1408
9.90788	2370	155	208
9.91085	2371	156	1408
9.91995	2372	156	1408
9.92321	2373	155	208
9.92618	2374	156	1408
9.93241	2375	156	1408
9.93901	2376	157	208
9.94199	2377	156	1408
9.95109	2378	160	1408
9.95435	2379	156	208
9.9578	2380	156	1408
9.96642	2381	159	1408
9.97015	2382	157	208
9.976	2383	160	1408
9.98223	2384	159	1408
9.98549	2385	157	208
9.99181	2386	159	1408
10.0009	2387	160	1408
10.0075	2388	158	208
10.0105	2389	160	1408
10.0167	2390	157	1408
10.0262	2391	158	208
10.0292	2392	160	1408
10.0354	2393	157	1408
10.042	2394	155	208
10.0479	2395	159	1408
10.057	2396	159	1408
10.0602	2397	154	208
10.0665	2398	159	1408
10.0723	2399	156	1408
10.0789	2400	155	208
10.0819	2401	157	1408
10.0881	2402	158	1408
10.0947	2403	157	208
10.0977	2404	159	1408
10.1039	2405	158	1408
10.11	2406	159	208
10.113	2407	161	1408
10.1192	2408	159	1408
10.1259	2409	159	208
10.1288	2410	161	1408
10.1351	2411	161	1408
10.1383	2412	158	208
10.1442	2413	162	1408
10.1533	2414	162	1408
10.157	2415	159	208
10.16	2416	161	1408
10.1691	2417	163	1408
10.1723	2418	160	208
10.1787	2419	162	1408
10.1844	2420	162	1408
10.191	2421	162	208
10.194	2422	162	1408
10.2031	2423	162	1408
10.2068	2424	159	208
10.2127	2425	162	1408
10.2189	2426	162	1408
10.2255	2427	159	208
10.2314	2428	162	1408
10.2529	2429	155	1408
10.2595	2430	153	208
10.2625	2431	155	1408
10.2687	2432	154	1408
10.2753	2433	154	208
10.2783	2434	155	1408
10.2874	2435	157	1408
10.2907	2436	153	208
10.2941	2437	155	1408
10.3027	2438	156	1408
10.3065	2439	153	208
10.3123	2440	157	1408
10.3185	2441	156	1408
10.3252	2442	156	208
10.3281	2443	157	1408
10.4244	2444	82	1408
10.4248	2445	72	208
10.4278	2446	74	1408
10.4306	2447	70	1408
10.431	2448	63	208
10.434	2449	64	1408
10.5076	2450	43	1408
10.5116	2451	40	208
10.5152	2452	43	1408
10.5222	2453	43	1408
10.5276	2454	40	208
10.5312	2455	43	1408
10.5908	2456	43	1408
10.5953	2457	41	208
10.5984	2458	43	1408
10.6054	2459	43	1408
10.6112	2460	41	208
10.6144	2461	43	1408
10.6214	2462	43	1408
10.6268	2463	40	208
10.6304	2464	43	1408
10.6374	2465	43	1408
10.6428	2466	40	208
10.6464	2467	43	1408
10.6534	2468	43	1408
10.6588	2469	40	208
10.6624	2470	43	1408
10.6715	2471	45	1408
10.6754	2472	41	208
10.6785	2473	43	1408
10.6856	2474	43	1408
10.691	2475	41	208
10.6944	2476	43	1408
10.7016	2477	43	1408
10.707	2478	41	208
10.711	2479	44	1408
10.7176	2480	43	1408
10.723	2481	41	208
10.727	2482	44	1408
10.7336	2483	43	1408
10.739	2484	41	208
10.743	2485	44	1408
10.7496	2486	43	1408
10.7551	2487	41	208
10.7587	2488	43	1408
10.7647	2489	43	1408
10.7673	2490	41	208
10.7709	2491	43	1408
10.7762	2492	43	1408
10.782	2493	42	208
10.7849	2494	45	1408
10.7912	2495	46	1408
10.7944	2496	43	208
10.7979	2497	45	1408
10.8065	2498	49	1408
10.8102	2499	47	208
10.8132	2500	49	1408
10.819	2501	49	1408
10.8256	2502	50	208
10.8285	2503	52	1408
10.8348	2504	52	1408
10.838	2505	51	208
10.8415	2506	53	1408
10.8501	2507	56	1408
10.8538	2508	54	208
10.8568	2509	55	1408
10.8659	2510	55	1408
10.8725	2511	52	208
10.8784	2512	57	1408
10.8875	2513	57	1408
10.8941	2514	55	208
10.897	2515	57	1408
10.9033	2516	57	1408
10.9099	2517	56	208
10.9128	2518	58	1408
10.9186	2519	58	1408
10.9252	2520	58	208
10.9282	2521	60	1408
10.9344	2522	60	1408
10.941	2523	60	208
10.944	2524	61	1408
10.9497	2525	61	1408
10.9563	2526	61	208
10.9593	2527	64	1408
10.9684	2528	66	1408
10.9722	2529	64	208
10.9751	2530	66	1408
10.9814	2531	65	1408
10.9875	2532	65	208
10.9905	2533	67	1408
10.9996	2534	70	1408
11.0033	2535	67	208
11.0063	2536	69	1408
11.0125	2537	69	1408
11.0186	2538	69	208
11.0216	2539	71	1408
11.0307	2540	73	1408
11.0344	2541	71	208
11.0374	2542	73	1408
11.0432	2543	73	1408
11.0498	2544	72	208
11.0527	2545	74	1408
11.059	2546	74	1408
11.0656	2547	75	208
11.0685	2548	77	1408
11.0743	2549	76	1408
11.0809	2550	76	208
11.0839	2551	78	1408
11.0901	2552	79	1408
11.0967	2553	78	208
11.0997	2554	80	1408
11.1054	2555	80	1408
11.112	2556	80	208
11.115	2557	82	1408
11.1241	2558	85	1408
11.1279	2559	82	208
11.1308	2560	84	1408
11.1366	2561	83	1408
11.1432	2562	84	208
11.1462	2563	86	1408
11.1524	2564	86	1408
11.159	2565	85	208
11.162	2566	87	1408
11.1682	2567	88	1408
11.1743	2568	88	208
11.1773	2569	90	1408
11.1864	2570	92	1408
11.1901	2571	90	208
11.1931	2572	92	1408
11.1993	2573	92	1408
11.2055	2574	91	208
11.2084	2575	93	1408
11.2147	2576	93	1408
11.2213	2577	94	208
11.2242	2578	96	1408
11.2305	2579	95	1408
11.2366	2580	95	208
11.2396	2581	97	1408
11.2487	2582	99	1408
11.2524	2583	97	208
11.2554	2584	99	1408
11.2611	2585	99	1408
11.2677	2586	98	208
11.2707	2587	100	1408
11.2798	2588	103	1408
11.2836	2589	101	208
11.2865	2590	103	1408
11.2923	2591	102	1408
11.2989	2592	102	208
11.3019	2593	104	1408
11.3081	2594	105	1408
11.3147	2595	104	208
11.3177	2596	106	1408
11.3239	2597	106	1408
11.33	2598	107	208
11.333	2599	109	1408
11.3392	2600	108	1408
11.3458	2601	108	208
11.3488	2602	110	1408
11.3546	2603	110	1408
11.3612	2604	110	208
11.3641	2605	112	1408
11.3704	2606	112	1408
11.377	2607	111	208
11.3799	2608	114	1408
11.3857	2609	113	1408
11.3923	2610	114	208
11.3953	2611	116	1408
11.4044	2612	118	1408
11.4081	2613	116	208
11.4111	2614	118	1408
11.4173	2615	118	1408
11.4234	2616	117	208
11.4264	2617	119	1408
11.4355	2618	122	1408
11.4393	2619	120	208
11.4422	2620	122	1408
11.448	2621	120	1408
11.4546	2622	122	208
11.4576	2623	124	1408
11.4638	2624	125	1408
11.467	2625	124	208
11.47	2626	127	1408
11.4762	2627	127	1408
11.48	2628	125	208
11.4829	2629	128	1408
11.4916	2630	131	1408
11.4953	2631	130	208
11.4983	2632	133	1408
11.5074	2633	136	1408
11.5106	2634	134	208
11.5136	2635	137	1408
11.5198	2636	138	1408
11.5264	2637	139	208
11.5294	2638	142	1408
11.5385	2639	146	1408
11.5418	2640	143	208
11.5448	2641	146	1408
11.5539	2642	150	1408
11.5576	2643	148	208
11.5606	2644	151	1408
11.5668	2645	152	1408
11.5763	2646	153	208
11.5792	2647	155	1408
11.5912	2648	158	1408
11.5978	2649	156	208
11.6008	2650	158	1408
11.6104	2651	159	1408
11.6199	2652	160	208
11.6228	2653	161	1408
11.6348	2654	165	1408
11.6414	2655	163	208
11.6444	2656	165	1408
11.6535	2657	166	1408
11.6601	2658	164	208
11.6631	2659	166	1408
11.6693	2660	166	1408
11.6726	2661	162	208
11.6755	2662	164	1408
11.6818	2663	164	1408
11.685	2664	162	208
11.688	2665	163	1408
11.6942	2666	163	1408
11.6975	2667	160	208
11.7009	2668	162	1408
11.7096	2669	165	1408
11.7133	2670	162	208
11.7163	2671	164	1408
11.722	2672	164	1408
11.7257	2673	160	208
11.7287	2674	163	1408
11.7345	2675	162	1408
11.7382	2676	160	208
11.7412	2677	162	1408
11.7469	2678	160	1408
11.7507	2679	158	208
11.7565	2680	163	1408
11.7599	2681	160	1408
11.766	2682	159	208
11.769	2683	161	1408
11.7752	2684	162	1408
11.7784	2685	159	208
11.7848	2686	164	1408
11.7905	2687	163	1408
11.7971	2688	164	208
11.8006	2689	163	1408
11.8092	2690	166	1408
11.8129	2691	162	208
11.8221	2692	163	1408
11.8312	2693	166	1408
11.8378	2694	163	208
11.8437	2695	162	1408
11.8499	2696	162	1408
11.8565	2697	163	208
11.8624	2698	162	1408
11.8686	2699	162	1408
11.8752	2700	163	208
11.8782	2701	165	1408
11.8873	2702	167	1408
11.8905	2703	164	208
11.8935	2704	166	1408
11.8997	2705	166	1408
11.9064	2706	166	208
11.9093	2707	168	1408
11.9151	2708	168	1408
11.9217	2709	168	208
11.9247	2710	170	1408
11.9309	2711	169	1408
11.9375	2712	170	208
11.9405	2713	172	1408
11.9467	2714	172	1408
11.9528	2715	171	208
11.9558	2716	173	1408
11.962	2717	174	1408
11.9686	2718	174	208
11.9716	2719	176	1408
11.9807	2720	178	1408
11.984	2721	174	208
11.9869	2722	177	1408
11.9932	2723	177	1408
11.9998	2724	175	208
12.0027	2725	178	1408
12.0119	2726	180	1408
12.0185	2727	178	208
12.0214	2728	181	1408
12.0305	2729	181	1408
12.04	2730	178	208
12.043	2731	180	1408
12.0521	2732	181	1408
12.0587	2733	175	208
12.0617	2734	178	1408
12.0708	2735	180	1408
12.0779	2736	175	208
12.0808	2737	178	1408
12.0895	2738	180	1408
12.0961	2739	178	208
12.099	2740	181	1408
12.1081	2741	181	1408
12.1119	2742	178	208
12.1149	2743	180	1408
12.124	2744	183	1408
12.1277	2745	178	208
12.1307	2746	181	1408
12.1393	2747	183	1408
12.1459	2748	181	208
12.1489	2749	184	1408
12.158	2750	186	1408
12.1617	2751	181	208
12.1647	2752	184	1408
12.1738	2753	186	1408
12.1804	2754	185	208
12.1834	2755	188	1408
12.1891	2756	187	1408
12.1957	2757	184	208
12.1987	2758	187	1408
12.2078	2759	187	1408
12.2144	2760	187	208
12.2174	2761	190	1408
12.2236	2762	190	1408
12.2302	2763	188	208
12.2332	2764	191	1408
12.2423	2765	191	1408
12.2489	2766	187	208
12.2519	2767	190	1408
12.261	2768	190	1408
12.2705	2769	187	208
12.2734	2770	189	1408
12.2825	2771	190	1408
12.2891	2772	188	208
12.2921	2773	190	1408
12.3012	2774	190	1408
12.3078	2775	187	208
12.3108	2776	189	1408
12.3199	2777	190	1408
12.3265	2778	187	208
12.3295	2779	189	1408
12.3386	2780	190	1408
12.3452	2781	188	208
12.3486	2782	190	1408
12.3573	2783	190	1408
12.3639	2784	190	208
12.3668	2785	192	1408
12.3731	2786	193	1408
12.3797	2787	191	208
12.3827	2788	194	1408
12.3918	2789	193	1408
12.3955	2790	191	208
12.4013	2791	196	1408
12.4076	2792	194	1408
12.4142	2793	191	208
12.4171	2794	194	1408
12.4258	2795	195	1408
12.4324	2796	194	208
12.4354	2797	197	1408
12.4445	2798	197	1408
12.4511	2799	194	208
12.454	2800	197	1408
12.4631	2801	199	1408
12.4669	2802	193	208
12.4698	2803	196	1408
12.4818	2804	199	1408
12.4884	2805	197	208
12.4914	2806	200	1408
12.5005	2807	199	1408
12.5071	2808	194	208
12.5101	2809	197	1408
12.5192	2810	197	1408
12.5258	2811	193	208
12.5288	2812	196	1408
12.5384	2813	197	1408
12.5478	2814	197	208
12.5508	2815	200	1408
12.5599	2816	199	1408
12.5694	2817	200	208
12.5724	2818	203	1408
12.5815	2819	203	1408
12.5914	2820	203	208
12.5944	2821	206	1408
12.6064	2822	209	1408
12.613	2823	206	208
12.616	2824	209	1408
12.6251	2825	212	1408
12.6322	2826	210	208
12.6351	2827	213	1408
12.6471	2828	216	1408
12.6537	2829	212	208
12.6567	2830	215	1408
12.6624	2831	214	1408
12.669	2832	212	208
12.672	2833	215	1408
12.6811	2834	216	1408
12.6877	2835	212	208
12.6907	2836	215	1408
12.6969	2837	212	1408
12.7035	2838	209	208
12.7065	2839	212	1408
12.7123	2840	209	1408
12.716	2841	206	208
12.719	2842	208	1408
12.7281	2843	207	1408
12.7347	2844	203	208
12.7377	2845	206	1408
12.7434	2846	203	1408
12.75	2847	200	208
12.753	2848	202	1408
12.7592	2849	200	1408
12.7658	2850	197	208
12.7688	2851	200	1408
12.7745	2852	196	1408
12.7845	2853	194	208
12.7875	2854	197	1408
12.7932	2855	193	1408
12.7936	2856	181	208
12.7966	2857	184	1408
12.8028	2858	181	1408
12.8123	2859	178	208
12.8153	2860	181	1408
12.8244	2861	178	1408
12.831	2862	174	208
12.8339	2863	177	1408
12.8431	2864	178	1408
12.8497	2865	174	208
12.8526	2866	177	1408
12.8651	2867	178	1408
12.8717	2868	175	208
12.8747	2869	178	1408
12.8804	2870	178	1408
12.887	2871	175	208
12.89	2872	178	1408
12.8991	2873	178	1408
12.9057	2874	175	208
12.9087	2875	178	1408
12.9274	2876	175	1408
12.934	2877	172	208
12.9369	2878	174	1408
12.9461	2879	175	1408
12.9527	2880	172	208
12.9585	2881	176	1408
12.9676	2882	176	1408
12.9713	2883	171	208
12.9772	2884	176	1408
12.9863	2885	175	1408
12.9929	2886	172	208
12.9959	2887	174	1408
13.005	2888	174	1408
13.0116	2889	174	208
13.0146	2890	176	1408
13.0237	2891	178	1408
13.0274	2892	175	208
13.0304	2893	177	1408
13.0395	2894	179	1408
13.0427	2895	175	208
13.0491	2896	181	1408
13.0548	2897	180	1408
13.0585	2898	177	208
13.0615	2899	179	1408
13.0677	2900	178	1408
13.0739	2901	177	208
13.0768	2902	179	1408
13.0859	2903	180	1408
13.0926	2904	178	208
13.0955	2905	180	1408
13.1046	2906	183	1408
13.1084	2907	178	208
13.1142	2908	183	1408
13.1204	2909	181	1408
13.127	2910	179	208
13.1329	2911	183	1408
13.1453	2912	178	1408
13.152	2913	174	208
13.1578	2914	179	1408
13.164	2915	178	1408
13.1735	2916	175	208
13.1765	2917	177	1408
13.1856	2918	178	1408
13.1922	2919	175	208
13.1952	2920	177	1408
13.2043	2921	178	1408
13.2109	2922	175	208
13.2139	2923	177	1408
13.223	2924	177	1408
13.2296	2925	175	208
13.233	2926	178	1408
13.2416	2927	178	1408
13.2483	2928	178	208
13.2512	2929	180	1408
13.2603	2930	181	1408
13.2669	2931	177	208
13.2699	2932	179	1408
13.2761	2933	180	1408
13.2827	2934	179	208
13.2857	2935	181	1408
13.2948	2936	183	1408
13.2981	2937	180	208
13.3015	2938	182	1408
13.3102	2939	184	1408
13.3168	2940	181	208
13.3197	2941	183	1408
13.3288	2942	184	1408
13.3326	2943	178	208
13.3384	2944	183	1408
13.3446	2945	183	1408
13.3513	2946	179	208
13.3571	2947	184	1408
13.3662	2948	181	1408
13.3762	2949	179	208
13.3791	2950	181	1408
13.3849	2951	180	1408
13.3948	2952	178	208
13.3978	2953	180	1408
13.404	2954	179	1408
13.4135	2955	178	208
13.4165	2956	180	1408
13.4256	2957	181	1408
13.4322	2958	179	208
13.4352	2959	181	1408
13.4443	2960	181	1408
13.4509	2961	177	208
13.4539	2962	179	1408
13.463	2963	181	1408
13.4696	2964	178	208
13.4726	2965	180	1408
13.4817	2966	181	1408
13.4883	2967	178	208
13.4912	2968	180	1408
13.4975	2969	180	1408
13.5041	2970	179	208
13.507	2971	182	1408
13.5162	2972	182	1408
13.5223	2973	181	208
13.5253	2974	184	1408
13.5344	2975	184	1408
13.541	2976	181	208
13.5439	2977	184	1408
13.553	2978	185	1408
13.5597	2979	181	208
13.5626	2980	184	1408
13.5689	2981	184	1408
13.5783	2982	181	208
13.5813	2983	184	1408
13.5904	2984	184	1408
13.597	2985	178	208
13.6	2986	179	1408
13.6091	2987	180	1408
13.6157	2988	177	208
13.622	2989	182	1408
13.6278	2990	178	1408
13.6377	2991	179	208
13.6407	2992	181	1408
13.6498	2993	181	1408
13.6531	2994	175	208
13.656	2995	177	1408
13.6651	2996	177	1408
13.6689	2997	171	208
13.6747	2998	176	1408
13.6781	2999	173	1408
13.6842	3000	172	208
13.6872	3001	174	1408
13.6934	3002	172	1408
13.7	3003	169	208
13.703	3004	170	1408
13.7087	3005	170	1408
13.7125	3006	165	208
13.7183	3007	170	1408
13.7246	3008	168	1408
13.7283	3009	163	208
13.7341	3010	168	1408
13.7399	3011	165	1408
13.7465	3012	162	208
13.7495	3013	164	1408
13.7557	3014	162	1408
13.7623	3015	160	208
13.7681	3016	165	1408
13.7744	3017	165	1408
13.781	3018	159	208
13.784	3019	161	1408
13.7931	3020	163	1408
13.7997	3021	159	208
13.8055	3022	164	1408
13.8146	3023	165	1408
13.8212	3024	159	208
13.8247	3025	161	1408
13.8333	3026	164	1408
13.8399	3027	159	208
13.8462	3028	165	1408
13.852	3029	162	1408
13.8586	3030	162	208
13.8616	3031	164	1408
13.8707	3032	165	1408
13.8773	3033	163	208
13.8803	3034	165	1408
13.8865	3035	165	1408
13.8931	3036	165	208
13.8961	3037	167	1408
13.9023	3038	166	1408
13.9084	3039	165	208
13.9114	3040	167	1408
13.9205	3041	169	1408
13.9271	3042	169	208
13.9301	3043	171	1408
13.9363	3044	170	1408
13.9429	3045	168	208
13.9459	3046	170	1408
13.9521	3047	171	1408
13.9582	3048	169	208
13.9617	3049	171	1408
13.9703	3050	174	1408
13.9769	3051	168	208
13.9804	3052	171	1408
13.989	3053	174	1408
13.9956	3054	171	208
13.9986	3055	173	1408
14.036	3056	162	1408
14.0426	3057	156	208
14.0484	3058	161	1408
14.0546	3059	159	1408
14.0612	3060	157	208
14.0671	3061	162	1408
14.0733	3062	160	1408
14.0799	3063	157	208
14.0829	3064	159	1408
14.092	3065	161	1408
14.0986	3066	158	208
14.1016	3067	160	1408
14.1107	3068	161	1408
14.1173	3069	159	208
14.1231	3070	164	1408
14.1294	3071	162	1408
14.136	3072	160	208
14.139	3073	161	1408
14.1481	3074	163	1408
14.1547	3075	161	208
14.1576	3076	163	1408
14.1639	3077	162	1408
14.17	3078	162	208
14.173	3079	164	1408
14.1821	3080	167	1408
14.1858	3081	164	208
14.1888	3082	166	1408
14.1979	3083	168	1408
14.2011	3084	166	208
14.2046	3085	168	1408
14.2132	3086	170	1408
14.2356	3087	159	208
14.242	3088	159	1408
14.2511	3089	159	1408
14.2605	3090	157	208
14.2635	3091	158	1408
14.2755	3092	159	1408
14.2821	3093	155	208
14.2855	3094	157	1408
14.2975	3095	158	1408
14.307	3096	157	208
14.31	3097	157	1408
14.3191	3098	156	1408
14.3257	3099	154	208
14.3291	3100	157	1408
14.3378	3101	157	1408
14.3444	3102	155	208
14.3474	3103	157	1408
14.3565	3104	158	1408
14.3631	3105	157	208
14.366	3106	159	1408
14.3751	3107	160	1408
14.3817	3108	157	208
14.3847	3109	159	1408
14.3938	3110	160	1408
14.4004	3111	159	208
14.4034	3112	161	1408
14.4125	3113	161	1408
14.4191	3114	160	208
14.4221	3115	162	1408
14.4312	3116	163	1408
14.4378	3117	161	208
14.4408	3118	162	1408
14.4499	3119	163	1408
14.4536	3120	159	208
14.4628	3121	162	1408
14.4719	3122	163	1408
14.4756	3123	159	208
14.4844	3124	162	1408
14.4935	3125	163	1408
14.5001	3126	162	208
14.5093	3127	162	1408
14.5184	3128	163	1408
14.5283	3129	165	208
14.5313	3130	166	1408
14.5404	3131	167	1408
14.5499	3132	168	208
14.5534	3133	169	1408
14.5653	3134	173	1408
14.5719	3135	171	208
14.5778	3136	174	1408
14.5869	3137	175	1408
14.5935	3138	174	208
14.5998	3139	178	1408
14.6089	3140	179	1408
14.6155	3141	178	208
14.6214	3142	181	1408
14.6276	3143	179	1408
14.6342	3144	178	208
14.6401	3145	181	1408
14.6463	3146	179	1408
14.6496	3147	174	208
14.6559	3148	178	1408
14.6616	3149	176	1408
14.6654	3150	172	208
14.6683	3151	174	1408
14.6774	3152	175	1408
14.6812	3153	169	208
14.687	3154	172	1408
14.6961	3155	172	1408
14.6994	3156	166	208
14.7057	3157	165	1408
14.7148	3158	165	1408
14.7181	3159	160	208
14.7273	3160	159	1408
14.7335	3161	157	1408
14.7401	3162	156	208
14.7459	3163	155	1408
14.755	3164	157	1408
14.7617	3165	155	208
14.768	3166	155	1408
14.7771	3167	157	1408
14.7837	3168	155	208
14.7895	3169	156	1408
14.7986	3170	157	1408
14.8053	3171	156	208
14.8116	3172	156	1408
14.8178	3173	156	1408
14.8239	3174	155	208
14.8303	3175	156	1408
14.8394	3176	159	1408
14.8431	3177	156	208
14.8489	3178	159	1408
14.8547	3179	159	1408
14.8613	3180	159	208
14.8643	3181	159	1408
14.8734	3182	162	1408
14.88	3183	161	208
14.883	3184	161	1408
14.8892	3185	162	1408
14.8987	3186	162	208
14.9016	3187	162	1408
14.9141	3188	165	1408
14.9207	3189	160	208
14.9237	3190	161	1408
14.9357	3191	162	1408
14.9423	3192	158	208
14.9486	3193	163	1408
14.9577	3194	161	1408
14.9672	3195	160	208
14.9702	3196	161	1408
14.9826	3197	162	1408
14.9892	3198	161	208
14.9922	3199	163	1408
15.0013	3200	164	1408
15.0079	3201	161	208
15.0109	3202	163	1408
15.02	3203	164	1408
15.0266	3204	163	208
15.0296	3205	165	1408
15.0387	3206	166	1408
15.0453	3207	164	208
15.0482	3208	165	1408
15.0573	3209	166	1408
15.064	3210	164	208
15.0669	3211	165	1408
15.076	3212	167	1408
15.0826	3213	165	208
15.0856	3214	165	1408
15.0947	3215	166	1408
15.1013	3216	165	208
15.1072	3217	169	1408
15.1134	3218	167	1408
15.12	3219	166	208
15.1292	3220	169	1408
15.1383	3221	170	1408
15.142	3222	166	208
15.1508	3223	168	1408
15.1599	3224	169	1408
15.1636	3225	165	208
15.1757	3226	168	1408
15.1819	3227	166	1408
15.1885	3228	165	208
15.1944	3229	165	1408
15.2035	3230	166	1408
15.2101	3231	165	208
15.2164	3232	168	1408
15.2255	3233	169	1408
15.2288	3234	164	208
15.2351	3235	169	1408
15.2442	3236	170	1408
15.2508	3237	168	208
15.2538	3238	168	1408
15.2629	3239	169	1408
15.2695	3240	168	208
15.2724	3241	168	1408
15.2816	3242	169	1408
15.2882	3243	168	208
15.294	3244	172	1408
15.3002	3245	170	1408
15.3068	3246	168	208
15.3127	3247	171	1408
15.3218	3248	172	1408
15.3284	3249	171	208
15.3314	3250	171	1408
15.3405	3251	171	1408
15.3504	3252	172	208
15.3563	3253	174	1408
15.3625	3254	172	1408
15.3691	3255	170	208
15.375	3256	171	1408
15.3874	3257	172	1408
15.394	3258	171	208
15.3999	3259	171	1408
15.409	3260	172	1408
15.4156	3261	171	208
15.4219	3262	171	1408
15.431	3263	173	1408
15.4376	3264	171	208
15.4406	3265	172	1408
15.4497	3266	173	1408
15.4563	3267	172	208
15.4622	3268	172	1408
15.4713	3269	173	1408
15.4779	3270	171	208
15.4813	3271	172	1408
15.49	3272	174	1408
15.4937	3273	171	208
15.5029	3274	174	1408
15.512	3275	177	1408
15.5186	3276	177	208
15.5244	3277	178	1408
15.5335	3278	181	1408
15.5435	3279	182	208
15.5494	3280	181	1408
15.5585	3281	184	1408
15.5622	3282	181	208
15.5714	3283	181	1408
15.5834	3284	183	1408
15.59	3285	178	208
15.593	3286	179	1408
15.6054	3287	181	1408
15.6149	3288	179	208
15.6179	3289	181	1408
15.627	3290	179	1408
15.6336	3291	175	208
15.6365	3292	176	1408
15.6457	3293	174	1408
15.6523	3294	170	208
15.6552	3295	172	1408
15.6643	3296	173	1408
15.6681	3297	169	208
15.671	3298	171	1408
15.6801	3299	171	1408
15.6834	3300	166	208
15.6864	3301	168	1408
15.6926	3302	166	1408
15.6992	3303	165	208
15.7022	3304	166	1408
15.7113	3305	167	1408
15.7145	3306	162	208
15.7209	3307	162	1408
15.7266	3308	160	1408
15.7332	3309	159	208
15.7424	3310	159	1408
15.7515	3311	160	1408
15.7581	3312	159	208
15.7611	3313	159	1408
15.7707	3314	159	1408
15.7802	3315	157	208
15.7894	3316	159	1408
15.7985	3317	160	1408
15.8022	3318	156	208
15.8114	3319	157	1408
15.82	3320	158	1408
15.8266	3321	156	208
15.833	3322	159	1408
15.8392	3323	158	1408
15.8453	3324	156	208
15.8517	3325	159	1408
15.8608	3326	160	1408
15.8674	3327	159	208
15.8703	3328	161	1408
15.8794	3329	162	1408
15.886	3330	161	208
15.889	3331	162	1408
15.8981	3332	163	1408
15.9047	3333	161	208
15.9077	3334	163	1408
15.9168	3335	164	1408
15.9234	3336	162	208
15.9264	3337	164	1408
15.9355	3338	165	1408
15.9421	3339	164	208
15.9451	3340	166	1408
15.9571	3341	169	1408
15.9608	3342	164	208
15.9666	3343	168	1408
15.9729	3344	166	1408
15.9795	3345	165	208
15.9887	3346	168	1408
15.9978	3347	168	1408
16.0044	3348	166	208
16.0102	3349	168	1408
16.0193	3350	168	1408
16.0259	3351	165	208
16.0351	3352	169	1408
16.0414	3353	167	1408
16.048	3354	165	208
16.0538	3355	168	1408
16.0629	3356	169	1408
16.0695	3357	168	208
16.0759	3358	168	1408
16.085	3359	169	1408
16.0916	3360	168	208
16.0945	3361	168	1408
16.1036	3362	169	1408
16.1103	3363	168	208
16.1161	3364	172	1408
16.1252	3365	173	1408
16.1289	3366	168	208
16.1348	3367	171	1408
16.1439	3368	172	1408
16.1476	3369	170	208
16.1535	3370	171	1408
16.1626	3371	174	1408
16.1692	3372	172	208
16.1755	3373	175	1408
16.1813	3374	175	1408
16.1879	3375	174	208
16.1942	3376	175	1408
16.2033	3377	175	1408
16.2099	3378	172	208
16.2191	3379	175	1408
16.2249	3380	174	1408
16.2348	3381	173	208
16.2407	3382	174	1408
16.2498	3383	173	1408
16.2597	3384	172	208
16.2627	3385	173	1408
16.2747	3386	174	1408
16.2818	3387	170	208
16.2876	3388	175	1408
16.2967	3389	173	1408
16.3062	3390	172	208
16.3092	3391	174	1408
16.3183	3392	174	1408
16.3249	3393	172	208
16.3279	3394	174	1408
16.3465	3395	172	1408
16.3531	3396	170	208
16.3561	3397	172	1408
16.3681	3398	175	1408
16.3747	3399	172	208
16.3777	3400	174	1408
16.3901	3401	175	1408
16.3939	3402	170	208
16.3997	3403	174	1408
16.4088	3404	174	1408
16.4154	3405	172	208
16.4184	3406	174	1408
16.4337	3407	174	1408
16.4403	3408	173	208
16.4433	3409	174	1408
16.4553	3410	175	1408
16.4619	3411	172	208
16.4649	3412	174	1408
16.4773	3413	175	1408
16.4868	3414	172	208
16.4898	3415	174	1408
16.5022	3416	175	1408
16.5117	3417	175	208
16.5152	3418	178	1408
16.53	3419	181	1408
16.5366	3420	178	208
16.5396	3421	180	1408
16.5487	3422	180	1408
16.5616	3423	175	208
16.5679	3424	180	1408
16.577	3425	180	1408
16.5836	3426	175	208
16.5866	3427	177	1408
16.5985	3428	180	1408
16.6085	3429	178	208
16.6115	3430	180	1408
16.6206	3431	180	1408
16.6238	3432	174	208
16.6273	3433	177	1408
16.6359	3434	176	1408
16.643	3435	169	208
16.6488	3436	174	1408
16.6546	3437	171	1408
16.6612	3438	166	208
16.6646	3439	168	1408
16.6733	3440	168	1408
16.6799	3441	162	208
16.6829	3442	164	1408
16.692	3443	162	1408
16.6986	3444	156	208
16.7049	3445	161	1408
16.714	3446	158	1408
16.7235	3447	153	208
16.7269	3448	155	1408
16.7389	3449	158	1408
16.7455	3450	156	208
16.7485	3451	158	1408
16.7638	3452	156	1408
16.7704	3453	153	208
16.7763	3454	158	1408
16.7854	3455	158	1408
16.7925	3456	154	208
16.7983	3457	159	1408
16.8103	3458	159	1408
16.8169	3459	156	208
16.8199	3460	158	1408
16.829	3461	160	1408
16.8327	3462	156	208
16.8386	3463	161	1408
16.8477	3464	159	1408
16.8543	3465	159	208
16.8572	3466	161	1408
16.8663	3467	162	1408
16.8729	3468	159	208
16.8764	3469	162	1408
16.885	3470	163	1408
16.895	3471	161	208
16.898	3472	162	1408
16.9099	3473	162	1408
16.9199	3474	160	208
16.9229	3475	161	1408
16.9348	3476	161	1408
16.9448	3477	159	208
16.9507	3478	163	1408
16.9631	3479	164	1408
16.9697	3480	158	208
16.9789	3481	162	1408
16.988	3482	163	1408
16.9946	3483	160	208
17.0005	3484	162	1408
17.0129	3485	162	1408
17.0195	3486	160	208
17.0225	3487	162	1408
17.0316	3488	162	1408
17.0411	3489	162	208
17.0441	3490	164	1408
17.0532	3491	164	1408
17.0598	3492	161	208
17.0632	3493	163	1408
17.0752	3494	166	1408
17.0789	3495	160	208
17.0848	3496	164	1408
17.0939	3497	164	1408
17.1005	3498	162	208
17.1064	3499	166	1408
17.1155	3500	165	1408
17.1225	3501	163	208
17.1284	3502	166	1408
17.1404	3503	166	1408
17.147	3504	162	208
17.1562	3505	166	1408
17.1686	3506	165	1408
17.1752	3507	163	208
17.1816	3508	162	1408
17.1936	3509	165	1408
17.2002	3510	163	208
17.206	3511	166	1408
17.2156	3512	162	1408
17.2251	3513	163	208
17.228	3514	165	1408
17.2371	3515	165	1408
17.2438	3516	161	208
17.2496	3517	165	1408
17.2587	3518	165	1408
17.2653	3519	163	208
17.2716	3520	168	1408
17.2807	3521	165	1408
17.2873	3522	163	208
17.2932	3523	168	1408
17.3023	3524	168	1408
17.3089	3525	164	208
17.3152	3526	169	1408
17.3243	3527	169	1408
17.3309	3528	166	208
17.3368	3529	168	1408
17.3492	3530	169	1408
17.3559	3531	166	208
17.3617	3532	165	1408
17.3742	3533	166	1408
17.3808	3534	163	208
17.3866	3535	165	1408
17.3991	3536	166	1408
17.4057	3537	163	208
17.4115	3538	165	1408
17.4206	3539	165	1408
17.4306	3540	165	208
17.4336	3541	165	1408
17.4455	3542	168	1408
17.4522	3543	166	208
17.4585	3544	169	1408
17.4676	3545	169	1408
17.4742	3546	167	208
17.4834	3547	172	1408
17.4925	3548	172	1408
17.4991	3549	172	208
17.5083	3550	175	1408
17.5174	3551	175	1408
17.524	3552	175	208
17.5299	3553	174	1408
17.539	3554	174	1408
17.5456	3555	174	208
17.5519	3556	175	1408
17.5639	3557	174	1408
17.5738	3558	172	208
17.5768	3559	173	1408
17.5888	3560	173	1408
17.5954	3561	168	208
17.5984	3562	169	1408
17.6075	3563	166	1408
17.6174	3564	163	208
17.6204	3565	164	1408
17.6295	3566	161	1408
17.6361	3567	156	208
17.642	3568	159	1408
17.6482	3569	157	1408
17.6548	3570	154	208
17.6578	3571	155	1408
17.6669	3572	155	1408
17.6701	3573	150	208
17.6765	3574	153	1408
17.6822	3575	150	1408
17.6888	3576	147	208
17.6951	3577	147	1408
17.7071	3578	150	1408
17.7137	3579	147	208
17.7201	3580	151	1408
17.7292	3581	150	1408
17.7358	3582	147	208
17.7416	3583	150	1408
17.7541	3584	151	1408
17.7607	3585	147	208
17.7665	3586	150	1408
17.779	3587	150	1408
17.7856	3588	148	208
17.7886	3589	150	1408
17.7977	3590	150	1408
17.8043	3591	147	208
17.8101	3592	150	1408
17.8192	3593	150	1408
17.8263	3594	148	208
17.8322	3595	150	1408
17.8413	3596	150	1408
17.8507	3597	150	208
17.8537	3598	152	1408
17.8628	3599	151	1408
17.8699	3600	149	208
17.8758	3601	154	1408
17.8849	3602	154	1408
17.8915	3603	151	208
17.8973	3604	156	1408
17.9035	3605	153	1408
17.913	3606	153	208
17.916	3607	154	1408
17.9251	3608	155	1408
17.9322	3609	153	208
17.938	3610	157	1408
17.95	3611	156	1408
17.9566	3612	153	208
17.9629	3613	156	1408
17.9749	3614	155	1408
17.9815	3615	153	208
17.985	3616	155	1408
17.997	3617	158	1408
18.0036	3618	155	208
18.0065	3619	156	1408
18.0185	3620	159	1408
18.0251	3621	157	208
18.0286	3622	156	1408
18.0406	3623	159	1408
18.0472	3624	157	208
18.053	3625	160	1408
18.0621	3626	160	1408
18.0687	3627	157	208
18.0751	3628	160	1408
18.0842	3629	160	1408
18.0908	3630	157	208
18.0966	3631	159	1408
18.1057	3632	159	1408
18.1123	3633	157	208
18.1158	3634	159	1408
18.1278	3635	161	1408
18.1344	3636	159	208
18.1402	3637	162	1408
18.1527	3638	162	1408
18.1564	3639	159	208
18.1651	3640	162	1408
18.1747	3641	159	1408
18.1808	3642	158	208
18.1872	3643	162	1408
18.1991	3644	162	1408
18.2057	3645	161	208
18.2087	3646	162	1408
18.2212	3647	163	1408
18.2307	3648	160	208
18.2336	3649	161	1408
18.2461	3650	162	1408
18.2556	3651	159	208
18.2585	3652	160	1408
18.271	3653	160	1408
18.2805	3654	157	208
18.2868	3655	161	1408
18.2988	3656	161	1408
18.3087	3657	159	208
18.3117	3658	160	1408
18.3208	3659	160	1408
18.3274	3660	158	208
18.3333	3661	162	1408
18.3424	3662	162	1408
18.349	3663	159	208
18.3524	3664	162	1408
18.3644	3665	164	1408
18.371	3666	162	208
18.374	3667	163	1408
18.386	3668	165	1408
18.3897	3669	160	208
18.3956	3670	165	1408
18.4047	3671	164	1408
18.4117	3672	162	208
18.4176	3673	167	1408
18.4267	3674	165	1408
18.4362	3675	163	208
18.4396	3676	165	1408
18.4516	3677	165	1408
18.4644	3678	166	208
18.4674	3679	168	1408
18.4794	3680	168	1408
18.4956	3681	169	208
18.4986	3682	171	1408
18.5105	3683	172	1408
18.5205	3684	169	208
18.5235	3685	171	1408
18.5354	3686	174	1408
18.5454	3687	172	208
18.5484	3688	174	1408
18.5575	3689	174	1408
18.5641	3690	171	208
18.5671	3691	173	1408
18.579	3692	175	1408
18.5856	3693	171	208
18.5886	3694	173	1408
18.5977	3695	171	1408
18.6077	3696	163	208
18.6135	3697	168	1408
18.6226	3698	165	1408
18.6264	3699	159	208
18.6322	3700	164	1408
18.6413	3701	162	1408
18.6479	3702	156	208
18.6509	3703	158	1408
18.6605	3704	153	1408
18.67	3705	150	208
18.6729	3706	152	1408
18.6849	3707	146	1408
18.6949	3708	144	208
18.6978	3709	146	1408
18.7098	3710	146	1408
18.7198	3711	144	208
18.7256	3712	149	1408
18.7347	3713	146	1408
18.7447	3714	146	208
18.7477	3715	148	1408
18.7568	3716	147	1408
18.7663	3717	147	208
18.7692	3718	149	1408
18.7788	3719	148	1408
18.7883	3720	147	208
18.7913	3721	149	1408
18.8032	3722	150	1408
18.8099	3723	147	208
18.8128	3724	149	1408
18.8224	3725	150	1408
18.8319	3726	150	208
18.8349	3727	152	1408
18.844	3728	152	1408
18.8506	3729	150	208
18.8535	3730	152	1408
18.8655	3731	152	1408
18.8755	3732	150	208
18.8785	3733	152	1408
18.8904	3734	153	1408
18.9004	3735	150	208
18.9062	3736	154	1408
18.9187	3737	153	1408
18.9282	3738	149	208
18.9312	3739	151	1408
18.9465	3740	152	1408
18.9565	3741	149	208
18.9594	3742	150	1408
18.9714	3743	149	1408
18.9814	3744	149	208
18.9843	3745	150	1408
18.9963	3746	152	1408
19.0029	3747	148	208
19.0059	3748	150	1408
19.0184	3749	153	1408
19.025	3750	149	208
19.0308	3751	153	1408
19.0399	3752	152	1408
19.0465	3753	149	208
19.0528	3754	154	1408
19.0619	3755	153	1408
19.0686	3756	150	208
19.0744	3757	154	1408
19.0835	3758	153	1408
19.0901	3759	150	208
19.0964	3760	155	1408
19.1055	3761	154	1408
19.115	3762	154	208
19.118	3763	155	1408
19.1271	3764	154	1408
19.1399	3765	153	208
19.1429	3766	155	1408
19.1525	3767	153	1408
19.162	3768	150	208
19.1678	3769	155	1408
19.1774	3770	153	1408
19.1898	3771	153	208
19.1927	3772	155	1408
19.2018	3773	154	1408
19.2118	3774	153	208
19.2148	3775	155	1408
19.2268	3776	156	1408
19.2334	3777	153	208
19.2363	3778	155	1408
19.2488	3779	156	1408
19.2554	3780	153	208
19.2584	3781	155	1408
19.2703	3782	156	1408
19.2803	3783	156	208
19.2833	3784	158	1408
19.2924	3785	156	1408
19.3019	3786	155	208
19.3048	3787	157	1408
19.3144	3788	156	1408
19.3239	3789	155	208
19.3269	3790	157	1408
19.3393	3791	156	1408
19.3488	3792	155	208
19.3518	3793	157	1408
19.3642	3794	157	1408
19.3737	3795	156	208
19.3767	3796	158	1408
19.3892	3797	157	1408
19.3986	3798	156	208
19.4016	3799	158	1408
19.4136	3800	159	1408
19.4236	3801	157	208
19.4265	3802	159	1408
19.4385	3803	161	1408
19.4485	3804	160	208
19.4514	3805	162	1408
19.4634	3806	164	1408
19.4734	3807	163	208
19.4792	3808	168	1408
19.4917	3809	168	1408
19.5012	3810	169	208
19.5041	3811	171	1408
19.5195	3812	175	1408
19.5261	3813	172	208
19.529	3814	174	1408
19.5415	3815	175	1408
19.551	3816	171	208
19.554	3817	173	1408
19.5664	3818	175	1408
19.573	3819	169	208
19.576	3820	170	1408
19.588	3821	168	1408
19.5946	3822	162	208
19.5976	3823	163	1408
19.61	3824	163	1408
19.6166	3825	155	208
19.6225	3826	159	1408
19.6316	3827	155	1408
19.6382	3828	149	208
19.6412	3829	150	1408
19.6503	3830	149	1408
19.6569	3831	145	208
19.6598	3832	147	1408
19.6689	3833	146	1408
19.676	3834	144	208
19.6819	3835	147	1408
19.691	3836	146	1408
19.7038	3837	144	208
19.7068	3838	146	1408
19.7159	3839	145	1408
19.7254	3840	144	208
19.7283	3841	146	1408
19.7408	3842	146	1408
19.7503	3843	144	208
19.7533	3844	146	1408
19.7657	3845	148	1408
19.7723	3846	144	208
19.7782	3847	149	1408
19.7873	3848	148	1408
19.7972	3849	147	208
19.8002	3850	149	1408
19.8122	3851	150	1408
19.8188	3852	146	208
19.8222	3853	149	1408
19.8342	3854	151	1408
19.8408	3855	147	208
19.8438	3856	149	1408
19.8558	3857	151	1408
19.8629	3858	147	208
19.8687	3859	152	1408
19.8778	3860	151	1408
19.8873	3861	151	208
19.8903	3862	153	1408
19.8999	3863	152	1408
19.9093	3864	152	208
19.9123	3865	153	1408
19.9243	3866	155	1408
19.9314	3867	151	208
19.9372	3868	156	1408
19.9492	3869	156	1408
19.9563	3870	151	208
19.9621	3871	156	1408
19.9741	3872	156	1408
19.9807	3873	152	208
19.9837	3874	154	1408
19.9961	3875	156	1408
