0.01	0
0.01	0
0.01	0
0.01	0
0.01	0
0.01	0
0.01	0
0.01	0
0.01	0
0.01	0
0.01	0
0.013	0
0.013	0
0.017	0
0.153796	78
0.155796	78
0.168229	379
0.179661	637
0.180661	637
0.186533	692
0.191533	692
0.192533	692
0.198533	692
0.203533	692
0.204533	692
0.210533	692
0.215533	692
0.216533	692
0.222533	692
0.228533	692
0.228533	692
0.234533	692
0.240533	692
0.241533	692
0.246533	692
0.252533	692
0.253533	692
0.258533	692
0.264533	692
0.265533	692
0.270533	692
0.276501	760
0.277501	760
0.282341	826
0.287341	826
0.287341	826
0.292341	826
0.297773	826
0.297773	826
0.302773	826
0.311421	826
0.311421	826
0.316421	826
0.321637	826
0.321637	826
0.326229	826
0.331197	826
0.331197	826
0.336197	826
0.341157	826
0.342157	826
0.348717	826
0.357805	826
0.357805	826
0.364497	826
0.376465	826
0.376465	826
0.386031	826
0.395125	826
0.395125	826
0.404691	826
0.410911	826
0.410911	826
0.423351	826
0.432445	826
0.432445	826
0.451581	826
0.463549	826
0.463549	826
0.473115	1148
0.476115	1148
0.476115	1148
0.482209	1148
0.485209	1148
0.485209	1148
0.491775	1148
0.494775	1148
0.494775	1148
0.500869	1148
0.503869	1148
0.503869	1148
0.516657	1148
0.519657	1148
0.519657	1148
0.523877	1154
0.526877	1154
0.527877	1154
0.535317	1185
0.538317	1185
0.538317	1185
0.547759	1185
0.550759	1185
0.550759	1185
0.557325	1185
0.560325	1185
0.560325	1185
0.564071	1205
0.567071	1205
0.567071	1205
0.575985	1205
0.578985	1205
0.578985	1205
0.587953	1205
0.597519	1205
0.597519	1205
0.606613	1205
0.622401	1205
0.622401	1205
0.637717	1205
0.653509	1205
0.653509	1205
0.668827	1205
0.678397	1205
0.678397	1205
0.690841	1205
0.700411	1205
0.700411	1205
0.712381	1205
0.721951	1205
0.721951	1205
0.737269	1205
0.746839	1205
0.746839	1205
0.759283	1205
0.765505	1205
0.765505	1205
0.771727	1205
0.775075	1205
0.775075	1205
0.784171	1205
0.790393	1205
0.790393	1205
0.796615	1205
0.802837	1205
0.802837	1205
0.812407	1205
0.815755	1212
0.815755	1212
0.821503	1212
0.828199	1226
0.828199	1226
0.834421	1249
0.837769	1280
0.837769	1280
0.840769	1280
0.843769	1280
0.844769	1280
0.847243	1294
0.850213	1318
0.850213	1318
0.853213	1318
0.856435	1330
0.856435	1330
0.859813	1336
0.86289	1360
0.863516	1360
0.866486	1361
0.868486	1361
0.875582	1369
0.875582	1369
0.878434	1370
0.881404	1393
0.881404	1393
0.885626	1421
0.887626	1421
0.888626	1421
0.89807	1421
0.907166	1421
0.907166	1421
0.920088	1422
0.935418	1422
0.935418	1422
0.948346	1436
0.950346	1436
0.951346	1436
0.963676	1436
0.973252	1436
0.973252	1436
0.98523	1436
0.994806	1441
0.994806	1441
1.00726	1441
1.01684	1441
1.01684	1441
1.02594	1471
1.02794	1471
1.02894	1471
1.03551	1471
1.04462	1486
1.04462	1486
1.05084	1486
1.06282	1486
1.06282	1486
1.06617	1486
1.0724	1486
1.0724	1486
1.0815	1486
1.08773	1486
1.08773	1486
1.09684	1486
1.10306	1486
1.10306	1486
1.11217	1486
1.11504	1486
1.11504	1486
1.12462	1486
1.13373	1486
1.13373	1486
1.13707	1486
1.14293	1486
1.14293	1486
1.14618	1486
1.14905	1486
1.14905	1486
1.15288	1486
1.15575	1505
1.15575	1505
1.15713	1505
1.1601	1520
1.1601	1520
1.16335	1542
1.1668	1542
1.16867	1557
1.16867	1557
1.17105	1567
1.17302	1589
1.17402	1589
1.1769	1616
1.17915	1616
1.17915	1616
1.18112	1616
1.18437	1622
1.18437	1622
1.18734	1643
1.18934	1643
1.18934	1643
1.19234	1643
1.19457	1676
1.19457	1676
1.19782	1676
1.19979	1686
1.19979	1686
1.20279	1686
1.20602	1697
1.20602	1697
1.21224	1703
1.21847	1714
1.21847	1714
1.22182	1740
1.22382	1740
1.22382	1740
1.22804	1758
1.23004	1758
1.23004	1758
1.23427	1758
1.24002	1758
1.24002	1758
1.24672	1764
1.25247	1764
1.25247	1764
1.25917	1764
1.26492	1801
1.26492	1801
1.26629	1801
1.26826	1827
1.26826	1827
1.27126	1827
1.27449	1834
1.27449	1834
1.27784	1865
1.27984	1865
1.27984	1865
1.28359	1865
1.29029	1865
1.29029	1865
1.29316	1865
1.29939	1865
1.29939	1865
1.30274	1865
1.30896	1865
1.30896	1865
1.31471	1865
1.31806	1865
1.31806	1865
1.32428	1865
1.32763	1865
1.32763	1865
1.33339	1865
1.33962	1865
1.33962	1865
1.34249	1865
1.34872	1865
1.34872	1865
1.3516	1865
1.35494	1865
1.35494	1865
1.3607	1865
1.36405	1865
1.36405	1865
1.36692	1865
1.37027	1865
1.37027	1865
1.37363	1865
1.37938	1865
1.37938	1865
1.38272	1865
1.3856	1865
1.3856	1865
1.38895	1865
1.39182	1865
1.39182	1865
1.39805	1865
1.40092	1865
1.40092	1865
1.40427	1866
1.41003	1866
1.41003	1866
1.41626	1884
1.41826	1884
1.41826	1884
1.42051	1921
1.42248	1959
1.42248	1959
1.42448	1959
1.42823	2033
1.42823	2033
1.43061	2033
1.43258	2033
1.43258	2033
1.43458	2033
1.4378	2042
1.4378	2042
1.43918	2073
1.44115	2112
1.44115	2112
1.44315	2112
1.44691	2175
1.44691	2175
1.44891	2175
1.45361	2237
1.45361	2237
1.45561	2237
1.45936	2237
1.45936	2237
1.46174	2237
1.46272	2262
1.46272	2262
1.46472	2262
1.46894	2322
1.46894	2322
1.46932	2322
1.4723	2353
1.4723	2353
1.4733	2353
1.47805	2401
1.47805	2401
1.47905	2401
1.48475	2464
1.48475	2464
1.48575	2464
1.4905	2487
1.4905	2487
1.49136	2519
1.49433	2565
1.49433	2565
1.49533	2565
1.50296	2579
1.50296	2579
1.50396	2579
1.50966	2579
1.50966	2579
1.51066	2579
1.51254	2583
1.51254	2583
1.51354	2583
1.51877	2583
1.51877	2583
1.51977	2583
1.52164	2583
1.52164	2583
1.52264	2583
1.52835	2583
1.52835	2583
1.5341	2583
1.53745	2583
1.53745	2583
1.54368	2583
1.54991	2583
1.54991	2583
1.55614	2583
1.56284	2583
1.56284	2583
1.56859	2583
1.57482	2583
1.57482	2583
1.58392	2583
1.58728	2583
1.58728	2583
1.59638	2583
1.59973	2583
1.59973	2583
1.60884	2583
1.61554	2583
1.61554	2583
1.61842	2583
1.628	2583
1.628	2583
1.63375	2583
1.6371	2583
1.6371	2583
1.64333	2583
1.64956	2583
1.64956	2583
1.65578	2583
1.66201	2583
1.66201	2583
1.66489	2583
1.67159	2583
1.67159	2583
1.67734	2583
1.68405	2583
1.68405	2583
1.68731	2583
1.69028	2583
1.69651	2583
1.69651	2583
1.70647	2583
1.70747	2583
1.70945	2583
1.71567	2583
1.71567	2583
1.71903	2583
1.7219	2583
1.7219	2583
1.72573	2583
1.72611	2583
1.72909	2583
1.72909	2583
1.73244	2583
1.73579	2583
1.73617	2583
1.73617	2583
1.73915	2583
1.74015	2583
1.74538	2583
1.74538	2583
1.74638	2583
1.74638	2583
1.75114	2583
1.75114	2583
1.75252	2583
1.75449	2583
1.75449	2583
1.75737	2583
1.76072	2583
1.76072	2583
1.76158	2583
1.76456	2583
1.76594	2583
1.76791	2583
1.76791	2583
1.76829	2583
1.77126	2583
1.77414	2583
1.77414	2583
1.77797	2583
1.77835	2583
1.78133	2583
1.78133	2583
1.78708	2583
1.79043	2583
1.79043	2583
1.79129	2583
1.79426	2583
1.79714	2583
1.79714	2583
1.80337	2583
1.8071	2583
1.81007	2583
1.81007	2583
1.81295	2583
1.81381	2583
1.81581	2583
1.81678	2583
1.81678	2583
1.82052	2583
1.82152	2583
1.82387	2583
1.82487	2583
1.82685	2583
1.82685	2583
1.83307	2583
1.84503	2583
1.84701	2583
1.86046	2583
1.87282	2583
1.87479	2583
1.88725	2583
1.89983	2583
1.90183	2583
1.91404	2583
1.92649	2583
1.92849	2583
1.94195	2583
1.95341	2583
1.95514	2583
1.96859	2583
1.98058	2583
1.98255	2583
1.99593	2583
2.00766	2583
2.02002	2583
2.0325	2583
2.04587	2583
2.04723	2583
2.0598	2583
2.07227	2583
2.08537	2583
2.09718	2583
2.11061	2583
2.12272	2583
2.12834	2583
2.12934	2583
2.13367	2583
2.13867	2583
2.14225	2583
2.14625	2583
2.15135	2583
2.15561	2583
2.16046	2583
2.16419	2583
2.16819	2583
2.17304	2583
2.17704	2583
2.18114	2583
2.18687	2583
2.19072	2583
2.19572	2583
2.19572	2583
2.20082	2583
2.20456	2583
2.20556	2583
2.2094	2583
2.2134	2583
2.2144	2583
2.21851	2583
2.22351	2583
2.22351	2583
2.22862	2583
2.23284	2583
2.23384	2583
2.23784	2583
2.24195	2583
2.24295	2583
2.24695	2583
2.25197	2583
2.25197	2583
2.25694	2583
2.26094	2583
2.26157	2583
2.26557	2583
2.26957	2583
2.27057	2583
2.27467	2583
2.27967	2583
2.27967	2583
2.28478	2583
2.28841	2583
2.28941	2583
2.29341	2583
2.29741	2583
2.29852	2583
2.30252	2583
2.30747	2395
2.30847	2395
2.31247	2395
2.31721	2395
2.31821	2395
2.32297	2395
2.32732	2395
2.32832	2395
2.33208	2395
2.33784	2395
2.33884	2395
2.3432	2395
2.34796	2395
2.34896	2395
2.35371	2395
2.35707	2395
2.35807	2395
2.36383	2395
2.36759	2395
2.36859	2395
2.37347	2395
2.3787	2395
2.3787	2395
2.38332	2395
2.38817	2395
2.38817	2395
2.39304	2395
2.39827	2395
2.39827	2395
2.40327	2395
2.40885	2395
2.40985	2395
2.4136	2395
2.41833	2395
2.41931	2395
2.42331	2395
2.42844	2395
2.42989	2395
2.43389	2395
2.43889	2395
2.43989	2395
2.44387	2395
2.44847	2395
2.44947	2395
2.45445	2395
2.45805	2395
2.45905	2395
2.4649	2395
2.46878	2395
2.46903	2395
2.47401	2395
2.47801	2395
2.47923	2395
2.48446	2395
2.48934	2395
2.48934	2395
2.49404	2395
2.49904	2395
2.49904	2395
2.50462	2395
2.50937	2395
2.50937	2395
2.51463	2395
2.5196	2395
2.5206	2395
2.52421	2395
2.52918	2395
2.53018	2395
2.53467	2395
2.53964	2395
2.54064	2395
2.54425	2395
2.54925	2395
2.55009	2395
2.55597	2395
2.5592	2395
2.5602	2395
2.5652	2395
2.56978	2395
2.57078	2395
2.57553	2395
2.57926	2395
2.58026	2395
2.58523	2395
2.59081	2395
2.59081	2395
2.59581	2395
2.60082	2395
2.60082	2395
2.60579	2395
2.61002	2395
2.61002	2395
2.61525	2395
2.6206	2395
2.6216	2395
2.62583	2395
2.63058	2395
2.63158	2395
2.63531	2395
2.64029	2395
2.64129	2395
2.64542	2395
2.65087	2395
2.65187	2395
2.65687	2395
2.66085	2395
2.66185	2395
2.66645	2395
2.67043	2395
2.67143	2395
2.67618	2395
2.68088	2395
2.68188	2395
2.68663	2395
2.69046	2395
2.69146	2395
2.69621	2395
2.70147	2395
2.70147	2395
2.70644	2395
2.71167	2395
2.71167	2395
2.7169	2395
2.72151	2395
2.72151	2395
2.72648	2395
2.73123	2395
2.73223	2395
2.73693	2395
2.74193	2395
2.74269	2395
2.74604	2395
2.75104	2395
2.75204	2395
2.75652	2395
2.76149	2395
2.76285	2395
2.7671	2395
2.77107	2395
2.77207	2395
2.77756	2395
2.78153	2395
2.78253	2395
2.78766	2395
2.79163	2395
2.79263	2395
2.79786	2395
2.80209	2395
2.80209	2395
2.80709	2395
2.81267	2395
2.81267	2395
2.81742	2395
2.82215	2395
2.82215	2395
2.82713	2395
2.83288	2395
2.83361	2395
2.83758	2395
2.84246	2395
2.84371	2395
2.84769	2395
2.85291	2395
2.85391	2395
2.85717	2395
2.86249	2395
2.86349	2395
2.86872	2395
2.87272	2395
2.87347	2395
2.87821	2395
2.88218	2395
2.88305	2395
2.88831	2395
2.89276	2395
2.89376	2395
2.89851	2395
2.90374	2395
2.90374	2395
2.90835	2395
2.91332	2395
2.91332	2395
2.91807	2395
2.92377	2395
2.92377	2395
2.92877	2395
2.93335	2395
2.93335	2395
2.93835	2395
2.94336	2395
2.94436	2395
2.94833	2395
2.95356	2395
2.95456	2395
2.95879	2395
2.96367	2395
2.9644	2395
2.96837	2395
2.97312	2395
2.97498	2395
2.97983	2395
2.9837	2395
2.9847	2395
2.98993	2395
2.99393	2395
2.99493	2395
2.99941	2395
3.00339	2395
3.00426	2395
3.00999	2395
3.01497	2395
3.01497	2395
3.01972	2395
3.02442	2395
3.02442	2395
3.02917	2395
3.03453	2395
3.03453	2395
3.03975	2395
3.04401	2395
3.04598	2395
3.04998	2395
3.05456	2395
3.05556	2395
3.05956	2395
3.06405	2395
3.06505	2395
3.06902	2395
3.07463	2395
3.07563	2395
3.0806	2395
3.08435	2395
3.08535	2395
3.09058	2395
3.09458	2395
3.09581	2395
3.10006	2395
3.10491	2395
3.10591	2395
3.11061	2395
3.11561	2395
3.11561	2395
3.1201	2395
3.12507	2395
3.12507	2395
3.1302	2395
3.13517	2395
3.13517	2395
3.1404	2395
3.14563	2395
3.14663	2395
3.15063	2395
3.15521	2395
3.15621	2395
3.16096	2395
3.16569	2395
3.16667	2395
3.17067	2395
3.17577	2395
3.17677	2395
3.18077	2395
3.18525	2395
3.18625	2395
3.19123	2395
3.19545	2395
3.19645	2395
3.20168	2395
3.20556	2395
3.20656	2395
3.21126	2395
3.21526	2395
3.21602	2395
3.22175	2395
3.2266	2395
3.2266	2395
3.23182	2395
3.23682	2395
3.23682	2395
3.24105	2395
3.24628	2395
3.24628	2395
3.25189	2395
3.25686	2395
3.25786	2395
3.26161	2395
3.26632	2395
3.26732	2395
3.27132	2395
3.27642	2395
3.27742	2395
3.28142	2395
3.2869	2395
3.28788	2395
3.29288	2395
3.29648	2395
3.29746	2395
3.30246	2395
3.30621	2395
3.30794	2395
3.31291	2395
3.31604	2395
3.31704	2395
3.32204	2395
3.32724	2395
3.32724	2395
3.33247	2395
3.33747	2395
3.33747	2395
3.34208	2395
3.3478	2395
3.3478	2395
3.35254	2395
3.35751	2395
3.35851	2395
3.36212	2395
3.36796	2395
3.36884	2395
3.3721	2395
3.37707	2395
3.37807	2395
3.3823	2395
3.38752	2395
3.38852	2395
3.39388	2395
3.3971	2395
3.3981	2395
3.40386	2395
3.40759	2395
3.40859	2395
3.41356	2395
3.41769	2395
3.41866	2395
3.42366	2395
3.42815	2395
3.42815	2395
3.43312	2395
3.43873	2395
3.43873	2395
3.44358	2395
3.44845	2395
3.44845	2395
3.45316	2395
3.45816	2395
3.45816	2395
3.46364	2395
3.46849	2395
3.46949	2395
3.47374	2395
3.47872	2395
3.47972	2395
3.48394	2395
3.48817	2395
3.48917	2395
3.49305	2395
3.49875	2395
3.49975	2395
3.50488	2395
3.50886	2395
3.50986	2395
3.51408	2395
3.51831	2395
3.51931	2395
3.52431	2395
3.52889	2395
3.52989	2395
3.53464	2395
3.53938	2395
3.53938	2395
3.54435	2395
3.54945	2395
3.54945	2395
3.55445	2395
3.55906	2395
3.55906	2395
3.56478	2395
3.56952	2395
3.57052	2395
3.57449	2395
3.57962	2395
3.58059	2395
3.58459	2395
3.58982	2395
3.59008	2395
3.59405	2395
3.59905	2395
3.60066	2395
3.60563	2395
3.60976	2395
3.61076	2395
3.61508	2395
3.61996	2395
3.62096	2395
3.62519	2395
3.62919	2395
3.63019	2395
3.63577	2395
3.64052	2395
3.64052	2395
3.64525	2395
3.6501	2395
3.6501	2395
3.65533	2395
3.66033	2395
3.66033	2395
3.66581	2395
3.67066	2395
3.67152	2395
3.67549	2395
3.68024	2395
3.68162	2395
3.68559	2395
3.69082	2395
3.69182	2395
3.69508	2395
3.70005	2395
3.70105	2395
3.70563	2395
3.71063	2395
3.71138	2395
3.71611	2395
3.72008	2395
3.72108	2395
3.72622	2395
3.73019	2395
3.73119	2395
3.73642	2395
3.74064	2395
3.74164	2395
3.74635	2395
3.75122	2395
3.75122	2395
3.75645	2395
3.76145	2395
3.76145	2395
3.76606	2395
3.77178	2395
3.77178	2395
3.77652	2395
3.78149	2395
3.78249	2395
3.78659	2395
3.79159	2395
3.79259	2395
3.79608	2395
3.80105	2395
3.80205	2395
3.80666	2395
3.81163	2395
3.81263	2395
3.81738	2395
3.8277	2395
3.83167	2395
3.83667	2395
3.83729	2395
3.84126	2395
3.84661	2395
3.85131	2395
3.85131	2395
3.85607	2395
3.86613	2346
3.86613	2346
3.86613	2346
3.87236	2346
3.8785	2346
3.88247	2346
3.88347	2346
3.88882	2346
3.89766	2346
3.89766	2346
3.90263	2346
3.90724	2346
3.90824	2346
3.91224	2346
3.91783	2346
3.9228	2346
3.9238	2346
3.92703	2346
3.93228	2346
3.93328	2346
3.93862	2346
3.94388	2346
3.94759	2346
3.95256	2346
3.95356	2346
3.95804	2346
3.96302	2346
3.96302	2346
3.96862	2346
3.9736	2346
3.97486	2346
3.97886	2346
3.98306	2346
3.98831	2346
3.98929	2346
3.99316	2346
3.99887	2346
3.99987	2346
4.00412	2346
4.00909	2346
4.00909	2346
4.01458	2346
4.01958	2346
4.02043	2346
4.02443	2346
4.02954	2346
4.03054	2346
4.03554	2346
4.03902	2346
4.04002	2346
4.04587	2346
4.0506	2346
4.0506	2346
4.05557	2346
4.06068	2346
4.06168	2346
4.06668	2346
4.07016	2346
4.07116	2346
4.07601	2346
4.08101	2346
4.08101	2346
4.08662	2346
4.09133	2346
4.0963	2346
4.10188	2346
4.10589	2346
4.10688	2346
4.11137	2346
4.11635	2346
4.11635	2346
4.12108	2346
4.12631	2346
4.12731	2346
4.13219	2346
4.13694	2346
4.13794	2346
4.14218	2346
4.14718	2346
4.14718	2346
4.15242	2346
4.15988	2203
4.15988	2203
4.16563	2203
4.17427	2203
4.17427	2203
4.17962	2203
4.18485	2203
4.18585	2203
4.19297	2203
4.19723	2203
4.19723	2203
4.2022	2203
4.20844	2203
4.20844	2203
4.21357	2203
4.21954	2203
4.21954	2203
4.22412	2203
4.23012	2203
4.23012	2203
4.23563	2203
4.24163	2203
4.24163	2203
4.24624	2203
4.25108	2203
4.25282	2203
4.25779	2203
4.26254	2203
4.26354	2203
4.26877	2203
4.27312	2203
4.27412	2203
4.27913	2203
4.2841	2203
4.2851	2203
4.29033	2203
4.29556	2203
4.29656	2203
4.30117	2203
4.30614	2203
4.30714	2203
4.31227	2203
4.31724	2203
4.31824	2203
4.32385	2203
4.32857	2203
4.32943	2203
4.33443	2203
4.33928	2203
4.34028	2203
4.34538	2203
4.35038	2203
4.35161	2203
4.35684	2203
4.36184	2203
4.36284	2203
4.36732	2203
4.37229	2203
4.37329	2203
4.37887	2203
4.38387	2203
4.38463	2203
4.3895	2203
4.39473	2203
4.39573	2203
4.40049	2203
4.40522	2203
4.40619	2203
4.41119	2203
4.4163	2203
4.4173	2203
4.42253	2203
4.42775	2203
4.42875	2203
4.43375	2203
4.43824	2203
4.43924	2203
4.44404	2203
4.44904	2203
4.47471	2300
4.47471	2300
4.47806	2300
4.48716	2300
4.48716	2300
4.49252	2300
4.49774	2300
4.49874	2300
4.50397	2300
4.50885	2300
4.50885	2300
4.51355	2300
4.5183	2300
4.51968	2300
4.52466	2300
4.52988	2300
4.52988	2300
4.53411	2300
4.54034	2300
4.54034	2300
4.54657	2300
4.55044	2300
4.55144	2300
4.55615	2300
4.5619	2300
4.56228	2300
4.56725	2300
4.57148	2300
4.57248	2300
4.57771	2300
4.58258	2300
4.58358	2300
4.58829	2300
4.59304	2300
4.59304	2300
4.59839	2300
4.60362	2300
4.60462	2300
4.60985	2300
4.61508	2300
4.61508	2300
4.6213	2300
4.62753	2300
4.62753	2300
4.63288	2300
4.63702	2300
4.63802	2300
4.64334	2300
4.64909	2300
4.64909	2300
4.65492	2300
4.65967	2300
4.66067	2300
4.6659	2300
4.67113	2300
4.67113	2300
4.67736	2300
4.68123	2300
4.68223	2300
4.68794	2583
4.69194	2583
4.69269	2583
4.69604	2583
4.70104	2583
4.70104	2583
4.70653	2583
4.7105	2583
4.7115	2583
4.71525	2583
4.71999	2583
4.72096	2583
4.72496	2583
4.72971	2583
4.72971	2583
4.73441	2583
4.73841	2583
4.73917	2583
4.74352	2583
4.74852	2583
4.74852	2583
4.75352	2583
4.75785	2583
4.75885	2583
4.76285	2583
4.76608	2583
4.76708	2583
4.77131	2583
4.77631	2583
4.77631	2583
4.78179	2583
4.78576	2583
4.78676	2583
4.79037	2583
4.79434	2583
4.79534	2583
4.79947	2583
4.8048	2583
4.8048	2583
4.80967	2583
4.8139	2583
4.8149	2583
4.81878	2583
4.82348	2583
4.82348	2583
4.82923	2583
4.83594	2583
4.83594	2583
4.84081	2583
4.84504	2583
4.84504	2583
4.85127	2583
4.8575	2583
4.8575	2583
4.86237	2583
4.86708	2583
4.86708	2583
4.87283	2583
4.87618	2583
4.87718	2583
4.88241	2583
4.88676	2583
4.88776	2583
4.89102	2583
4.89587	2583
4.89687	2583
4.90012	2583
4.90509	2583
4.90509	2583
4.91032	2583
4.91455	2583
4.91555	2583
4.91943	2583
4.92313	2583
4.92413	2583
4.92888	2583
4.93559	2583
4.93559	2583
4.94134	2583
4.94569	2583
4.94669	2583
4.95092	2583
4.95715	2583
4.95715	2583
4.96337	2583
4.96673	2583
4.96773	2583
4.97248	2583
4.97631	2583
4.97631	2583
4.98206	2583
4.98829	2583
4.98829	2583
4.99216	2583
4.99787	2583
4.99787	2583
5.00362	2583
5.00697	2583
5.00797	2583
5.0132	2583
5.01943	2583
5.01943	2583
5.02378	2583
5.02901	2583
5.02901	2583
5.03476	2583
5.03859	2583
5.03859	2583
5.04434	2583
5.05057	2583
5.05057	2583
5.05444	2583
5.06015	2583
5.06015	2583
5.0659	2583
5.06973	2583
5.06973	2583
5.07548	2583
5.08171	2583
5.08171	2583
5.08558	2583
5.09129	2583
5.09129	2583
5.09704	2583
5.10039	2583
5.10139	2583
5.10662	2583
5.10997	2583
5.11097	2583
5.11572	2583
5.12243	2583
5.12243	2583
5.12818	2583
5.13201	2583
5.13201	2583
5.13776	2583
5.14399	2583
5.14399	2583
5.14724	2583
5.15021	2583
5.15121	2583
5.15447	2583
5.15744	2583
5.15844	2583
5.1617	2583
5.16555	2583
5.16555	2583
5.1699	2583
5.17225	2583
5.17363	2583
5.17663	2583
5.18048	2583
5.18048	2583
5.18435	2583
5.18758	2583
5.18858	2583
5.19193	2583
5.19716	2583
5.19716	2583
5.20291	2583
5.20962	2583
5.20962	2583
5.21537	2583
5.21872	2583
5.21972	2583
5.22207	2583
5.2283	2583
5.2283	2583
5.23405	2583
5.24076	2583
5.24076	2583
5.24663	2583
5.25286	2583
5.25386	2583
5.25909	2583
5.26432	2583
5.26519	2583
5.2719	2583
5.27765	2583
5.27803	2583
5.284	2583
5.28961	2583
5.29058	2583
5.29633	2583
5.30207	2583
5.30304	2583
5.30917	2583
5.31414	2583
5.31514	2583
5.32172	2583
5.32747	2583
5.32833	2583
5.3343	2583
5.33905	2583
5.34005	2583
5.34628	2583
5.35286	2583
5.35386	2583
5.35962	2481
5.36335	2481
5.36435	2481
5.36832	2481
5.37345	2481
5.37345	2481
5.37816	2481
5.38313	2481
5.38313	2481
5.38836	2481
5.39223	2481
5.39323	2481
5.39846	2481
5.40221	2481
5.40359	2481
5.40756	2481
5.41217	2481
5.41217	2481
5.41714	2481
5.42228	2481
5.42228	2481
5.42725	2481
5.43186	2481
5.43286	2481
5.43783	2481
5.44196	2481
5.44293	2481
5.44628	2481
5.45154	2481
5.45154	2481
5.45639	2481
5.46162	2481
5.46162	2481
5.46649	2481
5.47022	2481
5.4712	2481
5.4762	2481
5.48078	2481
5.48178	2481
5.48578	2481
5.49078	2481
5.49078	2481
5.49563	2481
5.50036	2481
5.50036	2481
5.50534	2481
5.50994	2481
5.51094	2481
5.51492	2481
5.51967	2481
5.52067	2481
5.5249	2481
5.5299	2481
5.5299	2481
5.53438	2481
5.53935	2481
5.53935	2481
5.54496	2481
5.54893	2481
5.54993	2481
5.55368	2481
5.55839	2481
5.55939	2481
5.56339	2481
5.56897	2481
5.56897	2481
5.57372	2481
5.57898	2481
5.57898	2481
5.58395	2481
5.58718	2481
5.58818	2481
5.5924	2481
5.59776	2481
5.59876	2481
5.60298	2481
5.60724	2481
5.60724	2481
5.61209	2481
5.61779	2481
5.61779	2481
5.62279	2481
5.62654	2481
5.6278	2481
5.63177	2481
5.63648	2481
5.63748	2481
5.64148	2481
5.64648	2481
5.64648	2481
5.65146	2481
5.65619	2481
5.65619	2481
5.66191	2481
5.66517	2481
5.66617	2481
5.67002	2481
5.67584	2481
5.67684	2481
5.6806	2481
5.68582	2481
5.68582	2481
5.69018	2481
5.69443	2481
5.6954	2481
5.7004	2481
5.70401	2481
5.70598	2481
5.70998	2481
5.71409	2481
5.71509	2481
5.71909	2481
5.7247	2481
5.7247	2481
5.72942	2481
5.73368	2481
5.73468	2481
5.73965	2481
5.74326	2481
5.74426	2481
5.74823	2481
5.75398	2481
5.75471	2481
5.75868	2481
5.76356	2481
5.76356	2481
5.76879	2481
5.77279	2481
5.77302	2481
5.77827	2481
5.78212	2481
5.78312	2481
5.78785	2481
5.7927	2481
5.7937	2481
5.79793	2481
5.80293	2481
5.80293	2481
5.80716	2481
5.81138	2481
5.81238	2481
5.81799	2481
5.82196	2481
5.82296	2481
5.8261	2481
5.83107	2481
5.83207	2481
5.83668	2481
5.84165	2481
5.84165	2481
5.84626	2481
5.85023	2481
5.85123	2481
5.85636	2481
5.86033	2481
5.86133	2481
5.86594	2481
5.87091	2481
5.87191	2481
5.87566	2481
5.88089	2481
5.88089	2481
5.8856	2481
5.8896	2481
5.8906	2481
5.89573	2481
5.89958	2481
5.90045	2481
5.90418	2481
5.90916	2481
5.91003	2481
5.91429	2481
5.91926	2481
5.91926	2481
5.92487	2481
5.92884	2481
5.92984	2481
5.93494	2481
5.93894	2481
5.93994	2481
5.94355	2481
5.94852	2481
5.94952	2481
5.95313	2481
5.9581	2481
5.9581	2481
5.96311	2481
5.96708	2481
5.96808	2481
5.97369	2481
5.97766	2481
5.97866	2481
5.98227	2481
5.98724	2481
5.98824	2481
5.993	2481
5.99722	2481
5.99722	2481
6.0021	2481
6.0068	2481
6.0078	2481
6.01268	2481
6.01691	2481
6.01791	2481
6.02214	2481
6.02649	2481
6.02749	2481
6.03124	2481
6.03607	2481
6.03607	2481
6.04182	2481
6.04705	2481
6.04705	2481
6.0524	2481
6.05663	2481
6.05763	2481
6.06238	2481
6.06621	2481
6.06721	2481
6.07196	2481
6.07819	2481
6.07819	2481
6.08392	2481
6.08789	2481
6.08889	2481
6.09264	2481
6.09787	2481
6.09887	2481
6.1026	2481
6.10758	2481
6.10758	2481
6.11233	2481
6.11656	2481
6.11756	2481
6.12229	2481
6.12614	2481
6.12714	2481
6.13101	2481
6.13624	2481
6.13724	2481
6.14185	2481
6.14682	2481
6.14682	2481
6.15195	2481
6.1554	2481
6.1564	2481
6.16153	2481
6.1655	2481
6.1665	2481
6.17011	2481
6.17508	2481
6.17608	2481
6.18084	2481
6.18506	2481
6.18506	2481
6.19042	2481
6.19464	2481
6.19564	2481
6.20078	2481
6.20422	2481
6.20522	2481
6.20998	2481
6.2152	2481
6.2152	2481
6.22094	2481
6.22491	2481
6.22591	2481
6.22966	2481
6.23489	2481
6.23589	2481
6.23924	2481
6.24447	2481
6.24447	2481
6.24922	2481
6.25357	2481
6.25457	2481
6.25918	2481
6.26315	2481
6.26415	2481
6.26876	2481
6.27461	2481
6.27461	2481
6.27948	2481
6.28371	2481
6.28471	2481
6.28806	2481
6.29329	2481
6.29429	2481
6.29904	2481
6.30387	2481
6.30487	2481
6.30862	2481
6.31398	2481
6.31398	2481
6.31858	2481
6.32443	2481
6.32443	2481
6.32969	2481
6.33354	2481
6.33454	2481
6.33841	2481
6.34312	2481
6.34412	2481
6.34887	2481
6.35322	2481
6.35322	2481
6.35857	2481
6.3628	2481
6.3638	2481
6.36893	2481
6.3729	2481
6.3739	2481
6.37713	2481
6.38336	2481
6.38336	2481
6.38809	2481
6.39206	2481
6.39306	2481
6.39782	2481
6.40204	2481
6.40304	2481
6.4074	2481
6.41262	2481
6.41262	2481
6.41738	2481
6.42173	2481
6.42273	2481
6.42734	2481
6.43318	2481
6.43318	2481
6.43892	2481
6.44289	2481
6.44389	2481
6.44764	2481
6.45287	2481
6.45387	2481
6.45774	2481
6.46245	2481
6.46245	2481
6.4672	2481
6.47155	2481
6.47255	2481
6.47716	2481
6.48113	2481
6.48213	2481
6.48626	2481
6.49171	2481
6.49271	2481
6.49646	2481
6.50169	2481
6.50169	2481
6.50657	2481
6.51127	2481
6.51127	2481
6.51702	2481
6.52185	2481
6.52285	2481
6.5266	2481
6.53283	2481
6.53283	2481
6.53906	2481
6.54529	2481
6.54529	2481
6.55152	2481
6.55774	2481
6.55774	2481
6.56262	2481
6.56732	2481
6.56732	2481
6.57308	2481
6.57978	2481
6.57978	2481
6.58466	2481
6.58888	2481
6.58988	2481
6.59511	2481
6.59946	2481
6.60046	2481
6.60422	2481
6.61092	2481
6.61092	2481
6.6158	2481
6.62002	2481
6.62002	2481
6.62538	2481
6.6296	2481
6.6306	2481
6.63448	2481
6.63918	2481
6.64018	2481
6.64494	2481
6.64929	2481
6.64929	2481
6.65404	2481
6.65887	2481
6.65987	2481
6.66462	2481
6.66985	2481
6.66985	2481
6.67458	2481
6.67943	2481
6.67943	2481
6.6843	2481
6.68853	2481
6.68953	2481
6.69388	2481
6.69811	2481
6.69911	2481
6.70386	2481
6.70869	2481
6.70869	2481
6.71344	2481
6.71967	2481
6.71967	2481
6.72455	2481
6.72925	2481
6.72925	2481
6.73413	2481
6.73836	2481
6.73936	2481
6.74371	2481
6.74894	2481
6.74994	2481
6.75369	2481
6.75852	2481
6.75852	2481
6.76327	2481
6.7695	2481
6.7695	2481
6.77572	2481
6.77908	2481
6.78008	2481
6.7853	2481
6.79153	2481
6.79153	2481
6.79728	2481
6.80111	2481
6.80211	2481
6.80686	2481
6.81309	2481
6.81309	2481
6.81932	2481
6.82367	2481
6.82467	2481
6.8289	2481
6.83513	2481
6.83513	2481
6.84088	2481
6.84471	2481
6.84571	2481
6.85046	2481
6.85669	2481
6.85669	2481
6.86104	2481
6.86627	2481
6.86627	2481
6.87114	2481
6.87585	2481
6.87685	2481
6.8816	2481
6.88595	2481
6.88695	2481
6.89118	2481
6.89553	2481
6.89653	2481
6.90028	2481
6.90699	2481
6.90699	2481
6.91186	2481
6.91609	2481
6.91609	2481
6.92197	2481
6.9252	2481
6.9262	2481
6.93055	2481
6.93578	2481
6.93678	2481
6.941	2481
6.94536	2481
6.94636	2481
6.95011	2481
6.95634	2481
6.95634	2481
6.96169	2481
6.96592	2481
6.96692	2481
6.97079	2481
6.97502	2481
6.97602	2481
6.98037	2481
6.9856	2481
6.9856	2481
6.99035	2481
6.99418	2481
6.99518	2481
7.00093	2481
7.00616	2481
7.00616	2481
7.01104	2481
7.01574	2481
7.01674	2481
7.02062	2481
7.02584	2481
7.02684	2481
7.03107	2481
7.03542	2481
7.03642	2481
7.04018	2481
7.045	2481
7.045	2481
7.05076	2481
7.05598	2481
7.05598	2481
7.06034	2481
7.06556	2481
7.06556	2481
7.07132	2481
7.07802	2481
7.07802	2481
7.08377	2481
7.09048	2481
7.09048	2481
7.09623	2481
7.10293	2481
7.10293	2481
7.10781	2481
7.11204	2481
7.11204	2481
7.11826	2481
7.12262	2481
7.12362	2481
7.12737	2481
7.1322	2481
7.1322	2481
7.13795	2481
7.14318	2481
7.14318	2481
7.14853	2481
7.15276	2481
7.15376	2481
7.15763	2481
7.16234	2481
7.16334	2481
7.16721	2481
7.17244	2481
7.17244	2481
7.17719	2481
7.18102	2481
7.18202	2481
7.18777	2481
7.193	2481
7.193	2481
7.19735	2481
7.20258	2481
7.20258	2481
7.20746	2481
7.21216	2481
7.21216	2481
7.21704	2481
7.22126	2481
7.22226	2481
7.22702	2481
7.23184	2481
7.23284	2481
7.2366	2481
7.24282	2481
7.24282	2481
7.24718	2481
7.2524	2481
7.2524	2481
7.25728	2481
7.26151	2481
7.26251	2481
7.26774	2481
7.27109	2481
7.27209	2481
7.27684	2481
7.28167	2481
7.28167	2481
7.28642	2481
7.29265	2481
7.29265	2481
7.298	2481
7.30223	2481
7.30223	2481
7.30798	2481
7.31468	2481
7.31468	2481
7.31956	2481
7.32379	2481
7.32479	2481
7.33002	2481
7.33624	2481
7.33624	2481
7.34247	2481
7.34682	2481
7.34782	2481
7.35158	2481
7.35828	2481
7.35828	2481
7.36316	2481
7.36786	2481
7.36886	2481
7.37361	2481
7.37984	2481
7.37984	2481
7.38419	2481
7.38942	2481
7.38942	2481
7.3943	2481
7.399	2481
7.4	2481
7.40388	2481
7.4081	2481
7.4091	2481
7.41386	2481
7.41868	2481
7.41868	2481
7.42344	2481
7.42966	2481
7.42966	2481
7.43402	2481
7.43924	2481
7.43924	2481
7.44412	2481
7.44835	2481
7.44935	2481
7.4536	2481
7.45883	2481
7.45983	2481
7.4638	2481
7.46803	2481
7.46803	2481
7.47326	2481
7.47714	2481
7.47814	2481
7.48384	2481
7.48772	2481
7.48872	2481
7.49294	2481
7.49794	2481
7.49817	2481
7.50252	2481
7.50728	2481
7.50728	2481
7.51263	2481
7.51663	2481
7.51786	2481
7.52211	2481
7.52696	2481
7.52796	2481
7.53169	2481
7.53666	2481
7.53766	2481
7.5418	2481
7.54612	2481
7.54612	2481
7.55125	2481
7.55522	2481
7.55622	2481
7.56183	2481
7.5658	2481
7.5668	2481
7.57056	2481
7.57626	2481
7.57626	2481
7.58114	2481
7.58536	2481
7.58636	2481
7.59159	2481
7.59782	2481
7.59782	2481
7.6027	2481
7.6074	2481
7.6074	2481
7.61315	2481
7.61986	2481
7.61986	2481
7.62473	2481
7.62896	2481
7.62996	2481
7.63384	2481
7.63854	2481
7.63954	2481
7.64429	2481
7.64864	2481
7.64964	2481
7.65387	2481
7.6601	2481
7.6601	2481
7.66598	2481
7.66968	2481
7.67068	2481
7.67456	2481
7.67978	2481
7.68078	2481
7.68404	2481
7.68889	2481
7.68889	2481
7.69262	2481
7.69659	2481
7.69659	2481
7.70034	2481
7.7037	2481
7.7047	2481
7.70992	2481
7.71615	2481
7.71615	2481
7.72003	2481
7.72573	2481
7.72573	2481
7.72961	2481
7.73484	2481
7.73484	2481
7.73871	2481
7.74442	2481
7.74442	2481
7.75017	2481
7.75352	2481
7.75452	2481
7.75975	2481
7.76598	2481
7.76598	2481
7.7722	2481
7.77556	2481
7.77656	2481
7.78131	2481
7.78466	2481
7.78566	2481
7.79089	2481
7.79712	2481
7.79712	2481
7.80199	2481
7.8067	2481
7.8067	2481
7.81057	2481
7.8158	2481
7.8158	2481
7.82203	2481
7.82826	2481
7.82826	2481
7.83213	2481
7.83784	2481
7.83784	2481
7.84359	2481
7.84694	2481
7.84794	2481
7.85317	2481
7.8594	2481
7.8594	2481
7.86327	2481
7.86898	2481
7.86898	2481
7.87473	2481
7.87808	2481
7.87808	2481
7.88431	2481
7.89054	2481
7.89054	2481
7.89441	2481
7.90012	2481
7.90012	2481
7.90499	2481
7.90922	2481
7.90922	2481
7.91348	2481
7.91645	2481
7.91745	2481
7.92168	2481
7.9279	2481
7.9279	2481
7.93178	2481
7.93748	2481
7.93748	2481
7.94324	2481
7.94659	2481
7.94759	2481
7.95282	2481
7.95817	2481
7.95817	2481
7.9643	2481
7.97115	2481
7.97115	2481
7.97785	2481
7.98496	2481
7.98496	2481
7.99018	2481
7.99741	2481
7.99741	2481
8.00302	2481
8.01099	2481
8.01099	2481
8.0161	2481
8.0237	2481
8.0237	2481
8.02968	2481
8.03616	2481
8.03616	2481
8.04201	2481
8.04924	2481
8.04924	2481
8.05582	2481
8.06257	2481
8.06257	2481
8.06827	2481
8.0754	2481
8.0754	2481
8.08038	2481
8.08498	2481
8.08598	2481
8.08996	2481
8.09471	2481
8.09571	2481
8.09941	2481
8.10441	2481
8.10441	2481
8.10952	2481
8.11452	2481
8.11452	2481
8.11912	2481
8.12385	2481
8.12485	2481
8.12858	2481
8.13343	2481
8.13443	2481
8.13868	2481
8.14391	2481
8.14391	2481
8.14888	2481
8.15311	2481
8.15311	2481
8.15834	2481
8.16234	2481
8.16334	2481
8.16792	2481
8.17292	2481
8.17367	2481
8.17702	2481
8.18202	2481
8.18202	2481
8.1876	2481
8.19236	2481
8.19236	2481
8.19771	2481
8.20171	2481
8.20232	2481
8.20629	2481
8.21104	2481
8.21242	2481
8.21642	2481
8.22162	2481
8.22162	2481
8.22685	2481
8.23185	2481
8.23185	2481
8.23608	2481
8.2403	2481
8.2413	2481
8.24518	2481
8.25088	2481
8.25188	2481
8.25564	2481
8.26037	2481
8.26037	2481
8.26534	2481
8.26909	2481
8.27009	2481
8.2758	2481
8.27967	2481
8.28093	2481
8.2849	2481
8.28913	2481
8.29013	2481
8.29438	2481
8.29936	2481
8.29936	2481
8.30494	2481
8.30894	2481
8.30994	2481
8.31469	2481
8.3183	2481
8.3193	2481
8.32314	2481
8.32888	2481
8.32985	2481
8.33385	2481
8.33895	2481
8.33895	2481
8.34395	2481
8.34756	2481
8.34853	2481
8.35353	2481
8.35764	2481
8.35864	2481
8.36264	2481
8.36722	2481
8.36822	2481
8.37222	2481
8.3777	2481
8.3777	2481
8.38255	2481
8.3868	2481
8.3878	2481
8.39265	2481
8.39638	2481
8.39738	2481
8.40123	2481
8.40649	2481
8.40746	2481
8.41134	2481
8.41607	2481
8.41607	2481
8.42192	2481
8.42517	2481
8.42614	2481
8.43114	2481
8.43572	2481
8.43672	2481
8.44072	2481
8.44521	2481
8.44621	2481
8.45018	2481
8.45531	2481
8.45531	2481
8.46028	2481
8.46489	2481
8.46589	2481
8.47074	2481
8.47462	2481
8.47562	2481
8.47932	2481
8.48507	2481
8.48507	2481
8.49178	2481
8.49565	2481
8.49665	2481
8.50088	2481
8.50576	2481
8.50576	2481
8.51046	2481
8.51621	2481
8.51621	2481
8.52292	2481
8.52679	2481
8.52779	2481
8.53202	2481
8.53825	2481
8.53825	2481
8.54448	2481
8.54835	2481
8.54935	2481
8.55406	2481
8.55981	2481
8.55981	2481
8.56416	2481
8.56939	2481
8.56939	2481
8.57474	2481
8.57849	2481
8.57987	2481
8.58384	2481
8.58807	2481
8.58945	2481
8.59342	2481
8.59818	2481
8.59818	2481
8.60388	2481
8.60776	2481
8.60876	2481
8.61398	2481
8.61786	2481
8.61886	2481
8.62256	2481
8.62744	2481
8.62844	2481
8.63267	2481
8.63754	2481
8.63754	2481
8.64225	2481
8.64612	2481
8.64712	2481
8.65235	2481
8.65658	2481
8.65796	2481
8.66193	2481
8.66668	2481
8.66768	2481
8.67239	2481
8.67814	2481
8.67814	2481
8.68349	2481
8.68772	2481
8.6881	2481
8.69207	2481
8.6972	2481
8.6982	2481
8.70353	2481
8.7074	2481
8.7084	2481
8.71263	2481
8.71886	2481
8.71886	2481
8.72321	2481
8.72796	2481
8.72834	2481
8.73232	2481
8.73754	2481
8.73854	2481
8.74377	2481
8.74765	2481
8.74865	2481
8.75335	2481
8.7591	2481
8.7591	2481
8.76581	2481
8.76968	2481
8.77068	2481
8.77491	2481
8.77979	2481
8.77979	2481
8.78449	2481
8.79024	2481
8.79024	2481
8.79695	2481
8.80082	2481
8.80182	2481
8.80605	2481
8.81093	2481
8.81193	2481
8.81563	2481
8.82051	2481
8.82051	2481
8.82574	2481
8.83096	2481
8.83096	2481
8.83532	2481
8.84007	2481
8.84007	2481
8.84677	2481
8.85003	2481
8.85103	2481
8.85588	2481
8.86075	2481
8.86075	2481
8.86546	2481
8.87033	2481
8.87033	2481
8.87556	2481
8.88079	2481
8.88079	2481
8.88514	2481
8.88902	2481
8.89002	2481
8.89424	2481
8.89947	2481
8.90047	2481
8.9057	2481
8.90958	2481
8.91058	2481
8.91528	2481
8.91916	2481
8.92016	2481
8.92438	2481
8.93061	2481
8.93061	2481
8.93596	2481
8.93972	2481
8.94072	2481
8.94642	2481
8.9503	2481
8.9513	2481
8.95552	2481
8.9604	2481
8.9604	2481
8.9651	2481
8.97086	2481
8.97086	2481
8.97521	2481
8.98044	2481
8.98044	2481
8.98666	2481
8.99289	2481
8.99289	2481
8.99724	2481
9.002	2481
9.00238	2481
9.00635	2481
9.01158	2481
9.01258	2481
9.0178	2481
9.02168	2481
9.02268	2481
9.02738	2481
9.03314	2481
9.03314	2481
9.03849	2481
9.04272	2481
9.0431	2481
9.04707	2481
9.05282	2481
9.05382	2481
9.05852	2481
9.0624	2481
9.0634	2481
9.06763	2481
9.07386	2481
9.07386	2481
9.07821	2481
9.08296	2481
9.08334	2481
9.08731	2481
9.09254	2481
9.09392	2481
9.09789	2481
9.10264	2481
9.10264	2481
9.10835	2481
9.11222	2481
9.11322	2481
9.11745	2481
9.12233	2481
9.12233	2481
9.12703	2481
9.13278	2481
9.13278	2481
9.13714	2481
9.14236	2481
9.14236	2481
9.14772	2481
9.15147	2481
9.15247	2481
9.15817	2481
9.16205	2481
9.16305	2481
9.16728	2481
9.1735	2481
9.1735	2481
9.17886	2481
9.18261	2481
9.18399	2481
9.18796	2481
9.19219	2481
9.19319	2481
9.19842	2481
9.20229	2481
9.20329	2481
9.208	2481
9.21375	2481
9.21375	2481
9.22045	2481
9.22433	2481
9.22533	2481
9.22956	2481
9.23443	2481
9.23443	2481
9.23914	2481
9.24489	2481
9.24489	2481
9.24924	2481
9.25447	2481
9.25447	2481
9.2607	2481
9.26457	2481
9.26557	2481
9.27028	2481
9.27415	2481
9.27515	2481
9.27938	2481
9.28561	2481
9.28561	2481
9.29096	2481
9.29471	2481
9.29571	2481
9.30142	2481
9.30529	2481
9.30629	2481
9.31052	2481
9.3154	2481
9.3154	2481
9.3201	2481
9.32598	2481
9.32598	2481
9.3302	2481
9.33543	2481
9.33543	2481
9.34078	2481
9.34454	2481
9.34592	2481
9.34989	2481
9.35412	2481
9.35512	2481
9.36034	2481
9.36422	2481
9.36522	2481
9.36992	2481
9.3748	2481
9.3748	2481
9.37903	2481
9.38526	2481
9.38526	2481
9.39061	2481
9.39436	2481
9.39536	2481
9.40106	2481
9.40594	2481
9.40694	2481
9.41017	2481
9.41504	2481
9.41504	2481
9.42075	2481
9.4255	2481
9.4255	2481
9.43085	2481
9.43508	2481
9.43508	2481
9.44131	2481
9.44518	2481
9.44618	2481
9.45089	2481
9.45576	2481
9.45576	2481
9.46099	2481
9.46622	2481
9.46622	2481
9.47157	2481
9.47532	2481
9.47632	2481
9.48203	2481
9.4869	2481
9.4879	2481
9.49113	2481
9.49601	2481
9.49601	2481
9.50171	2481
9.50646	2481
9.50646	2481
9.51182	2481
9.51507	2481
9.51604	2481
9.5203	2481
9.52515	2481
9.52653	2481
9.5305	2481
9.53573	2481
9.53573	2481
9.54073	2481
9.54531	2481
9.54531	2481
9.55006	2481
9.55489	2481
9.55589	2481
9.55964	2481
9.5649	2481
9.56587	2481
9.56974	2481
9.57448	2481
9.57448	2481
9.57932	2481
9.58455	2481
9.58455	2481
9.58955	2481
9.59316	2481
9.59413	2481
9.59813	2481
9.60374	2481
9.60474	2481
9.60859	2481
9.61372	2481
9.61372	2481
9.61869	2481
9.6233	2481
9.6233	2481
9.62815	2481
9.6324	2481
9.6334	2481
9.63738	2481
9.64298	2481
9.64396	2481
9.64796	2481
9.65271	2481
9.65271	2481
9.65741	2481
9.66229	2481
9.66229	2481
9.66752	2481
9.67152	2481
9.67212	2481
9.6761	2481
9.6817	2481
9.6827	2481
9.68668	2481
9.69143	2481
9.69143	2481
9.69666	2481
9.70001	2481
9.70101	2481
9.70624	2481
9.71011	2481
9.71111	2481
9.71534	2481
9.72007	2481
9.72107	2481
9.7253	2481
9.73027	2481
9.73027	2481
9.7354	2481
9.73938	2481
9.74025	2481
9.74551	2481
9.74948	2481
9.75048	2481
9.75409	2481
9.75906	2481
9.76006	2481
9.76419	2481
9.76964	2481
9.76964	2481
9.77474	2481
9.77874	2481
9.77974	2481
9.78423	2481
9.7882	2481
9.7892	2481
9.79308	2481
9.7983	2481
9.7993	2481
9.80391	2481
9.80888	2481
9.80888	2481
9.81349	2481
9.81746	2481
9.81846	2481
9.82322	2481
9.82744	2481
9.82844	2481
9.83218	2481
9.83715	2481
9.83815	2481
9.8429	2481
9.84713	2481
9.84713	2481
9.852	2481
9.85671	2481
9.85771	2481
9.86284	2481
9.86681	2481
9.86781	2481
9.87104	2481
9.87642	2481
9.87727	2484
9.88114	2484
9.88685	2484
9.88685	2484
9.89172	2484
9.89595	2484
9.89695	2484
9.90195	2484
9.90553	2484
9.90653	2484
9.91053	2484
9.91511	2494
9.91611	2494
9.92011	2494
9.92522	2494
9.92522	2494
9.93044	2494
9.93444	2494
9.93544	2494
9.93955	2494
9.9449	2494
9.9459	2494
9.94913	2494
9.95413	2494
9.95413	2494
9.95971	2504
9.96371	2504
9.96446	2523
9.96972	2523
9.97356	2523
9.97442	2523
9.97839	2523
9.98314	2523
9.98314	2523
9.9884	2523
9.99225	2523
9.99325	2523
9.99798	2523
10.003	2523
10.003	2523
10.0071	2523
10.0111	2523
10.0121	2523
10.0167	2523
10.0215	2523
10.0225	2523
10.0262	2523
10.0302	2523
10.0312	2523
10.0362	2523
10.0402	2523
10.0412	2523
10.0459	2523
10.0509	2523
10.0509	2523
10.0559	2523
10.0599	2523
10.0608	2523
10.0645	2523
10.0695	2523
10.0695	2523
10.0746	2523
10.0786	2523
10.0796	2523
10.0842	2523
10.0881	2523
10.0891	2523
10.0939	2523
10.0986	2523
10.0986	2523
10.1035	2523
10.1077	2523
10.1087	2523
10.1121	2523
10.1173	2523
10.1173	2523
10.1223	2523
10.1264	2523
10.1274	2523
10.1311	2523
10.1361	2523
10.1371	2523
10.1412	2523
10.1462	2523
10.1462	2523
10.1518	2523
10.1557	2523
10.1567	2523
10.1605	2523
10.1658	2523
10.1658	2523
10.1701	2523
10.1743	2523
10.1753	2523
10.1792	2523
10.1844	2523
10.1854	2523
10.189	2523
10.193	2523
10.194	2523
10.1992	2523
10.2031	2523
10.2041	2523
10.2087	2523
10.2137	2523
10.2137	2523
10.2183	2523
10.2223	2523
10.2233	2523
10.227	2523
10.2323	2523
10.2323	2523
10.2371	2523
10.2418	2523
10.2428	2523
10.2467	2523
10.2509	2523
10.2519	2523
10.2543	2523
10.2586	2523
10.2586	2523
10.2625	2523
10.2654	2523
10.2664	2523
10.2696	2523
10.274	2534
10.275	2534
10.2772	2534
10.2812	2534
10.2812	2534
10.2853	2534
10.2883	2534
10.2893	2534
10.2923	2534
10.2965	2534
10.2965	2534
10.3008	2534
10.3046	2534
10.3046	2534
10.3084	2534
10.3114	2534
10.3124	2534
10.3152	2534
10.3195	2534
10.3195	2534
10.3232	2534
10.3262	2534
10.3272	2534
10.3312	2534
10.3349	2534
10.3352	2534
10.3381	2534
10.3429	2534
10.3429	2534
10.3469	2534
10.3497	2534
10.3506	2534
10.3536	2534
10.3578	2534
10.3588	2534
10.3617	2534
10.3664	2534
10.3664	2534
10.3703	2534
10.3755	2534
10.3755	2534
10.3799	2534
10.3851	2534
10.3851	2534
10.3908	2534
10.3942	2534
10.3942	2534
10.3985	2534
10.4038	2534
10.4038	2534
10.4095	2534
10.4129	2534
10.4139	2534
10.4191	2534
10.4253	2534
10.4253	2534
10.4291	2534
10.432	2534
10.433	2534
10.4378	2534
10.444	2534
10.444	2534
10.4489	2534
10.4536	2534
10.4536	2534
10.4593	2534
10.4627	2534
10.4637	2534
10.4661	2534
10.4723	2534
10.4723	2534
10.4762	2534
10.4814	2534
10.4814	2534
10.4857	2534
10.492	2534
10.492	2534
10.4971	2534
10.5031	2535
10.5044	2535
10.5106	2535
10.5168	2535
10.5178	2535
10.5236	2560
10.5293	2560
10.5293	2560
10.5356	2560
10.5417	2563
10.5427	2563
10.548	2592
10.5542	2592
10.5552	2592
10.5604	2616
10.5661	2616
10.5671	2616
10.5731	2616
10.5782	2616
10.5792	2616
10.5858	2616
10.5917	2636
10.5927	2636
10.5977	2636
10.604	2636
10.605	2636
10.7085	2636
10.7118	2636
10.7118	2636
10.7152	2646
10.7204	2646
10.7214	2646
10.7253	2646
10.7295	2646
10.7305	2646
10.7342	2646
10.7382	2646
10.7392	2646
10.744	2646
10.7492	2646
10.7492	2646
10.7539	2649
10.7588	2649
10.7588	2649
10.7636	2649
10.7679	2649
10.7679	2649
10.7722	2649
10.7832	2649
10.7832	2649
10.787	2649
10.7928	2649
10.7928	2649
10.799	2649
10.8086	2649
10.8086	2649
10.8125	2649
10.8177	2649
10.8177	2649
10.8239	2649
10.8273	2649
10.8273	2649
10.833	2649
10.8397	2649
10.8397	2649
10.9082	2649
10.914	2649
10.914	2649
10.9173	2649
10.9223	2649
10.9223	2649
10.9278	2649
10.9318	2649
10.9318	2649
10.9364	2649
10.9404	2649
10.9414	2649
10.9453	2649
10.9499	2649
10.9509	2649
10.9547	2649
10.959	2649
10.96	2649
10.9639	2649
10.9672	2649
10.9682	2649
10.9724	2649
10.9764	2649
10.9777	2649
10.981	2649
10.987	2649
10.987	2649
10.9901	2649
10.9951	2649
10.9951	2649
11.0003	2649
11.0045	2649
11.0045	2649
11.0095	2649
11.0135	2649
11.0145	2649
11.0185	2649
11.0225	2649
11.0235	2649
11.0275	2649
11.0315	2649
11.0325	2649
11.0361	2649
11.04	2649
11.041	2649
11.0456	2649
11.0496	2649
11.0506	2649
11.0544	2649
11.0596	2649
11.0596	2649
11.0635	2649
11.0682	2649
11.0682	2649
11.073	2649
11.0773	2649
11.0773	2649
11.0823	2649
11.0869	2649
11.0879	2649
11.0919	2649
11.096	2649
11.097	2649
11.101	2649
11.1042	2649
11.1052	2649
11.1094	2649
11.1133	2649
11.1143	2649
11.118	2649
11.1229	2649
11.1239	2649
11.1271	2649
11.1321	2649
11.1321	2649
11.1367	2649
11.1417	2649
11.1417	2649
11.1463	2649
11.1503	2649
11.1503	2649
11.155	2649
11.1593	2649
11.1602	2649
11.1641	2649
11.1688	2649
11.1698	2649
11.1737	2649
11.1779	2649
11.1789	2649
11.1829	2649
11.1865	2649
11.1875	2649
11.1915	2649
11.1953	2649
11.1963	2649
11.201	2649
11.2058	2649
11.2058	2649
11.2091	2649
11.2144	2649
11.2144	2649
11.2196	2649
11.2236	2649
11.2236	2649
11.2288	2649
11.2322	2649
11.2332	2649
11.238	2649
11.2412	2649
11.2422	2649
11.2461	2649
11.2508	2649
11.2518	2649
11.2557	2649
11.2599	2649
11.2609	2649
11.2649	2649
11.2685	2649
11.2695	2649
11.2735	2649
11.2781	2649
11.2781	2649
11.282	2649
11.2878	2649
11.2878	2649
11.292	2649
11.296	2649
11.296	2649
11.3016	2649
11.3056	2649
11.3064	2649
11.3107	2649
11.3147	2649
11.3157	2649
11.3192	2649
11.3232	2649
11.3242	2649
11.328	2649
11.3327	2649
11.3337	2649
11.3375	2649
11.3418	2649
11.3428	2649
11.3468	2649
11.3514	2649
11.3514	2649
11.3554	2649
11.3609	2649
11.3609	2649
11.3658	2649
11.369	2649
11.369	2649
11.375	2649
11.3782	2649
11.3796	2649
11.3836	2649
11.3873	2649
11.3882	2649
11.3922	2649
11.396	2649
11.3979	2649
11.4012	2649
11.4051	2649
11.4061	2649
11.4104	2649
11.4146	2649
11.4156	2649
11.4196	2649
11.4242	2649
11.4242	2649
11.4282	2649
11.4339	2649
11.4339	2649
11.4386	2649
11.4426	2649
11.4426	2649
11.4472	2649
11.4512	2649
11.4522	2649
11.4562	2649
11.4602	2649
11.4612	2649
11.4652	2649
11.4698	2649
11.4708	2649
11.4748	2649
11.4782	2649
11.4792	2649
11.4832	2649
11.489	2649
11.489	2649
11.4927	2649
11.4975	2649
11.4975	2649
11.5028	2649
11.5068	2649
11.5068	2649
11.511	2649
11.5152	2649
11.5162	2649
11.5202	2649
11.5248	2649
11.5258	2649
11.5297	2649
11.5336	2649
11.5343	2649
11.5383	2649
11.5423	2649
11.543	2649
11.5478	2649
11.5517	2649
11.5527	2649
11.5569	2649
11.5618	2649
11.5618	2649
11.5651	2649
11.5703	2649
11.5703	2649
11.5756	2649
11.5799	2649
11.5799	2649
11.5849	2649
11.5886	2649
11.5896	2649
11.5933	2649
11.5973	2649
11.5983	2649
11.6024	2649
11.6064	2649
11.6074	2649
11.6117	2649
11.6159	2649
11.6169	2649
11.6209	2649
11.6245	2649
11.6255	2649
11.6295	2649
11.6349	2649
11.6349	2649
11.6389	2649
11.6437	2649
11.6437	2649
11.6484	2649
11.6524	2649
11.6524	2649
11.6575	2649
11.6615	2649
11.6625	2649
11.6667	2649
11.6709	2649
11.6719	2649
11.6759	2649
11.6795	2649
11.6805	2649
11.6844	2649
11.6883	2649
11.6893	2649
11.694	2649
11.698	2649
11.6987	2649
11.7025	2649
11.7074	2649
11.7074	2649
11.7113	2649
11.7165	2649
11.7165	2649
11.7218	2649
11.725	2649
11.725	2649
11.731	2649
11.7346	2649
11.7356	2649
11.7394	2649
11.7438	2649
11.7448	2649
11.748	2649
11.752	2649
11.753	2649
11.7578	2649
11.7615	2649
11.7625	2649
11.7665	2649
11.7706	2649
11.7711	2649
11.7751	2649
11.7801	2649
11.7801	2649
11.784	2649
11.7894	2649
11.7894	2649
11.7946	2649
11.7985	2649
11.7985	2649
11.8037	2649
11.8071	2649
11.8081	2649
11.8123	2649
11.8163	2649
11.8171	2649
11.8214	2649
11.8258	2649
11.8268	2649
11.831	2649
11.8349	2649
11.8359	2649
11.8391	2649
11.8434	2649
11.8444	2649
11.8487	2649
11.8537	2649
11.8537	2649
11.8578	2649
11.862	2649
11.862	2649
11.8673	2649
11.8712	2649
11.8712	2649
11.8765	2649
11.8807	2649
11.8817	2649
11.8856	2649
11.8899	2649
11.8909	2649
11.8942	2649
11.898	2649
11.8994	2649
11.9034	2649
11.9076	2652
11.9086	2652
11.9129	2705
11.9167	2705
11.9177	2705
11.9214	2705
11.9254	2705
11.9264	2705
11.93	2705
11.935	2705
11.936	2705
11.9397	2705
11.944	2705
11.945	2705
11.9488	2705
11.9526	2705
11.9536	2705
11.9574	2705
11.9617	2705
11.9627	2705
11.9665	2705
11.9703	2705
11.9713	2705
11.9752	2705
11.9791	2705
11.9804	2705
11.9843	2705
11.9883	2705
11.9899	2705
11.9939	2705
11.9978	2705
11.9978	2705
12.002	2705
12.0069	2705
12.0069	2705
12.0116	2705
12.0155	2705
12.0155	2705
12.0207	2705
12.0241	2705
12.0241	2705
12.0283	2705
12.0335	2705
12.0335	2705
12.0375	2705
12.0427	2705
12.0427	2705
12.047	2705
12.0508	2705
12.0512	2705
12.0552	2705
12.0594	2705
12.0604	2705
12.0647	2705
12.0686	2705
12.0695	2705
12.0738	2705
12.0778	2705
12.0786	2705
12.0824	2705
12.0863	2705
12.0873	2705
12.0912	2705
12.0954	2705
12.0964	2705
12.1002	2705
12.104	2705
12.105	2705
12.1099	2706
12.1131	2706
12.1141	2706
12.1181	2706
12.1227	2706
12.1237	2706
12.1277	2706
12.1313	2706
12.1323	2706
12.1362	2706
12.14	2706
12.141	2706
12.1453	2706
12.1493	2706
12.1493	2706
12.1548	2706
12.1588	2706
12.1588	2706
12.1634	2706
12.1673	2706
12.1673	2706
12.1712	2706
12.1764	2706
12.1764	2706
12.1808	2706
12.186	2706
12.186	2706
12.19	2706
12.1941	2706
12.1941	2706
12.1984	2716
12.2023	2716
12.2033	2716
12.2075	2716
12.2114	2716
12.2124	2716
12.2161	2716
12.2201	2716
12.2211	2716
12.2252	2716
12.2292	2716
12.2302	2716
12.2345	2716
12.2387	2716
12.2397	2716
12.2436	2716
12.2473	2716
12.2483	2716
12.2521	2716
12.2564	2716
12.2564	2716
12.2614	2716
12.2659	2716
12.2659	2716
12.2709	2716
12.2741	2716
12.2741	2716
12.2785	2716
12.2833	2716
12.2833	2716
12.2875	2716
12.2925	2716
12.2925	2716
12.2961	2716
12.3001	2716
12.3011	2716
12.3052	2716
12.3097	2716
12.3107	2716
12.3144	2716
12.3186	2716
12.3196	2716
12.3235	2716
12.3273	2716
12.3282	2716
12.3322	2716
12.3364	2716
12.3374	2716
12.3418	2716
12.3456	2716
12.3466	2716
12.3508	2716
12.3541	2716
12.3541	2716
12.3594	2716
12.3634	2716
12.3634	2716
12.3685	2716
12.3725	2716
12.3725	2716
12.3767	2716
12.3819	2716
12.3819	2716
12.3853	2716
12.3895	2716
12.3905	2716
12.3945	2716
12.3986	2716
12.3996	2716
12.4036	2716
12.4078	2716
12.4088	2716
12.4121	2716
12.4169	2716
12.4179	2716
12.4216	2716
12.4256	2716
12.4266	2716
12.4307	2716
12.4347	2716
12.4357	2716
12.4394	2716
12.4432	2716
12.4442	2716
12.4481	2716
12.4528	2716
12.4528	2716
12.4578	2716
12.4619	2716
12.4619	2716
12.4659	2716
12.4705	2716
12.4705	2716
12.4745	2716
12.4792	2716
12.4792	2716
12.4839	2716
12.4879	2716
12.4889	2716
12.4921	2716
12.496	2716
12.497	2716
12.5016	2716
12.5056	2716
12.5066	2716
12.5104	2716
12.5141	2716
12.5151	2716
12.5191	2716
12.5232	2716
12.5242	2716
12.5282	2716
12.5328	2716
12.5337	2716
12.5377	2716
12.5415	2716
12.5415	2716
12.5462	2716
12.5501	2716
12.5501	2716
12.5553	2716
12.5597	2716
12.5597	2716
12.5639	2716
12.5689	2716
12.5689	2716
12.5725	2716
12.5765	2716
12.5773	2716
12.5812	2716
12.5855	2716
12.5864	2716
12.5908	2716
12.5941	2716
12.5951	2716
12.599	2716
12.6036	2716
12.6046	2716
12.6085	2716
12.6124	2716
12.6134	2716
12.6176	2716
12.6219	2716
12.6229	2716
12.6262	2716
12.6302	2716
12.6312	2716
12.6353	2716
12.6393	2716
12.6393	2716
12.6445	2716
12.6487	2716
12.6487	2716
12.6536	2716
12.6573	2716
12.6573	2716
12.6613	2716
12.6664	2716
12.6664	2716
12.6709	2716
12.6746	2716
12.6756	2716
12.6799	2716
12.6837	2716
12.6847	2716
12.6885	2716
12.6924	2716
12.6934	2716
12.6976	2716
12.7016	2716
12.7026	2716
12.7068	2716
12.71	2716
12.711	2716
12.7159	2716
12.7196	2716
12.7206	2716
12.7245	2716
12.7287	2716
12.7297	2716
12.7337	2716
12.7379	2716
12.7379	2716
12.7421	2716
12.746	2716
12.746	2716
12.7508	2716
12.7556	2716
12.7556	2716
12.7599	2716
12.7648	2716
12.7648	2716
12.7684	2716
12.7724	2716
12.7734	2716
12.777	2716
12.7829	2716
12.7829	2716
12.7867	2716
12.792	2716
12.792	2716
12.7982	2716
12.8026	2716
12.8026	2716
12.8073	2716
12.814	2716
12.814	2716
12.8189	2716
12.8231	2716
12.8231	2716
12.8293	2716
12.8337	2716
12.8337	2716
12.8384	2716
12.8423	2716
12.8423	2716
12.848	2716
12.8543	2716
12.8543	2716
12.8586	2716
12.8638	2716
12.8638	2716
12.8696	2716
12.8734	2716
12.8734	2716
12.8792	2716
12.8854	2716
12.8854	2716
12.8897	2716
12.895	2716
12.895	2716
12.8982	2716
12.9027	2716
12.9074	2716
12.9074	2716
12.9137	2716
12.9175	2716
12.9175	2716
12.9232	2716
12.9275	2716
12.9315	2716
12.9315	2716
12.9367	2716
12.941	2716
12.9645	2371
12.9702	2371
12.9769	2371
12.9802	2371
12.9852	2371
12.9908	2371
12.9908	2371
12.9956	2371
13.0003	2371
13.0052	2371
13.0052	2371
13.0104	2371
13.0154	2371
13.0164	2371
13.02	2371
13.0259	2371
13.0306	2371
13.0316	2371
13.0358	2371
13.0408	2371
13.0418	2371
13.0464	2371
13.0504	2371
13.0514	2371
13.0569	2371
13.0609	2371
13.0651	2371
13.0661	2371
13.0717	2371
13.0757	2371
13.0767	2371
13.0818	2371
13.0868	2371
13.0868	2371
13.0915	2371
13.0962	2371
13.1016	2371
13.1016	2371
13.1068	2371
13.1111	2371
13.112	2371
13.1169	2371
13.1216	2371
13.1226	2371
13.1266	2371
13.1317	2371
13.1327	2371
13.1373	2371
13.1413	2371
13.1423	2371
13.1471	2371
13.1528	2371
13.1528	2371
13.1576	2371
13.1629	2371
13.1639	2371
13.1679	2371
13.1723	2371
13.1733	2371
13.1772	2371
13.1829	2371
13.1839	2371
13.1889	2371
13.1927	2371
13.1934	2371
13.1984	2371
13.2031	2371
13.2031	2371
13.2088	2371
13.2138	2371
13.2145	2371
13.2189	2371
13.2239	2371
13.2241	2371
13.2284	2371
13.2334	2371
13.2344	2371
13.24	2371
13.244	2371
13.245	2371
13.25	2371
13.2544	2328
13.2544	2328
13.2591	2328
13.2644	2328
13.2654	2328
13.2703	2328
13.274	2328
13.275	2328
13.2807	2328
13.2856	2328
13.2866	2328
13.2903	2328
13.2956	2328
13.2966	2328
13.3012	2328
13.3062	2328
13.3062	2328
13.3119	2328
13.3161	2328
13.3175	2328
13.3224	2328
13.3262	2328
13.3272	2328
13.3329	2328
13.3378	2328
13.3378	2328
13.342	2328
13.3473	2328
13.3483	2328
13.3532	2328
13.3584	2328
13.3584	2328
13.364	2328
13.369	2328
13.37	2328
13.3737	2328
13.3784	2328
13.3794	2328
13.3843	2328
13.3894	2328
13.3894	2328
13.3944	2328
13.3996	2328
13.4009	2328
13.4057	2328
13.4095	2328
13.4105	2328
13.4154	2328
13.4206	2328
13.4216	2328
13.425	2328
13.4308	2328
13.431	2328
13.437	2328
13.4416	2328
13.4416	2328
13.4466	2328
13.4513	2328
13.4523	2328
13.4576	2328
13.4614	2328
13.4622	2328
13.4671	2328
13.4729	2328
13.4729	2328
13.4776	2328
13.4825	2328
13.4835	2328
13.4887	2328
13.4933	2328
13.4933	2328
13.4983	2328
13.503	2328
13.504	2328
13.5083	2328
13.5145	2328
13.5145	2328
13.5198	2328
13.5246	2328
13.5256	2328
13.5303	2328
13.536	2328
13.536	2328
13.5414	2328
13.5466	2328
13.5476	2328
13.5519	2328
13.5567	2328
13.5577	2328
13.5624	2328
13.5672	2328
13.5672	2328
13.5725	2328
13.5778	2328
13.5788	2328
13.584	2328
13.5873	2328
13.5883	2328
13.5936	2328
13.5983	2328
13.5993	2328
13.605	2328
13.6099	2328
13.6109	2328
13.6151	2328
13.6204	2328
13.6204	2328
13.6266	2328
13.6305	2328
13.6315	2328
13.6362	2328
13.6419	2328
13.6419	2328
13.6468	2328
13.6515	2328
13.6525	2328
13.6577	2328
13.664	2328
13.664	2328
13.6683	2328
13.6731	2328
13.6741	2328
13.6798	2328
13.6836	2328
13.6846	2328
13.6899	2328
13.6955	2328
13.6995	2328
13.7005	2328
13.7051	2328
13.71	2328
13.71	2328
13.7152	2328
13.7201	2328
13.7211	2328
13.7264	2328
13.7316	2328
13.7316	2328
13.7362	2328
13.7412	2328
13.7422	2328
13.7468	2328
13.7516	2328
13.7526	2328
13.7575	2328
13.7627	2328
13.7627	2328
13.768	2328
13.7732	2328
13.7732	2328
13.7781	2328
13.7838	2328
13.7848	2328
13.7885	2328
13.7939	2328
13.7949	2328
13.7991	2328
13.8043	2328
13.8043	2328
13.8092	2328
13.8149	2328
13.8159	2328
13.8207	2328
13.8264	2328
13.8264	2328
13.8312	2328
13.8365	2328
13.8375	2328
13.8417	2328
13.8479	2328
13.8479	2328
13.8545	2313
13.8585	2313
13.8633	2313
13.8676	2313
13.873	2313
13.8732	2716
13.8772	2716
13.8812	2716
13.8822	2716
13.8868	2716
13.8908	2716
13.8915	2716
13.8953	2716
13.8992	2716
13.9002	2716
13.9044	2716
13.9083	2716
13.9093	2716
13.9133	2716
13.9178	2716
13.9178	2716
13.9228	2716
13.926	2716
13.926	2716
13.9314	2716
13.9351	2716
13.9351	2716
13.9399	2716
13.9447	2716
13.9447	2716
13.949	2716
13.9529	2716
13.9539	2716
13.9572	2716
13.9614	2716
13.9624	2716
13.9663	2716
13.971	2716
13.972	2716
13.976	2716
13.9791	2716
13.9801	2716
13.9845	2716
13.9883	2716
13.9893	2716
13.9933	2716
13.9979	2716
13.9989	2716
14.0028	2716
14.0066	2716
14.0079	2716
14.0119	2716
14.0156	2716
14.0194	2716
14.0204	2716
14.0243	2716
14.0281	2716
14.029	2716
14.033	2716
14.0372	2716
14.0372	2716
14.0421	2716
14.0464	2716
14.0464	2716
14.0506	2716
14.0559	2716
14.0559	2716
14.0592	2716
14.0642	2716
14.0642	2716
14.0688	2716
14.0727	2716
14.0737	2716
14.0775	2716
14.0817	2716
14.0827	2716
14.0867	2716
14.0903	2716
14.0913	2716
14.0952	2716
14.0991	2716
14.1001	2716
14.1048	2716
14.1086	2716
14.1096	2716
14.1133	2716
14.1173	2716
14.1183	2716
14.1221	2716
14.1263	2716
14.1263	2716
14.1312	2716
14.1354	2716
14.1354	2716
14.1407	2716
14.1469	2716
14.1469	2716
14.1502	2716
14.1593	2716
14.1593	2716
14.1632	2716
14.1689	2716
14.1689	2716
14.1747	2716
14.1785	2716
14.1785	2716
14.1843	2716
14.1905	2716
14.1905	2716
14.1934	2716
14.2001	2716
14.2001	2716
14.2039	2716
14.2092	2716
14.2092	2716
14.2129	2716
14.2169	2716
14.2216	2716
14.2216	2716
14.2255	2716
14.2312	2716
14.2312	2716
14.257	2716
14.262	2716
14.2677	2716
14.2724	2716
14.2734	2716
14.2786	2716
14.2846	2716
14.2852	2716
14.2902	2716
14.2968	2716
14.2978	2716
14.3027	2716
14.3089	2716
14.3099	2716
14.3143	2716
14.3203	2716
14.3203	2716
14.327	2716
14.3319	2716
14.3372	2716
14.3434	2716
14.3434	2716
14.3496	2716
14.3542	2716
14.3552	2716
14.3615	2716
14.3759	2716
14.3788	2716
14.3788	2716
14.3826	2716
14.3884	2716
14.3884	2716
14.3922	2716
14.3964	2716
14.3974	2716
14.4013	2716
14.4052	2716
14.4062	2716
14.4109	2716
14.4141	2716
14.4181	2716
14.4191	2716
14.4233	2716
14.4277	2716
14.4287	2716
14.4326	2716
14.4363	2716
14.4373	2716
14.442	2716
14.4468	2716
14.4468	2716
14.4516	2716
14.4578	2716
14.4578	2716
14.4641	2716
14.4703	2716
14.4703	2716
14.4765	2716
14.4809	2716
14.4809	2716
14.4856	2716
14.4923	2716
14.4923	2716
14.4966	2716
14.5005	2716
14.5015	2716
14.5058	2716
14.511	2716
14.511	2716
14.5149	2716
14.5205	2716
14.5245	2716
14.5245	2716
14.5283	2716
14.533	2716
14.533	2716
14.5484	2379
14.5541	2379
14.5541	2379
14.5604	2379
14.5647	2379
14.5657	2379
14.5709	2379
14.5748	2379
14.5758	2379
14.5801	2379
14.5858	2379
14.5858	2379
14.5905	2379
14.5954	2379
14.5954	2379
14.6006	2379
14.6056	2379
14.6066	2379
14.6107	2379
14.6155	2379
14.6163	2379
14.6203	2379
14.6251	2379
14.6261	2379
14.6313	2379
14.6353	2379
14.637	2379
14.6428	2379
14.6466	2379
14.6476	2379
14.6524	2379
14.6566	2379
14.6586	2379
14.6629	2379
14.6677	2379
14.6687	2379
14.6724	2379
14.6773	2379
14.6783	2379
14.6831	2379
14.6873	2379
14.6883	2379
14.6932	2379
14.6979	2379
14.6989	2379
14.7037	2379
14.709	2379
14.709	2379
14.7138	2379
14.7185	2379
14.7185	2379
14.7233	2379
14.7286	2379
14.7296	2379
14.7334	2379
14.7381	2379
14.7391	2379
14.7441	2379
14.7486	2379
14.7496	2379
14.7546	2379
14.7583	2379
14.7593	2379
14.7646	2379
14.7694	2379
14.7694	2379
14.7741	2379
14.7793	2379
14.7793	2379
14.7842	2379
14.7895	2379
14.7905	2379
14.7942	2379
14.7996	2379
14.8006	2379
14.8058	2379
14.81	2379
14.81	2379
14.8191	2379
14.824	2379
14.825	2379
14.8297	2379
14.8349	2379
14.8349	2379
14.8412	2379
14.8474	2379
14.8474	2379
14.8523	2379
14.858	2379
14.858	2379
14.8628	2379
14.8671	2379
14.8681	2379
14.8723	2379
14.8785	2379
14.8785	2379
14.8834	2379
14.8881	2379
14.8881	2379
14.8939	2379
14.8982	2379
14.8992	2379
14.9034	2379
14.9097	2379
14.9097	2379
14.9159	2379
14.9192	2379
14.9202	2379
14.925	2379
14.9317	2379
14.9317	2379
14.9366	2379
14.9418	2379
14.9418	2379
14.9467	2379
14.9514	2379
14.9524	2379
14.9561	2379
14.9615	2379
14.9625	2379
14.9667	2379
14.9719	2379
14.9729	2379
14.9778	2379
14.9815	2379
14.9825	2379
14.9873	2379
14.994	2379
14.994	2379
14.9989	2379
15.0031	2379
15.0031	2379
15.0084	2379
15.0137	2379
15.0147	2379
15.0184	2379
15.0251	2379
15.0251	2379
15.0309	2379
15.0352	2379
15.0352	2379
15.0405	2379
15.0467	2379
15.0467	2379
15.0516	2379
15.0563	2379
15.0563	2379
15.062	2379
15.0664	2379
15.0674	2379
15.0726	2379
15.0778	2379
15.0778	2379
15.0841	2379
15.0884	2379
15.0894	2379
15.0946	2379
15.0999	2379
15.0999	2379
15.1056	2379
15.1123	2379
15.1123	2379
15.1172	2379
15.1224	2379
15.1224	2379
15.1276	2379
15.1339	2379
15.1339	2379
15.1382	2379
15.1435	2379
15.1435	2379
15.1492	2379
15.1559	2379
15.1559	2379
15.1608	2379
15.165	2379
15.165	2379
15.1712	2379
15.1775	2379
15.1775	2379
15.1823	2379
15.1871	2379
15.1871	2379
15.1928	2379
15.1972	2379
15.1982	2379
15.2024	2379
15.2086	2379
15.2086	2379
15.2135	2379
15.2182	2379
15.2182	2379
15.2239	2379
15.2283	2379
15.2293	2379
15.2335	2379
15.2398	2379
15.2398	2379
15.2446	2379
15.2493	2379
15.2493	2379
15.2551	2379
15.2594	2379
15.2604	2379
15.2657	2379
15.2709	2379
15.2709	2379
15.2771	2379
15.2815	2379
15.2825	2379
15.2871	2379
15.2929	2379
15.2929	2379
15.2978	2379
15.302	2379
15.302	2379
15.3083	2379
15.3126	2379
15.3136	2379
15.3184	2379
15.3241	2379
15.3241	2379
15.3298	2379
15.3342	2379
15.3342	2379
15.3394	2379
15.3456	2379
15.3456	2379
15.351	2379
15.3552	2379
15.3552	2379
15.361	2379
15.3677	2379
15.3677	2379
15.3734	2379
15.3778	2379
15.3788	2379
15.384	2379
15.3892	2379
15.3892	2379
15.3955	2379
15.3998	2379
15.4008	2379
15.4056	2379
15.4113	2379
15.4113	2379
15.417	2379
15.4214	2379
15.4224	2379
15.4276	2379
15.4328	2379
15.4328	2379
15.439	2379
15.4434	2379
15.4444	2379
15.4492	2379
15.4549	2379
15.4549	2379
15.4606	2379
15.465	2379
15.466	2379
15.4702	2379
15.4764	2379
15.4764	2379
15.4813	2379
15.487	2379
15.487	2379
15.4918	2379
15.4961	2379
15.4971	2379
15.5013	2379
15.5076	2379
15.5076	2379
15.5124	2379
15.5171	2379
15.5171	2379
15.5229	2379
15.5272	2379
15.5282	2379
15.5325	2379
15.5387	2379
15.5387	2379
15.5449	2379
15.5483	2379
15.5493	2379
15.554	2379
15.5607	2379
15.5607	2379
15.5656	2379
15.5708	2379
15.5708	2379
15.5761	2379
15.5804	2379
15.5814	2379
15.5862	2379
15.5919	2379
15.5919	2379
15.5976	2379
15.602	2379
15.603	2379
15.6072	2379
15.6134	2379
15.6134	2379
15.6183	2379
15.623	2379
15.623	2379
15.6288	2379
15.6336	2379
15.6346	2379
15.6383	2379
15.6446	2379
15.6446	2379
15.6508	2379
15.657	2379
15.657	2379
15.6624	2379
15.6676	2379
15.6676	2379
15.6724	2379
15.6791	2379
15.6791	2379
15.6848	2379
15.6892	2379
15.6892	2379
15.6944	2379
15.7006	2379
15.7006	2379
15.7069	2379
15.7102	2379
15.7112	2379
15.717	2379
15.7227	2379
15.7227	2379
15.7275	2379
15.7328	2379
15.7328	2379
15.738	2379
15.7442	2379
15.7442	2379
15.7491	2379
15.7548	2379
15.7548	2379
15.7596	2379
15.7649	2379
15.7659	2379
15.7691	2379
15.7754	2379
15.7754	2379
15.7802	2379
15.7859	2379
15.7859	2379
15.7907	2379
15.795	2379
15.796	2379
15.8003	2379
15.8065	2379
15.8065	2379
15.8114	2379
15.8161	2379
15.8161	2379
15.8218	2379
15.8267	2379
15.8277	2379
15.8314	2379
15.8376	2379
15.8376	2379
15.8439	2379
15.8472	2379
15.8482	2379
15.854	2379
15.8597	2379
15.8597	2379
15.8646	2379
15.8698	2379
15.8698	2379
15.875	2379
15.8812	2379
15.8812	2379
15.8861	2379
15.8918	2379
15.8918	2379
15.8966	2379
15.9019	2379
15.9029	2379
15.9062	2379
15.9124	2379
15.9124	2379
15.9173	2379
15.923	2379
15.923	2379
15.9277	2379
15.9344	2379
15.9344	2379
15.9402	2379
15.9445	2379
15.9455	2379
15.9507	2379
15.956	2379
15.956	2379
15.9622	2379
15.9666	2379
15.9676	2379
15.9723	2379
15.978	2379
15.978	2379
15.9838	2379
15.9886	2379
15.9886	2379
15.9933	2379
15.9996	2379
15.9996	2379
16.0058	2379
16.0092	2379
16.0102	2379
16.0159	2379
16.0216	2379
16.0216	2379
16.0274	2379
16.0317	2379
16.0327	2379
16.0379	2379
16.0432	2379
16.0432	2379
16.048	2379
16.0537	2379
16.0537	2379
16.0585	2379
16.0639	2379
16.0649	2379
16.0681	2379
16.0743	2379
16.0743	2379
16.0792	2379
16.0849	2379
16.0849	2379
16.0896	2379
16.095	2379
16.096	2379
16.0992	2379
16.1054	2379
16.1054	2379
16.1103	2379
16.115	2379
16.115	2379
16.1208	2379
16.1275	2379
16.1275	2379
16.1324	2379
16.1376	2379
16.1376	2379
16.1428	2379
16.1472	2379
16.1482	2379
16.1529	2379
16.1586	2379
16.1586	2379
16.1644	2379
16.1687	2379
16.1697	2379
16.175	2379
16.1802	2379
16.1802	2379
16.1851	2379
16.1908	2379
16.1908	2379
16.1955	2379
16.2022	2379
16.2022	2379
16.2071	2379
16.2123	2379
16.2123	2379
16.2176	2379
16.2238	2379
16.2238	2379
16.2281	2379
16.2334	2379
16.2334	2379
16.2391	2379
16.2458	2379
16.2458	2379
16.2516	2379
16.2559	2379
16.2569	2379
16.2611	2379
16.2674	2379
16.2674	2379
16.2723	2379
16.278	2379
16.278	2379
16.2827	2379
16.2894	2379
16.2894	2379
16.2943	2379
16.2995	2379
16.2995	2379
16.3047	2379
16.311	2379
16.311	2379
16.3158	2379
16.3206	2379
16.3206	2379
16.3263	2379
16.3307	2379
16.3317	2379
16.3369	2379
16.3421	2379
16.3421	2379
16.348	2379
16.3527	2379
16.3527	2379
16.3574	2379
16.3628	2379
16.3638	2379
16.367	2379
16.3733	2379
16.3733	2379
16.3781	2379
16.3838	2379
16.3838	2379
16.3886	2379
16.3939	2379
16.3949	2379
16.3982	2379
16.4044	2379
16.4044	2379
16.4106	2379
16.415	2379
16.416	2379
16.4207	2379
16.4264	2379
16.4264	2379
16.4313	2379
16.4365	2379
16.4365	2379
16.4418	2379
16.448	2379
16.448	2379
16.4523	2379
16.4576	2379
16.4576	2379
16.4633	2379
16.47	2379
16.47	2379
16.4759	2379
16.4801	2379
16.4801	2379
16.4854	2379
16.4907	2379
16.4917	2379
16.4955	2379
16.5012	2379
16.5012	2379
16.5069	2379
16.5113	2379
16.5113	2379
16.5165	2379
16.5227	2379
16.5227	2379
16.529	2379
16.5352	2379
16.5352	2379
16.5401	2379
16.5458	2379
16.5458	2379
16.5505	2379
16.5572	2379
16.5572	2379
16.5621	2379
16.5673	2379
16.5673	2379
16.5725	2379
16.5779	2379
16.5789	2379
16.5827	2379
16.5884	2379
16.5884	2379
16.5941	2379
16.5985	2379
16.5995	2379
16.6041	2379
16.608	2379
16.609	2379
16.6148	2379
16.6195	2379
16.6195	2379
16.6252	2379
16.6296	2379
16.6306	2379
16.6358	2379
16.6411	2379
16.6411	2379
16.6469	2379
16.6516	2379
16.6516	2379
16.6564	2379
16.6612	2379
16.6622	2379
16.667	2379
16.6722	2379
16.6722	2379
16.6771	2379
16.6828	2379
16.6828	2379
16.6875	2379
16.6942	2379
16.6942	2379
16.6991	2379
16.7043	2379
16.7043	2379
16.7096	2716
16.7139	2716
16.7149	2716
16.7187	2716
16.7224	2716
16.7234	2716
16.7274	2716
16.7311	2716
16.7325	2716
16.7365	2716
16.7405	2716
16.7417	2716
16.746	2716
16.7499	2716
16.7499	2716
16.7545	2716
16.7585	2716
16.7585	2716
16.7633	2716
16.768	2716
16.768	2716
16.7718	2716
16.7761	2716
16.7761	2716
16.7801	2716
16.7841	2716
16.7853	2716
16.7896	2716
16.7934	2716
16.7944	2716
16.7981	2716
16.8021	2716
16.8031	2716
16.8079	2716
16.8116	2716
16.8126	2716
16.8166	2716
16.8202	2716
16.8212	2716
16.8251	2716
16.8299	2716
16.8309	2716
16.8341	2716
16.8381	2716
16.8391	2716
16.8437	2716
16.8477	2716
16.8477	2716
16.8525	2716
16.8562	2716
16.8562	2716
16.86	2716
16.8653	2716
16.8653	2716
16.8693	2716
16.8749	2716
16.8749	2716
16.8787	2716
16.8826	2716
16.8836	2716
16.8873	2716
16.8931	2716
16.8931	2716
16.8974	2716
16.9026	2716
16.9026	2716
16.907	2716
16.9117	2716
16.9117	2716
16.9184	2716
16.9242	2716
16.9242	2716
16.9285	2716
16.9338	2716
16.9338	2716
16.94	2716
16.9434	2716
16.9434	2716
16.9496	2716
16.9553	2716
16.9553	2716
16.962	2716
16.9669	2716
16.9669	2716
16.9711	2716
16.9774	2716
16.9774	2716
16.9817	2716
16.9865	2716
16.9865	2716
16.9932	2716
16.9961	2716
16.9961	2716
17.0023	2716
17.0085	2716
17.0085	2716
17.0119	2716
17.0176	2716
17.0176	2716
17.0243	2716
17.0272	2716
17.0272	2716
17.0334	2716
17.0363	2716
17.0363	2716
17.043	2716
17.0459	2716
17.0459	2716
17.0521	2716
17.0583	2716
17.0583	2716
17.0617	2716
17.0674	2716
17.0674	2716
17.0741	2716
17.077	2716
17.077	2716
17.0832	2716
17.0861	2716
17.0861	2716
17.0928	2716
17.0986	2716
17.0986	2716
17.1019	2716
17.1082	2716
17.1082	2716
17.1115	2716
17.1173	2716
17.1173	2716
17.124	2716
17.1268	2716
17.1268	2716
17.1331	2716
17.1369	2716
17.1369	2716
17.1426	2716
17.1484	2716
17.1484	2716
17.1518	2716
17.158	2716
17.158	2716
17.1613	2716
17.1671	2716
17.1671	2716
17.1704	2716
17.1767	2716
17.1767	2716
17.1829	2716
17.1858	2716
17.1858	2716
17.1925	2716
17.1953	2716
17.1953	2716
17.1997	2716
17.2049	2716
17.2049	2716
17.2083	2716
17.214	2716
17.214	2716
17.2207	2716
17.2236	2716
17.2236	2716
17.2298	2716
17.2361	2716
17.2361	2716
17.2394	2716
17.2452	2716
17.2452	2716
17.2519	2716
17.2576	2716
17.2576	2716
17.2643	2716
17.2672	2716
17.2672	2716
17.2734	2716
17.2797	2716
17.2797	2716
17.283	2716
17.2888	2716
17.2891	2716
17.2941	2716
17.3007	2716
17.3017	2716
17.3067	2716
17.3122	2716
17.3132	2716
17.318	2716
17.3243	2716
17.3243	2716
17.3309	2716
17.3368	2716
17.3368	2716
17.3424	2716
17.3473	2716
17.3482	2716
17.3544	2716
17.3594	2716
17.3604	2716
17.3669	2716
17.3719	2716
17.3729	2716
17.3774	2716
17.383	2716
17.384	2716
17.3899	2716
17.3951	2716
17.3961	2716
17.4011	2716
17.4263	2438
17.4263	2438
17.4296	2438
17.4358	2438
17.4358	2438
17.4421	2438
17.4483	2438
17.4483	2438
17.4532	2438
17.4579	2438
17.4589	2438
17.4631	2438
17.4671	2438
17.4729	2438
17.4736	2438
17.4776	2438
17.4823	2438
17.4837	2438
17.4877	2438
17.4929	2438
17.4929	2438
17.4981	2438
17.5029	2438
17.5077	2438
17.5077	2438
17.5121	2438
17.5171	2438
17.5171	2438
17.5227	2438
17.5274	2438
17.5274	2438
17.5321	2438
17.5371	2438
17.5371	2438
17.5426	2438
17.5466	2438
17.5476	2438
17.5523	2438
17.556	2438
17.558	2438
17.5629	2438
17.5671	2438
17.5671	2438
17.5734	2438
17.5776	2438
17.5796	2438
17.5835	2438
17.5882	2438
17.5892	2438
17.5949	2438
17.5986	2438
17.6016	2438
17.6055	2438
17.6107	2438
17.6107	2438
17.6151	2438
17.6203	2438
17.6203	2438
17.6261	2438
17.6308	2438
17.6328	2438
17.6366	2438
17.6419	2438
17.6419	2438
17.6476	2438
17.652	2438
17.653	2438
17.6572	2438
17.6616	2438
17.6634	2438
17.6673	2438
17.672	2438
17.673	2438
17.6779	2438
17.6821	2438
17.6821	2438
17.6879	2438
17.695	2438
17.6979	2438
17.7037	2438
17.7079	2438
17.7099	2438
17.7132	2438
17.7181	2438
17.7181	2438
17.7234	2438
17.7284	2438
17.7284	2438
17.7335	2438
17.7387	2438
17.7387	2438
17.7434	2438
17.7478	2438
17.7488	2438
17.753	2438
17.7573	2438
17.7583	2438
17.7631	2438
17.7671	2438
17.7681	2438
17.7736	2438
17.7775	2438
17.7785	2438
17.7832	2438
17.7872	2438
17.7882	2438
17.7923	2438
17.7973	2438
17.7983	2438
17.8025	2438
17.8077	2438
17.8087	2438
17.8121	2438
17.8173	2438
17.8183	2438
17.8224	2438
17.8279	2438
17.8289	2438
17.8326	2438
17.8379	2438
17.8379	2438
17.8431	2438
17.8474	2438
17.8484	2438
17.8522	2438
17.8589	2438
17.8589	2438
17.8638	2438
17.868	2438
17.868	2438
17.8742	2438
17.8805	2438
17.8805	2438
17.8853	2438
17.89	2438
17.89	2438
17.8958	2438
17.8996	2438
17.9006	2438
17.9054	2438
17.9116	2438
17.9116	2438
17.9165	2438
17.9212	2438
17.9212	2438
17.9269	2438
17.9336	2438
17.9336	2438
17.9385	2438
17.9427	2438
17.9437	2438
17.949	2438
17.9523	2438
17.9533	2438
17.9581	2438
17.9648	2438
17.9648	2438
17.9705	2438
17.9772	2438
17.9772	2438
17.9821	2438
17.9863	2438
17.9873	2438
17.9926	2438
17.9969	2438
17.9979	2438
18.0027	2438
18.0084	2438
18.0084	2438
18.0133	2438
18.0175	2438
18.0185	2438
18.0237	2438
18.0271	2438
18.0281	2438
18.0337	2438
18.0395	2438
18.0395	2438
18.0444	2438
18.0486	2438
18.0496	2438
18.0548	2438
18.0582	2438
18.0592	2438
18.0648	2438
18.0707	2438
18.0707	2438
18.0755	2438
18.0798	2438
18.0808	2438
18.0851	2438
18.0893	2438
18.0903	2438
18.0951	2438
18.1018	2438
18.1018	2438
18.1067	2438
18.1109	2438
18.1119	2438
18.1171	2438
18.1215	2438
18.1225	2438
18.1262	2438
18.1329	2438
18.1329	2438
18.1378	2438
18.142	2438
18.142	2438
18.1483	2438
18.1545	2438
18.1545	2438
18.1594	2438
18.1641	2438
18.1641	2438
18.1698	2438
18.1737	2438
18.1747	2438
18.1794	2438
18.1856	2438
18.1856	2438
18.1919	2438
18.1952	2438
18.1962	2438
18.201	2438
18.2077	2438
18.2077	2438
18.2125	2438
18.2168	2438
18.2178	2438
18.223	2438
18.2274	2438
18.2284	2438
18.2321	2438
18.2388	2438
18.2388	2438
18.2446	2438
18.2513	2438
18.2513	2438
18.2561	2438
18.2604	2438
18.2614	2438
18.2666	2438
18.271	2438
18.2719	2438
18.2767	2438
18.2824	2438
18.2824	2438
18.2873	2438
18.2915	2438
18.2925	2438
18.2977	2438
18.3011	2438
18.3021	2438
18.3078	2438
18.3135	2438
18.3135	2438
18.3193	2438
18.3237	2438
18.3246	2438
18.3289	2438
18.3351	2438
18.3351	2438
18.341	2438
18.3447	2438
18.3457	2438
18.3504	2438
18.3543	2438
18.3553	2438
18.36	2438
18.3662	2438
18.3662	2438
18.3711	2438
18.3758	2438
18.3768	2438
18.3816	2438
18.3883	2438
18.3883	2438
18.3932	2438
18.3974	2438
18.3984	2438
18.4037	2438
18.408	2438
18.409	2438
18.4137	2438
18.4194	2438
18.4194	2438
18.4252	2438
18.4295	2438
18.4305	2438
18.4348	2438
18.441	2438
18.441	2438
18.4453	2438
18.4506	2438
18.4506	2438
18.4563	2438
18.463	2438
18.463	2438
18.4689	2438
18.4721	2438
18.4731	2438
18.4784	2438
18.4827	2438
18.4837	2438
18.4885	2438
18.4942	2438
18.4942	2438
18.4999	2438
18.5033	2438
18.5043	2438
18.5095	2438
18.5157	2438
18.5157	2438
18.5201	2438
18.5253	2438
18.5253	2438
18.5311	2438
18.5378	2438
18.5378	2438
18.5426	2438
18.5469	2438
18.5479	2438
18.5531	2438
18.5593	2438
18.5593	2438
18.5642	2438
18.5689	2438
18.5699	2438
18.5746	2438
18.579	2438
18.58	2438
18.5842	2438
18.5905	2438
18.5905	2438
18.5958	2438
18.6	2438
18.6	2438
18.6058	2438
18.6096	2438
18.6106	2438
18.6154	2438
18.6216	2438
18.6216	2438
18.6278	2438
18.6312	2438
18.6322	2438
18.6369	2438
18.6436	2438
18.6436	2438
18.6485	2438
18.6527	2438
18.6537	2438
18.659	2438
18.6652	2438
18.6652	2438
18.6701	2438
18.6748	2438
18.6758	2438
18.6805	2438
18.6844	2438
18.6854	2438
18.6901	2438
18.6963	2438
18.6963	2438
18.7026	2438
18.7069	2438
18.7079	2438
18.7117	2438
18.7184	2438
18.7184	2438
18.7232	2438
18.7275	2438
18.7285	2438
18.7337	2438
18.7399	2438
18.7399	2438
18.7443	2438
18.7495	2438
18.7495	2438
18.7553	2438
18.7596	2438
18.7606	2438
18.7648	2438
18.7711	2438
18.7711	2438
18.7773	2438
18.7816	2438
18.7826	2438
18.7864	2438
18.7931	2438
18.7931	2438
18.799	2438
18.8022	2438
18.8032	2438
18.8084	2438
18.8147	2438
18.8147	2438
18.8195	2438
18.8242	2438
18.8242	2438
18.83	2438
18.8338	2438
18.8348	2438
18.8396	2438
18.8458	2438
18.8458	2438
18.852	2438
18.8564	2438
18.8574	2438
18.8611	2438
18.8678	2438
18.8678	2438
18.8727	2438
18.8769	2438
18.8779	2438
18.8832	2438
18.8875	2438
18.8885	2438
18.8923	2438
18.899	2438
18.899	2438
18.9047	2438
18.9081	2438
18.9091	2438
18.9143	2438
18.9205	2438
18.9205	2438
18.9268	2438
18.9301	2438
18.9311	2438
18.9359	2438
18.9426	2438
18.9426	2438
18.9475	2438
18.9517	2438
18.9527	2438
18.9579	2438
18.9641	2438
18.9641	2438
18.969	2438
18.9737	2438
18.9747	2438
18.9795	2438
18.9833	2438
18.9843	2438
18.989	2438
18.9953	2438
18.9953	2438
19.0006	2438
19.0049	2438
19.0059	2438
19.0106	2438
19.0173	2438
19.0173	2438
19.0222	2438
19.0264	2438
19.0274	2438
19.0326	2438
19.037	2438
19.038	2438
19.0427	2438
19.0485	2438
19.0485	2438
19.0542	2438
19.0586	2438
19.0596	2438
19.0638	2438
19.07	2438
19.07	2438
19.0762	2438
19.0806	2438
19.0816	2438
19.0853	2438
19.092	2438
19.092	2438
19.0979	2438
19.1012	2438
19.1022	2438
19.1074	2438
19.1117	2438
19.1127	2438
19.1175	2438
19.1232	2438
19.1232	2438
19.1289	2438
19.1323	2438
19.1333	2438
19.1385	2438
19.1447	2438
19.1447	2438
19.1491	2438
19.1543	2438
19.1543	2438
19.1601	2438
19.1668	2438
19.1668	2438
19.1717	2438
19.1759	2438
19.1769	2438
19.1821	2438
19.1865	2438
19.1875	2438
19.1912	2438
19.1979	2438
19.1979	2438
19.2037	2438
19.207	2438
19.208	2438
19.2133	2438
19.2195	2438
19.2195	2438
19.2257	2438
19.2291	2438
19.2301	2438
19.2348	2438
19.2415	2438
19.2415	2438
19.2464	2438
19.2506	2438
19.2516	2438
19.2569	2438
19.2631	2438
19.2631	2438
19.269	2438
19.2727	2438
19.2737	2438
19.2784	2438
19.2828	2438
19.2838	2438
19.289	2438
19.2942	2438
19.2942	2438
19.2996	2438
19.3038	2438
19.3048	2438
19.3096	2438
19.3163	2438
19.3163	2438
19.3211	2438
19.3254	2438
19.3264	2438
19.3316	2438
19.3359	2438
19.3369	2438
19.3417	2438
19.3474	2438
19.3474	2438
19.3531	2438
19.3575	2438
19.3585	2438
19.3627	2438
19.369	2438
19.369	2438
19.3752	2438
19.3795	2438
19.3805	2438
19.3843	2438
19.3891	2438
19.3901	2438
19.3949	2438
19.4001	2438
19.4001	2438
19.4063	2438
19.4107	2438
19.4117	2438
19.4154	2438
19.4221	2438
19.4221	2438
19.4279	2438
19.4312	2438
19.4322	2438
19.4375	2438
19.4437	2438
19.4437	2438
19.4499	2438
19.4533	2438
19.4543	2438
19.459	2438
19.4657	2438
19.4657	2438
19.4706	2438
19.4748	2438
19.4758	2438
19.4811	2438
19.4854	2438
19.4864	2438
19.4902	2438
19.4969	2438
19.4969	2438
19.5026	2438
19.507	2438
19.508	2438
19.5122	2438
19.5184	2438
19.5184	2438
19.5247	2438
19.528	2438
19.529	2438
19.5338	2438
19.5405	2438
19.5405	2438
19.5462	2438
19.5506	2438
19.5516	2438
19.5558	2438
19.562	2438
19.562	2438
19.5679	2438
19.5716	2438
19.5726	2438
19.5774	2438
19.5817	2438
19.5827	2438
19.5879	2438
19.5932	2438
19.5932	2438
19.5985	2438
19.6027	2438
19.6037	2438
19.6085	2438
19.6152	2438
19.6152	2438
19.6201	2438
19.6243	2438
19.6253	2438
19.6305	2438
19.6349	2438
19.6359	2438
19.6406	2438
19.6463	2438
19.6463	2438
19.6521	2438
19.6569	2438
19.6579	2438
19.6617	2438
19.6679	2438
19.6679	2438
19.6723	2438
19.6775	2438
19.6775	2438
19.6832	2438
19.6899	2438
19.6899	2438
19.6948	2438
19.699	2438
19.699	2438
19.7053	2438
19.7096	2438
19.7106	2438
19.7144	2438
19.7211	2438
19.7211	2438
19.7268	2438
19.7302	2438
19.7312	2438
19.7364	2438
19.7426	2438
19.7426	2438
19.7489	2438
19.7522	2438
19.7532	2438
19.758	2438
19.7647	2438
19.7647	2438
19.7695	2438
19.7738	2438
19.7748	2438
19.78	2438
19.7862	2438
19.7862	2438
19.7911	2438
19.7958	2438
19.7968	2438
19.8016	2438
19.8059	2438
19.8069	2438
19.8111	2438
19.8174	2438
19.8174	2438
19.8236	2438
19.828	2438
19.829	2438
19.8327	2438
19.8394	2438
19.8394	2438
19.8452	2438
19.8495	2438
19.8505	2438
19.8547	2438
19.8591	2438
19.8601	2438
19.8648	2438
19.8705	2438
19.8705	2438
19.8763	2438
19.8807	2438
19.8817	2438
19.8859	2438
19.8921	2438
19.8921	2438
19.8983	2438
19.9027	2438
19.9037	2438
19.9074	2438
19.9141	2438
19.9141	2438
19.919	2438
19.9232	2438
19.9242	2438
19.9295	2438
19.9357	2438
19.9357	2438
19.9406	2438
19.9453	2438
19.9453	2438
19.951	2438
19.9554	2438
19.9564	2438
19.9606	2438
19.9668	2438
19.9668	2438
19.9731	2438
19.9774	2438
19.9784	2438
19.9822	2438
19.9889	2438
19.9889	2438
19.9938	2438
19.998	2438
19.999	2438
