0.01	0
0.01	0
0.01	0
0.01	0
0.01	0
0.01	0
0.01	0
0.01	0
0.01	0
0.01	0
0.01	0
0.014	0
0.015	0
0.02	0
0.0931925	133
0.0941925	133
0.102281	501
0.110873	731
0.111841	820
0.118057	989
0.124797	1044
0.124797	1044
0.130797	1044
0.135797	1044
0.136797	1044
0.141797	1044
0.147797	1044
0.147797	1044
0.153797	1044
0.158797	1044
0.159797	1044
0.164797	1044
0.170797	1044
0.171797	1044
0.176797	1303
0.180389	1420
0.181389	1420
0.185389	1420
0.189477	1420
0.189477	1420
0.193477	1420
0.197037	1420
0.198037	1420
0.202253	1420
0.206401	1420
0.206401	1420
0.210369	1420
0.214993	1420
0.215993	1420
0.219401	1420
0.223993	1420
0.223993	1420
0.227993	1420
0.231369	1420
0.232369	1420
0.236369	1420
0.240401	1420
0.240401	1420
0.244993	1420
0.248993	1420
0.249209	1420
0.253401	1420
0.257241	1420
0.257241	1420
0.261994	1923
0.264586	1942
0.265586	1942
0.268586	1942
0.27033	1942
0.271706	1961
0.274674	2067
0.276674	2067
0.277674	2067
0.280794	2176
0.282762	2220
0.283762	2220
0.285762	2220
0.288762	2220
0.288762	2220
0.290354	2299
0.293322	2349
0.293322	2349
0.296322	2349
0.298066	2349
0.298066	2349
0.30141	2349
0.30341	2349
0.30441	2349
0.30641	2349
0.308002	2369
0.309002	2369
0.31197	2387
0.31397	2387
0.31497	2387
0.316714	2387
0.31909	2395
0.31909	2395
0.321058	2441
0.324058	2441
0.324058	2441
0.326058	2441
0.32865	2497
0.329618	2539
0.331618	2539
0.333618	2539
0.334618	2539
0.336738	2539
0.338706	2586
0.338706	2586
0.340706	2586
0.34305	2635
0.34305	2635
0.34505	2635
0.347298	2635
0.348266	2653
0.350266	2653
0.352266	2653
0.352266	2653
0.35401	2653
0.357358	2653
0.357358	2653
0.360232	2653
0.366924	2671
0.366924	2671
0.369798	2671
0.373146	2671
0.373146	2671
0.378892	2671
0.38224	2671
0.38224	2671
0.385114	2688
0.387114	2688
0.387114	2688
0.391806	2688
0.39468	2744
0.39468	2744
0.398028	2744
0.403774	2744
0.403774	2744
0.407122	2777
0.409122	2777
0.409122	2777
0.411468	2777
0.416688	2777
0.416688	2777
0.419562	2777
0.425782	2829
0.425782	2829
0.428656	2829
0.432004	2829
0.432004	2829
0.438222	2829
0.44157	2829
0.44157	2829
0.444444	2829
0.450664	2829
0.450664	2829
0.453538	2829
0.457358	2853
0.457358	2853
0.459358	2853
0.463104	2853
0.463104	2853
0.466452	2853
0.469326	2873
0.469326	2873
0.475546	2873
0.47842	2873
0.47842	2873
0.481768	2874
0.487986	2874
0.487986	2874
0.491334	2874
0.494208	2891
0.494208	2891
0.500428	2891
0.503302	2919
0.503302	2919
0.50568	2919
0.50765	2919
0.50765	2919
0.512868	2919
0.519088	2919
0.519088	2919
0.521962	2919
0.525782	2919
0.525782	2919
0.531528	2919
0.537748	2919
0.537748	2919
0.540622	2919
0.544442	2919
0.544442	2919
0.550188	2919
0.556408	2919
0.556408	2919
0.559282	2919
0.565974	2919
0.565974	2919
0.568848	2919
0.575068	2919
0.575068	2919
0.577942	2919
0.584634	2919
0.584634	2919
0.587508	2919
0.590856	2919
0.590856	2919
0.596602	2919
0.59995	2919
0.59995	2919
0.606172	2919
0.612394	2919
0.612394	2919
0.615268	2919
0.621964	2919
0.621964	2919
0.627712	2919
0.631534	2919
0.631534	2919
0.637282	2919
0.64063	2919
0.64063	2919
0.646378	2919
0.653074	2919
0.653074	2919
0.658822	2919
0.66217	2919
0.66217	2919
0.668392	2919
0.674614	2919
0.674614	2919
0.677962	2919
0.684184	2919
0.684184	2919
0.689932	2919
0.69328	2919
0.69328	2919
0.696154	2919
0.699502	2919
0.699502	2919
0.705724	2919
0.709072	2919
0.709072	2919
0.711946	2919
0.718168	2919
0.718168	2919
0.721042	2919
0.727738	2919
0.727738	2919
0.730612	2919
0.73396	2919
0.73396	2919
0.739708	2919
0.746404	2919
0.746404	2919
0.749278	2919
0.752626	2919
0.752626	2919
0.758374	2919
0.76507	2919
0.76507	2919
0.767944	2919
0.771292	2919
0.771292	2919
0.77704	2919
0.780388	2919
0.780388	2919
0.78661	2919
0.789958	2919
0.789958	2919
0.795706	2919
0.802402	2919
0.802402	2919
0.805276	2919
0.811498	2919
0.811498	2919
0.814372	2919
0.81772	2919
0.81772	2919
0.823942	2919
0.82729	2919
0.82729	2919
0.833038	2919
0.839734	2919
0.839734	2919
0.845482	2919
0.84883	2919
0.84883	2919
0.855052	2919
0.861274	2919
0.861274	2919
0.864148	2919
0.870844	2919
0.870844	2919
0.876592	2919
0.87994	2919
0.88094	2919
0.88754	2919
0.89551	2919
0.89651	2919
0.904954	2919
0.912428	2919
0.913428	2919
0.920146	2919
0.928842	2919
0.929716	2919
0.937938	2919
0.945516	2919
0.946516	2919
0.954744	2919
0.961222	2919
0.962222	2919
0.970422	2919
0.978552	2919
0.979524	2919
0.987128	2919
0.9941	2919
0.99685	2919
1.00355	2919
1.01178	2919
1.01278	2919
1.02088	2919
1.02846	2919
1.02946	2919
1.03693	2919
1.04478	2919
1.04504	2919
1.05388	2919
1.06146	2919
1.06246	2919
1.07069	2919
1.07726	2919
1.07826	2919
1.08674	2919
1.09446	2919
1.09546	2919
1.10316	2919
1.11064	2919
1.11264	2919
1.11961	2919
1.12796	2919
1.12894	2919
1.13616	2919
1.14473	2919
1.14573	2919
1.15248	2919
1.16018	2919
1.16118	2919
1.16931	2919
1.17738	2919
1.17838	2919
1.18608	2919
1.19356	2919
1.19453	2919
1.19853	2919
1.20128	2919
1.20128	2919
1.20401	2919
1.20798	2919
1.20898	2919
1.21198	2919
1.21473	2919
1.21473	2919
1.21746	2919
1.22143	2919
1.22143	2919
1.22443	2919
1.22718	2919
1.22818	2919
1.23188	2919
1.23488	2919
1.23488	2919
1.23763	2919
1.24063	2919
1.24136	2919
1.24433	2919
1.24721	2919
1.24821	2919
1.25121	2919
1.25481	2919
1.25481	2919
1.25778	2919
1.26078	2919
1.26178	2919
1.26453	2919
1.26726	2919
1.26726	2919
1.27023	2919
1.27423	2919
1.27423	2919
1.27798	2919
1.28098	2919
1.28159	2919
1.28659	2919
1.29191	2919
1.29291	2919
1.29738	2919
1.30238	2919
1.30323	2919
1.30823	2919
1.31371	2919
1.31471	2919
1.31903	2919
1.32403	2919
1.32578	2919
1.33051	2919
1.33535	2919
1.33635	2919
1.34196	2919
1.3468	2919
1.3478	2919
1.35206	2919
1.35791	2919
1.35891	2919
1.36361	2919
1.36748	2919
1.36848	2919
1.37171	2919
1.37571	2919
1.37671	2919
1.38093	2919
1.38416	2919
1.38416	2919
1.38816	2919
1.39276	2919
1.39276	2919
1.39673	2919
1.40086	2919
1.40186	2919
1.40584	2919
1.40884	2919
1.40906	2919
1.41341	2919
1.41741	2919
1.41741	2919
1.42151	2919
1.42551	2919
1.42651	2919
1.42912	2919
1.43309	2919
1.43409	2919
1.43822	2919
1.44219	2919
1.44219	2919
1.44619	2919
1.45077	2919
1.45077	2919
1.45477	2919
1.45837	2919
1.45937	2919
1.46322	2919
1.46622	2919
1.46722	2919
1.4717	2919
1.47567	2919
1.47567	2919
1.47967	2919
1.48327	2919
1.48427	2919
1.48712	2919
1.49112	2919
1.49212	2919
1.49669	2919
1.50069	2919
1.50069	2919
1.50469	2919
1.50832	2919
1.50832	2919
1.51202	2919
1.51602	2919
1.51702	2919
1.52124	2919
1.52424	2919
1.52537	2919
1.52934	2919
1.53334	2919
1.53334	2919
1.53744	2919
1.54118	2919
1.54315	2919
1.5489	2919
1.55551	2919
1.55848	2919
1.56471	2919
1.56709	2919
1.57094	2919
1.57716	2919
1.58052	2919
1.58152	2919
1.58627	2919
1.58962	2919
1.59062	2919
1.5945	2919
1.59823	2919
1.60208	2919
1.60595	2919
1.60968	2919
1.61166	2919
1.61453	2919
1.61879	2919
1.62076	2919
1.62364	2919
1.62737	2919
1.63034	2919
1.63609	2919
1.63982	2919
1.6428	2919
1.64855	2919
1.65228	2919
1.65525	2919
1.661	2919
1.66436	2919
1.66536	2919
1.66971	2919
1.67384	2919
1.67681	2919
1.67969	2919
1.68342	2919
1.68639	2919
1.68927	2919
1.69352	2919
1.6955	2919
1.69837	2919
1.7021	2919
1.70508	2919
1.70833	2919
1.71233	2919
1.71418	2919
1.71706	2919
1.72141	2919
1.72241	2919
1.72664	2919
1.73089	2919
1.73286	2919
1.73574	2919
1.73947	2919
1.74244	2919
1.7482	2919
1.75155	2919
1.75255	2919
1.75778	2919
1.76016	2919
1.764	2919
1.76788	2919
1.77161	2919
1.77358	2919
1.77646	2919
1.78072	2919
1.78604	2919
1.79179	2919
1.79552	2919
1.7985	2919
1.80472	2919
1.80798	2919
1.81383	2919
1.82006	2919
1.82331	2919
1.82628	2919
1.83251	2919
1.83586	2919
1.83686	2919
1.84162	2919
1.84535	2919
1.8512	2919
1.87946	2919
1.88521	2919
1.88521	2919
1.89192	2919
1.89767	2919
1.89767	2919
1.90102	2919
1.90725	2919
1.90725	2919
1.9106	2919
1.91635	2919
1.91635	2919
1.92306	2919
1.92881	2919
1.92881	2919
1.93551	2919
1.94039	2919
1.94039	2919
1.94662	2919
1.95122	2919
1.95122	2919
1.95707	2919
1.96233	2919
1.96233	2919
1.96865	2919
1.97388	2919
1.97488	2919
1.97901	2919
1.98401	2919
1.98501	2919
1.99059	2919
1.99544	2919
1.99644	2919
2.00105	2919
2.00602	2919
2.00728	2919
2.01228	2919
2.017	2919
2.018	2919
2.02173	2919
2.02558	2919
2.02658	2919
2.03084	2919
2.03484	2919
2.03484	2919
2.03804	2919
2.04229	2919
2.04229	2919
2.04626	2919
2.05049	2919
2.05187	2919
2.05672	2919
2.06295	2919
2.06295	2919
2.06918	2919
2.0754	2919
2.0754	2919
2.08163	2919
2.08786	2919
2.08786	2919
2.09744	2919
2.11277	2919
2.11277	2919
2.119	2919
2.12523	2919
2.12523	2919
2.13146	2919
2.13433	2919
2.13533	2919
2.14104	2919
2.14491	2919
2.14591	2919
2.15014	2919
2.15637	2919
2.15637	2919
2.1626	2919
2.16882	2919
2.16882	2919
2.17218	2919
2.17793	2919
2.17793	2919
2.18128	2919
2.18751	2919
2.18751	2919
2.19374	2919
2.19996	2919
2.19996	2919
2.20619	2919
2.20907	2919
2.21007	2919
2.21577	2919
2.22152	2919
2.22152	2919
2.22588	2919
2.2311	2919
2.2311	2919
2.23733	2919
2.24021	2919
2.24121	2919
2.24691	2919
2.24979	2919
2.25079	2919
2.25602	2919
2.25989	2919
2.26089	2919
2.2656	2919
2.26847	2919
2.26947	2919
2.2747	2919
2.27758	2919
2.27858	2919
2.28428	2919
2.28716	2919
2.28816	2919
2.29338	2919
2.29961	2919
2.29961	2919
2.30584	2919
2.31207	2919
2.31207	2919
2.3183	2919
2.32452	2919
2.32452	2919
2.33698	2919
2.34321	2919
2.34321	2919
2.34944	2919
2.35566	2919
2.35566	2919
2.36189	2919
2.36812	2919
2.36812	2919
2.37435	2919
2.38345	2919
2.38345	2919
2.39016	2919
2.39591	2919
2.39591	2919
2.40261	2919
2.40549	2919
2.40649	2919
2.41172	2919
2.41459	2919
2.41559	2919
2.4213	2919
2.42705	2919
2.42705	2919
2.43375	2919
2.4395	2919
2.4395	2919
2.44386	2919
2.44908	2919
2.44908	2919
2.45344	2919
2.45819	2919
2.45819	2919
2.46489	2919
2.47064	2919
2.47064	2919
2.475	2919
2.48022	2919
2.48022	2919
2.48458	2919
2.48933	2919
2.48933	2919
2.49603	2919
2.49991	2919
2.50091	2919
2.50514	2919
2.51136	2919
2.51136	2919
2.51472	2919
2.52047	2919
2.52047	2919
2.52382	2919
2.53005	2919
2.53005	2919
2.5334	2919
2.53915	2919
2.53915	2919
2.54586	2919
2.54873	2919
2.54873	2919
2.55496	2919
2.56119	2919
2.56157	2919
2.56454	2919
2.57029	2919
2.57067	2919
2.57364	2919
2.57987	2919
2.58025	2919
2.58322	2919
2.58898	2919
2.59271	2919
2.59768	2919
2.60281	2919
2.60381	2919
2.60804	2919
2.61349	2919
2.61449	2919
2.61962	2919
2.62459	2919
2.62559	2919
2.6307	2919
2.63505	2919
2.63605	2919
2.64128	2919
2.64641	2919
2.64741	2919
2.65264	2919
2.65761	2919
2.65861	2919
2.66322	2919
2.66819	2919
2.66919	2919
2.67429	2919
2.67864	2919
2.67864	2919
2.68287	2919
2.68675	2919
2.68775	2919
2.691	2919
2.69485	2919
2.69571	2919
2.69968	2919
2.70368	2919
2.70368	2919
2.70778	2919
2.71178	2919
2.71278	2919
2.71592	2919
2.71976	2919
2.72076	2919
2.7245	2919
2.72847	2919
2.72847	2919
2.73234	2919
2.73657	2919
2.73657	2919
2.75138	2459
2.75426	2459
2.75426	2459
2.76048	2459
2.76436	2459
2.76536	2459
2.77006	2459
2.77494	2459
2.77594	2459
2.77917	2459
2.7849	2459
2.7859	2459
2.78975	2459
2.794	2459
2.794	2459
2.79998	2459
2.80408	2459
2.80408	2459
2.80908	2459
2.81366	2459
2.81466	2459
2.81941	2459
2.82376	2459
2.82476	2459
2.82937	2459
2.83334	2459
2.83434	2459
2.8381	2459
2.84392	2459
2.84492	2459
2.84868	2459
2.8539	2459
2.8539	2459
2.8589	2459
2.86348	2459
2.86348	2459
2.86848	2459
2.87209	2459
2.87306	2459
2.87806	2459
2.88207	2459
2.88307	2459
2.88804	2459
2.89265	2475
2.89365	2475
2.89762	2475
2.90276	2475
2.90376	2475
2.9072	2475
2.91296	2475
2.91296	2475
2.91718	2475
2.92118	2475
2.92218	2475
2.92767	2475
2.93164	2475
2.93264	2475
2.93664	2475
2.9411	2475
2.9421	2475
2.9461	2475
2.95158	2475
2.95158	2475
2.95643	2475
2.96016	2475
2.96116	2475
2.96613	2475
2.97088	2475
2.97188	2475
2.97559	2475
2.98134	2475
2.98134	2475
2.98669	2475
2.99092	2475
2.99192	2475
2.99715	2475
3.0015	2475
3.0025	2475
3.00673	2475
3.01248	2475
3.01248	2475
3.01918	2475
3.02494	2475
3.02494	2475
3.03164	2475
3.03552	2475
3.03652	2475
3.04074	2475
3.04697	2475
3.04697	2475
3.05132	2475
3.05608	2475
3.05608	2475
3.06278	2475
3.06853	2475
3.06853	2475
3.07336	2475
3.07811	2475
3.07811	2475
3.08434	2475
3.09057	2475
3.09057	2475
3.0968	2475
3.10067	2475
3.10167	2475
3.10638	2475
3.11213	2475
3.11213	2475
3.11883	2475
3.12458	2475
3.12458	2475
3.12994	2475
3.13416	2475
3.13416	2475
3.14039	2475
3.14427	2475
3.14527	2475
3.14997	2475
3.15572	2475
3.15572	2475
3.16243	2475
3.1663	2475
3.1673	2475
3.17153	2475
3.17776	2475
3.17776	2475
3.18399	2475
3.19022	2475
3.19022	2475
3.19644	2475
3.19932	2475
3.20032	2475
3.20602	2475
3.21178	2475
3.21178	2475
3.21848	2475
3.22423	2475
3.22423	2475
3.23094	2475
3.23669	2475
3.23669	2475
3.24004	2475
3.24627	2475
3.24627	2475
3.2525	2475
3.25872	2475
3.25872	2475
3.26595	2475
3.27118	2475
3.27118	2475
3.27841	2475
3.28402	2475
3.28502	2475
3.29199	2475
3.29747	2475
3.29847	2475
3.30444	2475
3.31005	2475
3.31105	2475
3.31778	2475
3.323	2475
3.324	2475
3.33023	2475
3.33646	2475
3.33646	2475
3.34169	2475
3.34692	2475
3.34692	2475
3.35192	2475
3.35552	2475
3.35652	2475
3.36125	2475
3.36598	2475
3.36698	2475
3.37095	2475
3.3757	2475
3.3757	2475
3.38041	2475
3.38616	2475
3.38616	2475
3.39199	2475
3.39574	2475
3.39674	2475
3.40197	2475
3.41107	2475
3.41107	2475
3.41642	2475
3.42065	2475
3.42165	2475
3.42688	2475
3.43311	2475
3.43311	2475
3.43934	2475
3.44556	2475
3.44556	2475
3.45179	2475
3.45567	2475
3.45667	2475
3.46137	2475
3.46712	2475
3.46712	2475
3.47383	2475
3.47958	2475
3.47958	2475
3.48628	2475
3.49204	2475
3.49204	2475
3.49874	2475
3.50784	2475
3.50784	2475
3.51407	2475
3.5203	2475
3.5203	2475
3.527	2475
3.53563	2475
3.53563	2475
3.54234	2475
3.54809	2475
3.54809	2475
3.55767	2475
3.56102	2475
3.56202	2475
3.56725	2475
3.57348	2475
3.57348	2475
3.5797	2475
3.58546	2475
3.58546	2475
3.59216	2475
3.59791	2475
3.59791	2475
3.60462	2475
3.61037	2475
3.61037	2475
3.61707	2475
3.62282	2475
3.62282	2475
3.62953	2475
3.63528	2475
3.63528	2475
3.64198	2475
3.64774	2475
3.64774	2475
3.65256	2475
3.65732	2475
3.65732	2475
3.66354	2475
3.6679	2475
3.6689	2475
3.67312	2475
3.67888	2475
3.67888	2475
3.6837	2475
3.68846	2475
3.68846	2475
3.69468	2475
3.70091	2475
3.70091	2475
3.70526	2475
3.71002	2475
3.71002	2475
3.71672	2475
3.72247	2475
3.72247	2475
3.72918	2475
3.73305	2475
3.73405	2475
3.73828	2475
3.74451	2475
3.74451	2475
3.75074	2475
3.75696	2475
3.75696	2475
3.76319	2475
3.76942	2475
3.76942	2475
3.77565	2475
3.78188	2475
3.78188	2475
3.7881	2475
3.79433	2475
3.79433	2475
3.80056	2475
3.80679	2475
3.80679	2475
3.81302	2475
3.81924	2475
3.81924	2475
3.82547	2475
3.8317	2475
3.8317	2475
3.83793	2475
3.84416	2475
3.84416	2475
3.85038	2475
3.85661	2475
3.85661	2475
3.86284	2475
3.86572	2475
3.86672	2475
3.87242	2475
3.87817	2475
3.87817	2475
3.88488	2475
3.89063	2475
3.89063	2475
3.89733	2475
3.90021	2475
3.90121	2475
3.90744	2475
3.91366	2475
3.91466	2475
3.92089	2475
3.92612	2475
3.92712	2475
3.93335	2475
3.93958	2475
3.94058	2475
3.9468	2475
3.95241	2475
3.95341	2475
3.95914	2475
3.96584	2475
3.96684	2475
3.97259	2475
3.9783	2475
3.9793	2475
3.98505	2475
3.99075	2475
3.99075	2475
3.99575	2475
4.00024	2475
4.00024	2475
4.00521	2475
4.00996	2475
4.01096	2475
4.01566	2475
4.02142	2475
4.02142	2475
4.02812	2475
4.03387	2475
4.03387	2475
4.04058	2475
4.04633	2475
4.04633	2475
4.05303	2475
4.05878	2475
4.05878	2475
4.06549	2475
4.07124	2475
4.07124	2475
4.07794	2475
4.0837	2475
4.0837	2475
4.0904	2475
4.09615	2475
4.09615	2475
4.10286	2475
4.10861	2475
4.10861	2475
4.11531	2475
4.12106	2475
4.12106	2475
4.12642	2475
4.13064	2475
4.13164	2475
4.14022	2475
4.14598	2475
4.14598	2475
4.1508	2475
4.15843	2475
4.15843	2475
4.16514	2475
4.17089	2475
4.17089	2475
4.17759	2475
4.18334	2475
4.18334	2475
4.19005	2475
4.1958	2475
4.1958	2475
4.2025	2475
4.20826	2475
4.20826	2475
4.21496	2475
4.22071	2475
4.22071	2475
4.22506	2475
4.23029	2475
4.23029	2475
4.23652	2475
4.24275	2475
4.24275	2475
4.24898	2475
4.2552	2475
4.2552	2475
4.26143	2475
4.26766	2475
4.26766	2475
4.27389	2475
4.28012	2475
4.28012	2475
4.28634	2475
4.29257	2475
4.29257	2475
4.2988	2475
4.30503	2475
4.30503	2475
4.31126	2475
4.31561	2475
4.31661	2475
4.32084	2475
4.32994	2475
4.32994	2475
4.33617	2475
4.34052	2475
4.34152	2475
4.34575	2475
4.3515	2475
4.3515	2475
4.3582	2475
4.36443	2475
4.36443	2475
4.37066	2475
4.37641	2475
4.37641	2475
4.38599	2475
4.38987	2475
4.39087	2475
4.39557	2475
4.40132	2475
4.40132	2475
4.40803	2475
4.41378	2475
4.41378	2475
4.42048	2475
4.42624	2475
4.42624	2475
4.43294	2475
4.43869	2475
4.43869	2475
4.4454	2475
4.45115	2475
4.45115	2475
4.45698	2475
4.4636	2475
4.4636	2475
4.47031	2475
4.47606	2475
4.47606	2475
4.48089	2475
4.48852	2475
4.48852	2475
4.49522	2475
4.50097	2475
4.50097	2475
4.5048	2475
4.51055	2475
4.51055	2475
4.52013	2475
4.52588	2475
4.52588	2475
4.53259	2475
4.53834	2475
4.53834	2475
4.54269	2475
4.54792	2475
4.54792	2475
4.5575	2475
4.56325	2475
4.56325	2475
4.5706	2475
4.57609	2475
4.57609	2475
4.58306	2475
4.58954	2475
4.59054	2475
4.59652	2475
4.602	2475
4.603	2475
4.60997	2475
4.61546	2475
4.61643	2475
4.62243	2475
4.62888	2475
4.62988	2475
4.63524	2475
4.64146	2475
4.64146	2475
4.64622	2475
4.65192	2475
4.65192	2475
4.65667	2475
4.66002	2475
4.66102	2475
4.66602	2475
4.67051	2475
4.67151	2475
4.67548	2475
4.68009	2475
4.68009	2475
4.68506	2475
4.69081	2475
4.69081	2475
4.69552	2475
4.69939	2475
4.70039	2475
4.70562	2475
4.70985	2475
4.71085	2475
4.71608	2475
4.72095	2475
4.72195	2475
4.72566	2475
4.73141	2475
4.73141	2475
4.73811	2475
4.74386	2475
4.74386	2475
4.75057	2475
4.75444	2475
4.75544	2475
4.75967	2475
4.76878	2475
4.76878	2475
4.77548	2475
4.78123	2475
4.78123	2475
4.78794	2475
4.79369	2475
4.79369	2475
4.80039	2475
4.80614	2475
4.80614	2475
4.81285	2475
4.8186	2475
4.8186	2475
4.8253	2475
4.83106	2475
4.83106	2475
4.83776	2475
4.84351	2475
4.84351	2475
4.85022	2475
4.85597	2475
4.85597	2475
4.86267	2475
4.86842	2475
4.86842	2475
4.87378	2475
4.878	2475
4.878	2475
4.88423	2475
4.89046	2475
4.89046	2475
4.89581	2475
4.89956	2475
4.90056	2475
4.90627	2475
4.91202	2475
4.91202	2475
4.91785	2475
4.9216	2475
4.9226	2475
4.92783	2475
4.93406	2475
4.93406	2475
4.94028	2475
4.94464	2475
4.94564	2475
4.95274	2475
4.95897	2475
4.95897	2475
4.9652	2475
4.96955	2475
4.97055	2475
4.97478	2475
4.98053	2475
4.98053	2475
4.99011	2475
4.99634	2475
4.99634	2475
5.00256	2475
5.00879	2475
5.00879	2475
5.01502	2475
5.02125	2475
5.02125	2475
5.02748	2475
5.0337	2475
5.0337	2475
5.03993	2475
5.04616	2475
5.04616	2475
5.05239	2475
5.05862	2475
5.05862	2475
5.06484	2475
5.07107	2475
5.07107	2475
5.0773	2475
5.08353	2475
5.08353	2475
5.08976	2475
5.1367	2145
5.1367	2145
5.14246	2145
5.14681	2145
5.14681	2145
5.15204	2145
5.15826	2145
5.15826	2145
5.16449	2145
5.17072	2145
5.17072	2145
5.17695	2145
5.18318	2145
5.18318	2145
5.1894	2145
5.19563	2145
5.19563	2145
5.20186	2145
5.20809	2145
5.20809	2145
5.21432	2145
5.22054	2145
5.22254	2145
5.22977	2145
5.236	2145
5.237	2145
5.24448	2145
5.25146	2145
5.25268	2145
5.25991	2145
5.26614	2145
5.26714	2145
5.27437	2145
5.28185	2145
5.28282	2145
5.28905	2145
5.29628	2145
5.29628	2145
5.30251	2145
5.30774	2145
5.30874	2145
5.31374	2145
5.31896	2145
5.31996	2145
5.32496	2145
5.33935	2145
5.33935	2145
5.34798	2145
5.35233	2145
5.35333	2145
5.35856	2145
5.36379	2145
5.36479	2145
5.37002	2145
5.37624	2145
5.37624	2145
5.38247	2145
5.3887	2145
5.3887	2145
5.39493	2145
5.39928	2145
5.40028	2145
5.40551	2145
5.41074	2145
5.41174	2145
5.41984	2145
5.42607	2145
5.42607	2145
5.4323	2145
5.43852	2145
5.43852	2145
5.44475	2145
5.45433	2145
5.45433	2145
5.46008	2145
5.46679	2145
5.46679	2145
5.47254	2145
5.48212	2145
5.48212	2145
5.48835	2145
5.49458	2145
5.49458	2145
5.5008	2145
5.50703	2145
5.50703	2145
5.51338	2145
5.51949	2145
5.51949	2145
5.52536	2145
5.5353	2145
5.5353	2145
5.54105	2145
5.54775	2145
5.54775	2145
5.5535	2145
5.56021	2145
5.56021	2145
5.56696	2145
5.57266	2145
5.57266	2145
5.58177	2145
5.588	2145
5.588	2145
5.59422	2145
5.60045	2145
5.60045	2145
5.60668	2145
5.61291	2145
5.61291	2145
5.61914	2145
5.62536	2145
5.62536	2145
5.63172	2145
5.63694	2145
5.63794	2145
5.6427	2145
5.6474	2145
5.6484	2145
5.65315	2145
5.65986	2145
5.65986	2145
5.66573	2145
5.67044	2145
5.67144	2145
5.67619	2145
5.68142	2145
5.68242	2145
5.68764	2145
5.69387	2145
5.69387	2145
5.69975	2145
5.70445	2145
5.70545	2145
5.7102	2145
5.72166	2058
5.72166	2058
5.73124	2058
5.73659	2058
5.73759	2058
5.7437	2058
5.74992	2058
5.74992	2058
5.75528	2058
5.76238	2058
5.76238	2058
5.76861	2058
5.77484	2058
5.77484	2058
5.78106	2058
5.78729	2058
5.78729	2058
5.79352	2058
5.79975	2058
5.79975	2058
5.80598	2058
5.8122	2058
5.8122	2058
5.81843	2058
5.82466	2058
5.82466	2058
5.83089	2058
5.83712	2058
5.83712	2058
5.84334	2058
5.84957	2058
5.84957	2058
5.8558	2058
5.86203	2058
5.86203	2058
5.86826	2058
5.87548	2058
5.87648	2058
5.88371	2058
5.89032	2058
5.89232	2058
5.89904	2058
5.90662	2058
5.90762	2058
5.91573	2058
5.92243	2058
5.92343	2058
5.93018	2058
5.93789	2058
5.93964	2058
5.94634	2058
5.9531	2058
5.9541	2058
5.9598	2058
5.96555	2058
5.96655	2058
5.97126	2058
5.97726	2058
5.97726	2058
5.98371	2058
5.98871	2058
5.98971	2058
5.99594	2058
6.00004	2058
6.00104	2058
6.0064	2058
6.0125	2058
6.0135	2058
6.01873	2058
6.02496	2058
6.02496	2058
6.03018	2058
6.03544	2058
6.03641	2058
6.04241	2058
6.0479	2058
6.04887	2058
6.05387	2058
6.05935	2058
6.06035	2058
6.06532	2058
6.07155	2058
6.07155	2058
6.07713	2058
6.08288	2058
6.08388	2058
6.08959	2058
6.09869	2058
6.09869	2058
6.10492	2058
6.11115	2058
6.11115	2058
6.12073	2058
6.12648	2058
6.12648	2058
6.13318	2058
6.13894	2058
6.13994	2058
6.14852	2058
6.15339	2058
6.15439	2058
6.1591	2058
6.16585	2058
6.16685	2058
6.17155	2058
6.1763	2058
6.1773	2058
6.18301	2058
6.18876	2058
6.18976	2058
6.19546	2058
6.20122	2058
6.20122	2058
6.20792	2058
6.21367	2058
6.21367	2058
6.22038	2058
6.22613	2058
6.22613	2058
6.23283	2058
6.23858	2058
6.23858	2058
6.24529	2058
6.25104	2058
6.25104	2058
6.25774	2058
6.2635	2058
6.2635	2058
6.2702	2058
6.27595	2058
6.27695	2058
6.28266	2058
6.29176	2058
6.29176	2058
6.29799	2058
6.30422	2058
6.30422	2058
6.31044	2058
6.31667	2058
6.31667	2058
6.32338	2058
6.332	2058
6.332	2058
6.33871	2058
6.34446	2058
6.34446	2058
6.35116	2058
6.35692	2058
6.35792	2058
6.36362	2058
6.36937	2058
6.36937	2058
6.37608	2058
6.38183	2058
6.38283	2058
6.38853	2058
6.39428	2058
6.39428	2058
6.40099	2058
6.40674	2058
6.40674	2058
6.41344	2058
6.4192	2058
6.4192	2058
6.4259	2058
6.43213	2058
6.43213	2058
6.44123	2058
6.44746	2058
6.44746	2058
6.45369	2058
6.45992	2058
6.45992	2058
6.46614	2058
6.47237	2058
6.47237	2058
6.48195	2058
6.49106	2058
6.49106	2058
6.49728	2058
6.50351	2058
6.50351	2058
6.51309	2058
6.51884	2058
6.51884	2058
6.52842	2058
6.53565	2058
6.53665	2058
6.54423	2058
6.55198	2058
6.55298	2058
6.55969	2058
6.56679	2058
6.56879	2058
6.57502	2058
6.58225	2058
6.58325	2058
6.59183	2058
6.59831	2058
6.59931	2058
6.60604	2058
6.61374	2058
6.61474	2058
6.62035	2058
6.62532	2058
6.62632	2058
6.63107	2058
6.6373	2058
6.6383	2058
6.64353	2058
6.64976	2058
6.65076	2058
6.65598	2058
6.66021	2058
6.66121	2058
6.66782	2058
6.67279	2058
6.67379	2058
6.6789	2058
6.68412	2058
6.68512	2058
6.69012	2058
6.6967	2058
6.6977	2058
6.7027	2058
6.70716	2058
6.70816	2058
6.71416	2058
6.71952	2058
6.72052	2058
6.72549	2058
6.7316	2058
6.7326	2058
6.7373	2058
6.74305	2058
6.74405	2058
6.75263	2058
6.75886	2058
6.75886	2058
6.76509	2058
6.77419	2058
6.77419	2058
6.7809	2058
6.78712	2058
6.78712	2058
6.79623	2058
6.80246	2058
6.80246	2058
6.80868	2058
6.81491	2058
6.81491	2058
6.82114	2058
6.82737	2058
6.82737	2058
6.83407	2058
6.83982	2058
6.84082	2058
6.84605	2058
6.85228	2058
6.85228	2058
6.85851	2058
6.86474	2058
6.86474	2058
6.87144	2058
6.88007	2058
6.88007	2058
6.88677	2058
6.89252	2058
6.89252	2058
6.89923	2058
6.90498	2058
6.90598	2058
6.91168	2058
6.91744	2058
6.91744	2058
6.92414	2058
6.92989	2058
6.93089	2058
6.9366	2058
6.9457	2058
6.9457	2058
6.95193	2058
6.95816	2058
6.95816	2058
6.96438	2058
6.97349	2058
6.97349	2058
6.98019	2058
6.98594	2058
6.98694	2058
6.99265	2058
7.00175	2058
7.00175	2058
7.00798	2058
7.01421	2058
7.01421	2058
7.02044	2058
7.02666	2058
7.02666	2058
7.03289	2058
7.03912	2058
7.03912	2058
7.04582	2028
7.05158	2028
7.05158	2028
7.06116	2028
7.06691	2028
7.06791	2028
7.07361	2028
7.07984	2028
7.07984	2028
7.08894	2028
7.09517	2028
7.09517	2028
7.1014	2028
7.10763	2028
7.10763	2028
7.11386	2028
7.12008	2028
7.12008	2028
7.12631	2028
7.13254	2028
7.13254	2028
7.14212	2028
7.14787	2028
7.14787	2028
7.15458	2028
7.16033	2028
7.16033	2028
7.16991	2028
7.17614	2028
7.17614	2028
7.18236	2028
7.18959	2028
7.19059	2028
7.19817	2028
7.20592	2028
7.20692	2028
7.21363	2028
7.22138	2028
7.22238	2028
7.22996	2028
7.23744	2028
7.23842	2028
7.24564	1940
7.25387	1940
7.25487	1940
7.26298	1940
7.27068	1940
7.27068	1940
7.27616	1940
7.28214	1940
7.28314	1940
7.28924	1940
7.29447	1940
7.29547	1940
7.3017	1940
7.30792	1940
7.30892	1940
7.31415	1940
7.31938	1940
7.32038	1940
7.32661	1940
7.33284	1940
7.33384	1940
7.34094	1940
7.34764	1940
7.34764	1940
7.3534	1940
7.3601	1940
7.3601	1940
7.3692	1940
7.37543	1940
7.37543	1940
7.38166	1940
7.39124	1940
7.39124	1940
7.39799	1940
7.40657	1940
7.40657	1940
7.4128	1940
7.4195	1940
7.4195	1940
7.42813	1940
7.43484	1940
7.43484	1940
7.44394	1940
7.45017	1940
7.45017	1940
7.45927	1940
7.46598	1940
7.46598	1940
7.47508	1940
7.48131	1940
7.48131	1940
7.48754	1940
7.49712	1940
7.49712	1940
7.50387	1940
7.51245	1940
7.51245	1940
7.51868	1940
7.5249	1940
7.5259	1940
7.53401	1940
7.54071	1940
7.54071	1940
7.54982	1940
7.5594	1940
7.5594	1940
7.56515	1940
7.57185	1940
7.57285	1940
7.58096	1940
7.59054	1940
7.59054	1940
7.59629	1940
7.60587	1940
7.60587	1940
7.6121	1940
7.61832	1940
7.61832	1940
7.62455	1940
7.63078	1940
7.63178	1940
7.63701	1940
7.64324	1940
7.64324	1940
7.64946	1940
7.65569	1940
7.65669	1940
7.66292	1940
7.66815	1940
7.66815	1940
7.67438	1940
7.6806	1940
7.6816	1940
7.68783	1940
7.69306	1940
7.69306	1940
7.69929	1940
7.70552	1940
7.70652	1940
7.71274	1940
7.72132	1940
7.72132	1940
7.72708	1940
7.73378	1940
7.73478	1940
7.74288	1940
7.75246	1940
7.75246	1940
7.75822	1940
7.76492	1940
7.76492	1940
7.77402	1940
7.78073	1940
7.78073	1940
7.78936	1940
7.79606	1940
7.79606	1940
7.80516	1940
7.81139	1940
7.81139	1940
7.81762	1940
7.82385	1940
7.82385	1940
7.83008	1940
7.83678	1940
7.83678	1940
7.85786	1821
7.86557	1821
7.86657	1821
7.87467	1821
7.8829	1821
7.8849	1821
7.89236	1821
7.90058	1821
7.90158	1821
7.91029	1821
7.91865	1821
7.91965	1821
7.92762	1821
7.93695	1821
7.93695	1821
7.94395	1821
7.94979	1821
7.95079	1821
7.95676	1821
7.96286	1821
7.96386	1821
7.96909	1821
7.97509	1821
7.97609	1821
7.9829	1821
7.9899	1821
7.9909	1821
7.99626	1821
8.00223	1821
8.00323	1821
8.00934	1821
8.01504	1821
8.01604	1821
8.02279	1821
8.0285	1821
8.0295	1821
8.03625	1821
8.04283	1821
8.04383	1821
8.05716	1821
8.06386	1821
8.06486	1821
8.07297	1821
8.08255	1821
8.08255	1821
8.0893	1821
8.09788	1821
8.09788	1821
8.10698	1821
8.11656	1821
8.11656	1821
8.12379	1821
8.13237	1821
8.13237	1821
8.13912	1821
8.1477	1821
8.1477	1821
8.15493	1821
8.16016	1821
8.16116	1821
8.16739	1821
8.17362	1821
8.17462	1821
8.18172	1821
8.18842	1821
8.18842	1821
8.19518	1821
8.20376	1821
8.20376	1821
8.21098	1821
8.21621	1821
8.21721	1821
8.22344	1821
8.23202	1821
8.23202	1821
8.23977	1821
8.24548	1821
8.24648	1821
8.25646	1821
8.26316	1821
8.26316	1821
8.27226	1821
8.28184	1821
8.28184	1821
8.2886	1821
8.29718	1821
8.29718	1821
8.30628	1821
8.31298	1821
8.31398	1821
8.32209	1821
8.32832	1821
8.32932	1821
8.33742	1821
8.34412	1821
8.34412	1821
8.35323	1821
8.35946	1821
8.36046	1821
8.36668	1821
8.37526	1821
8.37526	1821
8.38202	1821
8.38872	1821
8.38972	1821
8.39682	1821
8.40305	1821
8.40305	1821
8.41216	1821
8.41886	1821
8.41986	1821
8.42561	1821
8.43419	1821
8.43419	1821
8.44042	1821
8.45	1821
8.45	1821
8.4591	1821
8.46581	1821
8.46581	1821
8.47779	1821
8.48737	1821
8.48737	1821
8.49647	1821
8.50605	1821
8.50605	1821
8.51516	1821
8.52474	1821
8.52574	1821
8.53384	1821
8.54342	1821
8.54442	1821
8.55265	1821
8.56075	1821
8.56175	1821
8.57086	1821
8.57844	1821
8.57944	1821
8.58792	1821
8.59612	1821
8.59712	1821
8.60335	1821
8.60958	1821
8.61058	1821
8.6168	1821
8.62203	1821
8.62303	1821
8.62929	1821
8.63549	1821
8.63649	1821
8.64307	1821
8.64982	1821
8.65082	1821
8.65652	1821
8.66228	1821
8.66328	1821
8.66998	1821
8.67598	1821
8.67698	1821
8.68282	1821
8.68979	1821
8.68979	1821
8.69642	1821
8.703	1821
8.704	1821
8.7111	1821
8.72068	1821
8.72068	1821
8.72791	1821
8.73649	1821
8.73649	1821
8.74559	1821
8.75517	1821
8.75517	1821
8.76292	1821
8.7705	1821
8.7705	1821
8.77961	1821
8.78919	1821
8.78919	1821
8.79642	1821
8.805	1821
8.805	1821
8.81175	1821
8.81745	1821
8.81845	1821
8.8242	1821
8.83278	1821
8.83278	1821
8.83901	1821
8.84859	1821
8.84859	1821
8.85534	1821
8.86105	1821
8.86205	1821
8.86828	1821
8.87638	1821
8.87638	1821
8.88361	1821
8.88931	1821
8.89031	1821
8.89794	1821
8.90464	1821
8.90464	1821
8.91375	1821
8.92333	1821
8.92333	1821
8.93008	1821
8.93866	1821
8.93866	1821
8.94776	1821
8.95734	1821
8.95734	1821
8.96457	1821
8.97315	1821
8.97315	1821
8.98226	1821
8.98896	1821
8.98996	1821
8.99759	1821
9.00717	1821
9.00717	1821
9.0144	1821
9.02062	1821
9.02162	1821
9.02873	1821
9.03543	1821
9.03543	1821
9.04266	1821
9.05076	1821
9.05076	1821
9.05987	1821
9.06657	1821
9.06657	1821
9.07332	1821
9.0819	1821
9.0819	1821
9.09101	1821
9.09771	1821
9.09771	1821
9.10394	1821
9.11304	1821
9.11304	1821
9.12215	1821
9.12885	1821
9.12885	1821
9.13796	1821
9.14754	1821
9.14754	1821
9.15376	1821
9.16334	1821
9.16334	1821
9.17197	1821
9.18155	1821
9.18255	1821
9.19066	1821
9.19836	1821
9.19936	1821
9.20811	1821
9.21669	1821
9.21769	1821
9.22553	1821
9.2345	1821
9.2355	1821
9.24383	1821
9.25106	1821
9.25306	1821
9.26164	1821
9.26764	1821
9.26864	1821
9.27497	1767
9.28408	1767
9.28408	1767
9.29178	1767
9.29988	1767
9.29988	1767
9.30659	1767
9.31522	1767
9.31522	1767
9.3248	1767
9.3339	1767
9.3339	1767
9.3406	1767
9.34971	1767
9.34971	1767
9.35929	1767
9.36504	1767
9.36604	1767
9.37462	1767
9.38372	1767
9.38372	1767
9.3933	1767
9.39953	1767
9.40053	1767
9.40911	1767
9.41822	1767
9.41822	1767
9.4278	1767
9.43355	1767
9.43455	1767
9.4436	1767
9.45271	1767
9.45271	1767
9.46516	1767
9.47427	1767
9.47427	1767
9.48385	1767
9.49621	1701
9.49918	1701
9.50541	1701
9.51202	1701
9.51499	1701
9.52122	1701
9.52735	1701
9.53032	1701
9.53942	1701
9.54603	1701
9.549	1701
9.55523	1701
9.56284	1701
9.56481	1701
9.57392	1701
9.5793	1701
9.58014	1701
9.58737	1701
9.5936	1701
9.5946	1701
9.6017	1701
9.60841	1701
9.60941	1701
9.61516	1701
9.62286	1701
9.62386	1701
9.62997	1701
9.6362	1701
9.6372	1701
9.64442	1701
9.65003	1701
9.652	1701
9.66111	1701
9.66734	1701
9.66834	1701
9.67556	1701
9.68305	1701
9.6865	1701
9.69512	1701
9.70186	1701
9.7047	1701
9.71093	1701
9.71719	1701
9.72051	1701
9.72962	1701
9.73587	1701
9.7392	1701
9.74595	1701
9.75268	1701
9.75453	1701
9.76363	1701
9.76836	1701
9.77034	1701
9.77609	1701
9.7827	1701
9.78567	1701
9.7919	1701
9.7985	1701
9.80148	1701
9.80723	1701
9.81384	1701
9.81681	1701
9.82304	1701
9.82877	1701
9.83262	1701
9.84037	1701
9.84995	1701
9.85095	1701
9.85905	1701
9.86876	1701
9.86976	1701
9.87812	1701
9.88744	1701
9.88844	1701
9.8978	1701
9.90625	1701
9.90788	1701
9.91646	1701
9.92346	1701
9.92446	1701
9.93029	1701
9.93714	1701
9.93814	1701
9.94537	1701
9.95195	1701
9.95295	1701
9.96005	1701
9.96628	1701
9.96728	1701
9.97451	1701
9.98012	1701
9.98209	1701
9.99119	1701
9.99745	1701
9.9989	1701
10.0065	1701
10.0123	1701
10.0161	1701
10.0223	1701
10.0296	1701
10.0319	1701
10.041	1701
10.0476	1701
10.0506	1701
10.0568	1701
10.0663	1701
10.0693	1701
10.0971	1512
10.1066	1512
10.1076	1512
10.1144	1512
10.122	1512
10.124	1512
10.1302	1512
10.1378	1512
10.1398	1512
10.146	1512
10.1531	1512
10.1551	1512
10.1623	1512
10.1699	1512
10.1719	1512
10.3428	1512
10.3524	1512
10.3534	1512
10.3606	1512
10.3682	1512
10.3692	1512
10.4645	1512
10.4711	1512
10.4721	1512
10.4791	1512
10.4871	1512
10.4881	1512
10.5477	1512
10.5547	1512
10.5553	1512
10.5623	1512
10.5707	1512
10.5713	1512
10.5783	1512
10.5863	1512
10.5873	1512
10.5943	1512
10.6023	1512
10.6033	1512
10.6103	1512
10.6183	1512
10.6193	1512
10.6263	1512
10.6349	1512
10.6354	1512
10.6425	1512
10.6505	1512
10.6513	1512
10.6585	1512
10.6665	1512
10.6679	1512
10.6745	1512
10.6825	1512
10.6839	1512
10.6905	1512
10.6985	1512
10.6999	1512
10.7065	1512
10.7146	1512
10.7156	1512
10.7216	1593
10.7268	1593
10.7278	1593
10.7331	1593
10.7395	1593
10.7395	1593
10.7457	1593
10.7511	1593
10.7521	1593
10.7571	1593
10.7631	1593
10.7641	1593
10.7691	1593
10.7757	1593
10.7767	1593
10.7821	1593
10.7871	1593
10.7881	1593
10.7947	1593
10.7998	1593
10.8018	1593
10.8104	1593
10.8203	1688
10.8213	1688
10.83	1688
10.84	1688
10.841	1688
10.8466	1688
10.8533	1737
10.8543	1737
10.8601	1737
10.8677	1737
10.8686	1737
10.8746	1737
10.8811	1765
10.8826	1765
10.8886	1765
10.8959	1765
10.8959	1765
10.9029	1765
10.908	1765
10.909	1765
10.9166	1765
10.9225	1765
10.9235	1765
10.9296	1765
10.9362	1765
10.9371	1765
10.9431	1765
10.9494	1765
10.951	1765
10.958	1765
10.9637	1765
10.9647	1765
10.9703	1765
10.9775	1765
10.9785	1765
10.9841	1765
10.9908	1765
10.9918	1765
10.9985	1765
11.0044	1765
11.0054	1765
11.0115	1765
11.0182	1765
11.0192	1765
11.0255	1765
11.0326	1765
11.0336	1765
11.0396	1765
11.0454	1765
11.0464	1765
11.0536	1765
11.0597	1765
11.0607	1765
11.0667	1765
11.0738	1765
11.0745	1765
11.0805	1765
11.0863	1765
11.0873	1765
11.0948	1765
11.1001	1765
11.1011	1765
11.1077	1765
11.1144	1765
11.1154	1765
11.121	1765
11.128	1765
11.129	1765
11.1352	1765
11.1418	1765
11.1428	1765
11.1495	1765
11.1551	1765
11.1561	1765
11.1621	1765
11.17	1765
11.1709	1765
11.1767	1765
11.1827	1765
11.1833	1765
11.1903	1765
11.1965	1765
11.1975	1765
11.2031	1765
11.2103	1765
11.2113	1765
11.2174	1765
11.2234	1765
11.2244	1765
11.2312	1765
11.2372	1765
11.2382	1765
11.2444	1765
11.2515	1765
11.2525	1765
11.2588	1765
11.2654	1765
11.2654	1765
11.2726	1765
11.2787	1765
11.2797	1765
11.2867	1765
11.2925	1765
11.2935	1765
11.2995	1765
11.3062	1765
11.3072	1765
11.3138	1765
11.3198	1765
11.3209	1765
11.3276	1765
11.3324	1765
11.3334	1765
11.3384	1765
11.344	1765
11.344	1765
11.3492	1765
11.3542	1765
11.3542	1765
11.3608	1765
11.366	1765
11.366	1765
11.3711	1765
11.3761	1765
11.3761	1765
11.3813	1765
11.3879	1765
11.3879	1765
11.3929	1765
11.3987	1765
11.3987	1765
11.4033	1765
11.4092	1765
11.4092	1765
11.4145	1765
11.4231	1765
11.4241	1765
11.4334	1765
11.4414	1765
11.4424	1765
11.4512	1765
11.4594	1765
11.4614	1765
11.4695	1765
11.4786	1765
11.4794	1765
11.4873	1765
11.4967	1765
11.4977	1765
11.5037	1765
11.5101	1765
11.5111	1765
11.5173	1765
11.5231	1765
11.5241	1765
11.5311	1765
11.5374	1765
11.5384	1765
11.5444	1765
11.5517	1765
11.5527	1765
11.5587	1765
11.5659	1765
11.5659	1765
11.5725	1765
11.5785	1765
11.5796	1765
11.5869	1765
11.5929	1765
11.5939	1765
11.5997	1765
11.6067	1765
11.6079	1765
11.6139	1765
11.6193	1765
11.6203	1765
11.6273	1765
11.6333	1765
11.6379	1765
11.6439	1765
11.6505	1765
11.66	1765
11.6659	1765
11.6749	1765
11.6815	1765
11.6875	1765
11.6936	1765
11.7002	1765
11.7062	1765
11.7124	1765
11.7137	1765
11.7206	1765
11.7261	1765
11.7271	1765
11.7331	1765
11.7406	1765
11.741	1765
11.747	1765
11.7534	1765
11.7544	1765
11.7614	1765
11.7678	1765
11.7688	1765
11.7746	1765
11.7813	1765
11.7823	1765
11.788	1765
11.7948	1765
11.7958	1765
11.803	1765
11.8091	1765
11.8091	1765
11.8163	1765
11.8249	1765
11.8249	1765
11.8316	1765
11.8407	1765
11.8407	1765
11.8493	1765
11.8622	1765
11.8622	1765
11.8713	1765
11.8838	1765
11.8838	1765
11.89	1765
11.9025	1765
11.9025	1765
11.9097	1765
11.9183	1765
11.9183	1765
11.9274	1765
11.9336	1765
11.9346	1765
11.9409	1765
11.9494	1765
11.9494	1765
11.9562	1765
11.9648	1765
11.9648	1765
11.972	1765
11.9806	1765
11.9806	1765
11.9878	1765
11.9959	1765
11.9959	1765
12.0021	1765
12.0117	1765
12.0117	1765
12.0208	1765
12.027	1765
12.027	1765
12.0333	1765
12.0429	1765
12.0429	1765
12.052	1765
12.0615	1765
12.0615	1765
12.0706	1765
12.0831	1765
12.0841	1765
12.0922	1765
12.1018	1765
12.1028	1765
12.1119	1765
12.1209	1765
12.1219	1765
12.1296	1765
12.1391	1765
12.1401	1765
12.1483	1765
12.158	1765
12.159	1765
12.1671	1765
12.1738	1765
12.1748	1765
12.1804	1765
12.189	1765
12.189	1765
12.1981	1765
12.2048	1765
12.2058	1765
12.2139	1765
12.2235	1765
12.2235	1765
12.2302	1765
12.2388	1765
12.2388	1765
12.2479	1765
12.2575	1765
12.2575	1765
12.2647	1765
12.2733	1765
12.2733	1765
12.2824	1765
12.292	1765
12.292	1765
12.3011	1765
12.3135	1765
12.3135	1765
12.3226	1765
12.3322	1765
12.3322	1765
12.3413	1765
12.3509	1765
12.3509	1765
12.36	1765
12.3696	1765
12.3696	1765
12.3787	1765
12.3887	1765
12.3887	1765
12.3974	1765
12.407	1765
12.407	1765
12.4132	1765
12.4228	1765
12.4228	1765
12.4319	1765
12.4414	1765
12.4414	1765
12.4487	1765
12.4573	1765
12.4573	1765
12.4659	1765
12.4755	1765
12.4755	1765
12.4846	1765
12.4941	1765
12.4941	1765
12.5032	1765
12.51	1765
12.511	1765
12.5219	1765
12.5315	1765
12.5315	1765
12.5406	1765
12.5502	1765
12.5502	1765
12.5593	1765
12.5689	1765
12.5689	1765
12.5785	1765
12.5909	1765
12.5909	1765
12.6	1765
12.6125	1765
12.6125	1765
12.6216	1765
12.6345	1765
12.6345	1765
12.6465	1765
12.6561	1765
12.6561	1765
12.6652	1765
12.6752	1765
12.6752	1765
12.6872	1765
12.6968	1765
12.6968	1765
12.7025	1765
12.7121	1765
12.7121	1765
12.7212	1765
12.7308	1765
12.7308	1765
12.7524	1638
12.7611	1638
12.7621	1638
12.7712	1638
12.7808	1638
12.7828	1638
12.7911	1638
12.8003	1638
12.8013	1638
12.8119	1638
12.8206	1638
12.8216	1638
12.8306	1638
12.8377	1638
12.8387	1638
12.8459	1638
12.8524	1638
12.8534	1638
12.8604	1638
12.8675	1638
12.8685	1638
12.8741	1638
12.8811	1638
12.8821	1638
12.8892	1638
12.8967	1638
12.8977	1638
12.9052	1638
12.9148	1638
12.9158	1638
12.9215	1638
12.9301	1638
12.9311	1638
12.9392	1638
12.9488	1638
12.9498	1638
12.9675	1638
12.9771	1638
12.9781	1638
12.9862	1638
12.9986	1638
12.9996	1638
13.0077	1638
13.0173	1638
13.0183	1638
13.0264	1638
13.036	1638
13.037	1638
13.0451	1638
13.0547	1638
13.0557	1638
13.0638	1638
13.0705	1638
13.0715	1638
13.0796	1638
13.0892	1638
13.0902	1638
13.0969	1638
13.1036	1638
13.1046	1638
13.1118	1638
13.1189	1638
13.1199	1638
13.126	1638
13.1356	1638
13.1366	1638
13.1447	1638
13.1543	1638
13.1553	1638
13.1615	1638
13.173	1638
13.174	1638
13.1855	1638
13.1979	1638
13.1989	1638
13.2041	1638
13.2166	1638
13.2176	1638
13.2257	1638
13.2353	1638
13.2363	1638
13.2444	1638
13.254	1638
13.255	1638
13.2631	1638
13.2731	1638
13.2741	1638
13.2817	1638
13.2913	1638
13.2923	1638
13.3004	1638
13.31	1638
13.311	1638
13.3172	1638
13.3258	1638
13.3258	1638
13.3349	1638
13.3416	1638
13.3416	1638
13.3503	1638
13.3598	1638
13.3598	1638
13.3689	1638
13.3785	1638
13.3785	1638
13.3847	1638
13.3972	1638
13.3972	1638
13.4063	1638
13.4192	1638
13.4202	1638
13.43	1638
13.4389	1638
13.4409	1638
13.4492	1638
13.4586	1638
13.4596	1638
13.4687	1638
13.4783	1638
13.4793	1638
13.4884	1638
13.498	1638
13.499	1638
13.5051	1638
13.5127	1638
13.5137	1638
13.5218	1638
13.5313	1638
13.5323	1638
13.5386	1638
13.5472	1638
13.5482	1638
13.5563	1638
13.5654	1638
13.5664	1638
13.5745	1638
13.584	1638
13.585	1638
13.5931	1638
13.6027	1638
13.6037	1638
13.61	1638
13.6214	1638
13.6224	1638
13.6305	1638
13.6401	1638
13.6411	1638
13.6492	1638
13.6621	1638
13.6631	1638
13.6699	1638
13.6808	1638
13.6818	1638
13.6899	1638
13.6961	1638
13.6971	1638
13.7053	1638
13.7148	1638
13.7158	1638
13.7212	1638
13.7283	1638
13.7293	1638
13.7365	1638
13.7431	1638
13.7441	1638
13.7518	1638
13.7584	1638
13.7594	1638
13.7667	1638
13.7742	1638
13.7752	1638
13.782	1638
13.7896	1638
13.7906	1638
13.7968	1638
13.8083	1638
13.8093	1638
13.8155	1638
13.8241	1638
13.8251	1638
13.8734	1331
13.8863	1331
13.8873	1331
13.8951	1331
13.9047	1331
13.9057	1331
13.9138	1337
13.9224	1337
13.9234	1337
13.9316	1344
13.9402	1344
13.9412	1344
13.9495	1350
13.9585	1369
13.9595	1369
13.9672	1369
13.9752	1369
13.9774	1369
13.985	1369
13.9932	1375
13.9942	1375
14.0013	1375
14.0078	1375
14.0088	1375
14.0154	1375
14.0215	1375
14.0225	1375
14.0291	1375
14.0351	1375
14.0367	1375
14.0437	1375
14.0761	1375
14.0827	1375
14.0925	1375
14.1033	1375
14.1053	1375
14.1164	1375
14.127	1375
14.128	1375
14.1397	1375
14.1507	1375
14.1528	1375
14.1632	1375
14.1715	1375
14.1725	1375
14.1801	1375
14.1892	1375
14.1902	1375
14.1987	1375
14.207	1375
14.208	1375
14.2151	1375
14.2242	1375
14.2252	1375
14.2339	1375
14.2412	1375
14.2422	1375
14.2517	1375
14.2593	1375
14.2603	1375
14.2683	1375
14.2767	1375
14.2787	1375
14.2861	1375
14.2942	1375
14.3006	1375
14.3086	1375
14.3166	1375
14.3222	1375
14.3307	1375
14.3386	1375
14.3471	1375
14.3551	1375
14.3632	1375
14.3658	1375
14.3732	1375
14.3819	1375
14.3845	1375
14.3925	1375
14.4006	1375
14.4032	1375
14.4111	1375
14.4192	1375
14.4219	1375
14.4298	1375
14.4379	1375
14.4405	1375
14.4485	1375
14.4566	1375
14.4592	1375
14.4672	1375
14.4753	1375
14.4779	1375
14.4859	1375
14.4937	1375
14.4947	1375
14.5029	1375
14.512	1375
14.5157	1375
14.5245	1375
14.5336	1375
14.5402	1375
14.5494	1375
14.5585	1375
14.5684	1375
14.5764	1375
14.5845	1375
14.59	1375
14.5985	1375
14.6064	1375
14.612	1375
14.6209	1375
14.629	1375
14.6336	1375
14.6419	1375
14.649	1375
14.6556	1375
14.6615	1375
14.6687	1375
14.6743	1375
14.6802	1375
14.6874	1375
14.6897	1375
14.696	1375
14.7027	1375
14.7055	1375
14.7114	1375
14.7185	1375
14.7213	1375
14.7271	1375
14.7362	1375
14.7395	1375
14.7498	1375
14.7602	1375
14.7622	1375
14.7734	1375
14.7842	1375
14.7852	1375
14.7962	1375
14.8078	1375
14.8091	1375
14.8202	1375
14.8288	1375
14.8296	1375
14.8376	1375
14.8464	1375
14.8474	1375
14.8557	1375
14.8639	1375
14.864	1375
14.8724	1375
14.8815	1375
14.8832	1375
14.891	1375
14.8998	1375
14.9014	1375
14.9094	1375
14.9175	1375
14.9201	1375
14.9281	1375
14.9363	1375
14.9388	1375
14.9467	1375
14.9542	1375
14.9608	1375
14.9688	1375
14.9768	1375
14.9824	1375
14.9907	1375
14.9988	1375
15.0073	1375
15.0153	1375
15.0237	1375
15.0293	1375
15.0373	1375
15.0454	1375
15.048	1375
15.057	1375
15.0641	1375
15.0667	1375
15.0747	1375
15.0828	1375
15.0854	1375
15.0933	1375
15.1014	1375
15.1041	1375
15.112	1375
15.1201	1375
15.1227	1375
15.1307	1375
15.1388	1375
15.1414	1375
15.1493	1375
15.1575	1375
15.1601	1375
15.1693	1375
15.1784	1375
15.1821	1375
15.1909	1375
15.2	1375
15.2037	1375
15.2158	1375
15.223	1375
15.2286	1375
15.2365	1375
15.2446	1375
15.2502	1375
15.2585	1375
15.2666	1375
15.2689	1375
15.2762	1375
15.2843	1375
15.2909	1375
15.2989	1375
15.307	1375
15.3096	1375
15.3156	1375
15.3227	1375
15.3283	1375
15.3341	1375
15.3413	1375
15.3469	1375
15.3528	1375
15.3619	1375
15.3685	1375
15.3745	1375
15.3816	1375
15.3905	1375
15.4004	1375
15.4112	1375
15.4132	1375
15.4241	1375
15.4351	1375
15.4361	1375
15.448	1375
15.4587	1375
15.4607	1375
15.471	1375
15.4827	1375
15.4837	1375
15.4918	1375
15.4994	1375
15.5004	1375
15.5093	1375
15.5174	1375
15.519	1375
15.5264	1375
15.5348	1375
15.5368	1375
15.545	1375
15.5521	1375
15.5587	1375
15.5665	1375
15.5747	1375
15.5836	1375
15.5915	1375
15.5996	1375
15.6023	1375
15.6115	1375
15.6235	1375
15.6301	1375
15.6381	1375
15.6465	1375
15.655	1375
15.663	1375
15.6701	1375
15.6737	1375
15.6817	1375
15.6898	1375
15.6924	1375
15.7003	1375
15.7082	1375
15.7092	1375
15.7171	1375
15.7255	1375
15.7275	1375
15.7357	1375
15.7433	1375
15.7443	1375
15.7524	1375
15.762	1375
15.763	1375
15.7707	1375
15.7783	1375
15.7793	1375
15.7885	1375
15.7966	1375
15.7982	1375
15.8062	1375
15.8148	1375
15.8203	1375
15.8295	1375
15.8386	1375
15.8423	1375
15.8515	1375
15.8601	1375
15.8667	1375
15.8741	1375
15.8823	1375
15.8854	1375
15.8938	1375
15.9019	1375
15.9075	1375
15.9154	1375
15.9235	1375
15.9262	1375
15.9341	1375
15.9422	1375
15.9448	1375
15.9528	1375
15.9609	1375
15.9635	1375
15.9715	1375
15.9776	1375
15.9822	1375
15.9882	1375
15.9972	1375
16.0009	1375
16.0067	1375
16.014	1375
16.0196	1375
16.0288	1375
16.0379	1375
16.0445	1375
16.0503	1375
16.0614	1375
16.066	1375
16.0762	1375
16.0875	1375
16.0891	1375
16.1009	1375
16.1116	1375
16.1126	1375
16.124	1375
16.1346	1375
16.1356	1375
16.1448	1375
16.1524	1375
16.1534	1375
16.1749	1253
16.184	1253
16.185	1253
16.1936	1253
16.2027	1253
16.2037	1253
16.2156	1253
16.2234	1253
16.2254	1253
16.2343	1253
16.2434	1253
16.2444	1253
16.2592	1253
16.268	1253
16.27	1253
16.2808	1253
16.2899	1253
16.2909	1253
16.3028	1253
16.3148	1253
16.3158	1253
16.3277	1253
16.3368	1253
16.3378	1253
16.3493	1253
16.3584	1253
16.3594	1253
16.369	1253
16.3866	1253
16.3876	1253
16.3962	1253
16.4082	1253
16.4092	1253
16.4188	1253
16.4302	1253
16.4312	1253
16.4408	1253
16.4499	1253
16.4509	1253
16.4595	1253
16.4738	1253
16.4748	1253
16.4834	1253
16.4954	1253
16.4964	1253
16.506	1253
16.5174	1253
16.5184	1253
16.5299	1253
16.5423	1253
16.5433	1253
16.5553	1253
16.5701	1253
16.5711	1253
16.5807	1253
16.5898	1253
16.5908	1253
16.608	1253
16.6171	1253
16.6181	1253
16.6277	1253
16.6386	1253
16.6396	1253
16.6516	1253
16.6607	1253
16.6617	1253
16.6684	1253
16.676	1253
16.677	1253
16.6889	1253
16.6957	1253
16.6967	1253
16.7047	1253
16.7134	1253
16.7144	1253
16.723	1253
16.7331	1253
16.7351	1253
16.748	1253
16.7591	1253
16.7611	1253
16.773	1253
16.785	1253
16.7876	1253
16.7996	1253
16.8115	1217
16.8164	1217
16.8255	1217
16.8346	1217
16.8384	1217
16.8504	1217
16.86	1217
16.861	1217
16.8691	1217
16.8797	1217
16.8807	1217
16.8898	1217
16.8983	1217
16.9003	1217
16.9094	1217
16.9185	1217
16.9205	1217
16.9291	1217
16.9381	1217
16.9401	1217
16.95	1217
16.96	1217
16.963	1217
16.975	1217
16.9849	1217
16.9908	1217
17.0032	1217
17.0128	1217
17.019	1217
17.0281	1217
17.0377	1217
17.0406	1217
17.053	1217
17.0626	1217
17.0636	1217
17.0727	1217
17.0822	1217
17.0842	1217
17.0933	1217
17.1029	1217
17.1033	1217
17.1153	1217
17.1241	1217
17.1259	1217
17.134	1217
17.1446	1217
17.1465	1217
17.1556	1217
17.1646	1217
17.1685	1217
17.1805	1217
17.1891	1217
17.1963	1217
17.2087	1217
17.2173	1217
17.2217	1217
17.2337	1217
17.2423	1217
17.2461	1217
17.2557	1217
17.2652	1217
17.2681	1217
17.2772	1217
17.2869	1217
17.2897	1217
17.2988	1217
17.3074	1217
17.3117	1217
17.3208	1217
17.3275	1217
17.3333	1217
17.3424	1217
17.349	1217
17.3553	1217
17.3644	1217
17.371	1217
17.3769	1217
17.3894	1217
17.4018	1217
17.4038	1217
17.4153	1217
17.4277	1217
17.4297	1217
17.4412	1217
17.4546	1217
17.4566	1217
17.4687	1217
17.4807	1217
17.4827	1217
17.4916	1217
17.5006	1217
17.5026	1217
17.5117	1217
17.5203	1217
17.5235	1217
17.5326	1217
17.5412	1217
17.5484	1217
17.5575	1217
17.5661	1217
17.57	1217
17.5791	1217
17.5887	1217
17.592	1217
17.604	1217
17.6139	1217
17.6169	1217
17.6289	1217
17.6375	1217
17.6385	1217
17.6476	1217
17.6575	1217
17.6605	1217
17.6696	1217
17.6782	1217
17.6821	1217
17.6913	1217
17.7009	1217
17.7019	1217
17.7112	1217
17.7206	1217
17.7216	1217
17.7309	1217
17.7402	1217
17.7412	1217
17.7502	1217
17.7602	1217
17.7612	1217
17.7703	1217
17.7799	1217
17.7817	1217
17.7942	1217
17.8038	1217
17.8066	1217
17.8191	1217
17.8287	1217
17.8297	1217
17.8388	1217
17.8484	1217
17.8502	1217
17.8593	1217
17.8684	1217
17.8723	1217
17.8814	1217
17.8908	1217
17.8938	1217
17.9029	1217
17.911	1217
17.9159	1217
17.925	1217
17.9336	1217
17.9374	1217
17.9466	1217
17.9551	1217
17.9561	1217
17.9662	1217
17.9753	1217
17.9781	1217
17.9901	1217
17.9977	1217
18.003	1217
18.015	1217
18.0226	1217
18.0251	1217
18.0371	1217
18.0447	1217
18.0466	1217
18.0586	1217
18.0707	1217
18.0727	1217
18.0847	1217
18.0961	1217
18.0981	1217
18.1108	1217
18.1232	1217
18.1253	1217
18.1377	1217
18.1498	1217
18.1518	1217
18.1609	1217
18.1699	1217
18.1719	1217
18.1803	1217
18.1893	1217
18.1903	1217
18.2005	1217
18.2092	1217
18.2102	1217
18.2208	1217
18.2293	1199
18.2303	1199
18.2402	1199
18.2498	1199
18.2508	1199
18.2613	1199
18.2737	1199
18.2747	1199
18.2862	1199
18.2986	1199
18.2996	1199
18.3111	1199
18.3269	1199
18.3279	1199
18.3389	1199
18.3518	1199
18.3528	1199
18.3619	1199
18.3734	1199
18.3744	1199
18.3835	1199
18.3935	1199
18.3945	1199
18.4045	1199
18.4141	1199
18.4151	1199
18.4261	1199
18.4448	1125
18.4458	1125
18.4577	1125
18.4678	1125
18.4688	1125
18.4797	1125
18.4917	1125
18.4927	1125
18.5075	1125
18.5195	1125
18.5205	1125
18.5387	1125
18.5506	1125
18.5516	1125
18.5636	1125
18.5755	1125
18.5765	1125
18.5885	1125
18.5986	1125
18.5996	1125
18.6092	1125
18.6191	1125
18.6201	1125
18.6307	1125
18.6418	1125
18.6428	1125
18.6536	1125
18.6627	1125
18.6637	1125
18.6723	1125
18.6814	1125
18.6824	1125
18.691	1125
18.7006	1125
18.7016	1125
18.713	1125
18.725	1125
18.726	1125
18.738	1125
18.7509	1125
18.7529	1125
18.7657	1125
18.7798	1125
18.7808	1125
18.7948	1125
18.8074	1125
18.8093	1125
18.8229	1125
18.8324	1125
18.8344	1125
18.8444	1125
18.8549	1125
18.8559	1125
18.8655	1125
18.876	1125
18.878	1125
18.8871	1125
18.8977	1125
18.8987	1125
18.9086	1125
18.9186	1125
18.9206	1125
18.9305	1125
18.9405	1125
18.9415	1125
18.9514	1125
18.9618	1125
18.9638	1125
18.9733	1125
18.9866	1125
18.9876	1125
18.9995	1125
19.0115	1125
19.0125	1125
19.0244	1125
19.0364	1125
19.0374	1125
19.048	1125
19.0585	1125
19.0595	1125
19.0709	1125
19.08	1125
19.081	1125
19.0929	1125
19.1021	1125
19.1031	1125
19.1145	1125
19.1246	1125
19.1256	1125
19.1365	1125
19.1466	1125
19.1476	1125
19.1581	1125
19.1682	1125
19.1692	1125
19.183	1125
19.1936	1125
19.1946	1125
19.2079	1125
19.2175	1125
19.2185	1125
19.2328	1125
19.2429	1125
19.2439	1125
19.2549	1125
19.2669	1125
19.2679	1125
19.2774	1125
19.2889	1125
19.2899	1125
19.2995	1125
19.3105	1125
19.3115	1125
19.3234	1125
19.3325	1125
19.3335	1125
19.3449	1125
19.3545	1125
19.3555	1125
19.367	1125
19.3794	1125
19.3804	1125
19.3919	1125
19.4043	1125
19.4053	1125
19.4198	1125
19.4323	1125
19.4343	1125
19.4477	1125
19.4617	1125
19.4637	1125
19.4766	1125
19.4896	1125
19.4915	1125
19.5015	1125
19.5115	1125
19.5125	1125
19.5223	1125
19.5328	1125
19.5348	1125
19.5442	1125
19.5596	1125
19.5606	1125
19.5702	1125
19.5816	1125
19.5826	1125
19.5941	1125
19.6065	1125
19.6075	1125
19.6171	1125
19.6281	1125
19.6291	1125
19.6397	1125
19.6501	1125
19.6511	1125
19.6626	1125
19.6727	1125
19.6737	1125
19.6833	1125
19.6934	1125
19.6944	1125
19.7049	1125
19.715	1125
19.716	1125
19.727	1125
19.7361	1125
19.7371	1125
19.7479	1125
19.758	1125
19.76	1125
19.7694	1125
19.7809	1125
19.7819	1125
19.7934	1125
19.8058	1125
19.8068	1125
19.8183	1125
19.8284	1125
19.8294	1125
19.8403	1125
19.8523	1125
19.8533	1125
19.8633	1125
19.8743	1125
19.8753	1125
19.8859	1125
19.8959	1125
19.8969	1125
19.9088	1125
19.9189	1125
19.9199	1125
19.9304	1125
19.941	1125
19.942	1125
19.9524	1125
19.9644	1125
19.9654	1125
19.9773	1125
19.9893	1125
19.9903	1125
