0.01	0
0.01	0
0.01	0
0.01	0
0.01	0
0.01	0
0.01	0
0.01	0
0.01	0
0.01	0
0.01	0
0.013	0
0.013	0
0.017	0
0.0931925	133
0.0941925	133
0.102281	501
0.110873	731
0.110873	731
0.116089	910
0.120057	989
0.121929	1072
0.124929	1072
0.128929	1072
0.128929	1072
0.132929	1072
0.136929	1072
0.136929	1072
0.140929	1072
0.143929	1072
0.144929	1072
0.148929	1072
0.151929	1072
0.152929	1072
0.155929	1072
0.159929	1072
0.160929	1072
0.163929	1072
0.167929	1072
0.167929	1072
0.171929	1072
0.175797	1303
0.175797	1303
0.178389	1420
0.181389	1420
0.181389	1420
0.184389	1420
0.187477	1420
0.187477	1420
0.190477	1420
0.194445	1420
0.194445	1420
0.197445	1420
0.199285	1420
0.200285	1420
0.203661	1420
0.205125	1420
0.206125	1420
0.208125	1420
0.211533	1420
0.212501	1420
0.214501	1420
0.217125	1420
0.217125	1420
0.220501	1420
0.223501	1420
0.223501	1420
0.226533	1420
0.229125	1420
0.229125	1420
0.232125	1420
0.235533	1420
0.235533	1420
0.238125	1420
0.241533	1420
0.241533	1420
0.244125	1420
0.247125	1420
0.247125	1420
0.250469	1420
0.253685	1420
0.253685	1420
0.256557	1420
0.259901	2657
0.259901	2657
0.260901	2657
0.265645	2657
0.265645	2657
0.266021	2657
0.268989	2657
0.268989	2657
0.269989	2657
0.271861	2688
0.271861	2688
0.272237	2794
0.275205	2825
0.275205	2825
0.276205	2825
0.278549	2855
0.278549	2855
0.279549	2855
0.284765	2950
0.284765	2950
0.285765	2950
0.290509	2950
0.290509	2950
0.291885	2950
0.293853	2962
0.293853	2962
0.294853	2962
0.300069	2962
0.300069	2962
0.301445	2962
0.303413	2962
0.303413	2962
0.304413	2962
0.306285	2962
0.306285	2962
0.307285	2962
0.312501	2962
0.312501	2962
0.313501	2962
0.315845	2962
0.315845	2962
0.316845	2962
0.322061	2962
0.322061	2962
0.323061	2962
0.324933	2962
0.325933	2962
0.326933	2962
0.331153	2962
0.331153	2962
0.332153	2962
0.337371	2962
0.337371	2962
0.338749	2962
0.340719	2962
0.340719	2962
0.341719	2962
0.343593	2962
0.343593	2962
0.344593	2962
0.349813	2962
0.349813	2962
0.350813	2962
0.352687	2962
0.352687	2962
0.353687	2962
0.359379	2962
0.359379	2962
0.360379	2962
0.362253	2962
0.362253	2962
0.363253	2962
0.368473	2962
0.368473	2962
0.369473	2962
0.371819	2962
0.371819	2962
0.372819	2962
0.378039	2962
0.378039	2962
0.379039	2962
0.383785	2962
0.383785	2962
0.384163	2962
0.387133	2962
0.387133	2962
0.388133	2962
0.390007	2962
0.390007	2962
0.391007	2962
0.396699	2962
0.396699	2962
0.399573	2962
0.405793	2962
0.405793	2962
0.408667	2962
0.412015	2962
0.412015	2962
0.414889	2962
0.418709	2962
0.418709	2962
0.424455	2962
0.427803	2962
0.427803	2962
0.430677	2962
0.436897	2962
0.436897	2962
0.439771	2962
0.446463	2962
0.446463	2962
0.449337	2962
0.455557	2962
0.455557	2962
0.458431	2962
0.465123	2962
0.465123	2962
0.467997	2962
0.474217	2962
0.474217	2962
0.477091	2962
0.480439	2962
0.480439	2962
0.483313	2962
0.490005	2962
0.490005	2962
0.495751	2962
0.499099	2962
0.499099	2962
0.501973	2962
0.508665	2962
0.508665	2962
0.511539	2962
0.514887	2962
0.514887	2962
0.520633	2962
0.523981	2962
0.523981	2962
0.530199	2962
0.536419	2962
0.536419	2962
0.539293	2962
0.542641	2962
0.542641	2962
0.548859	2962
0.552207	2962
0.552207	2962
0.555081	2962
0.561301	2962
0.561301	2962
0.564175	2962
0.570867	2962
0.570867	2962
0.573741	2962
0.579961	2962
0.579961	2962
0.582835	2962
0.586183	2962
0.586183	2962
0.589057	2962
0.595749	2962
0.595749	2962
0.598623	2962
0.601971	2962
0.601971	2962
0.604845	2962
0.611065	2962
0.611065	2962
0.613939	2962
0.617287	2962
0.617287	2962
0.620161	2962
0.626857	2962
0.626857	2962
0.629731	2962
0.633079	2962
0.633079	2962
0.635953	2962
0.642175	2962
0.642175	2962
0.645049	2962
0.651745	2962
0.651745	2962
0.654619	2962
0.657967	2962
0.657967	2962
0.663715	2962
0.667063	2962
0.667063	2962
0.673285	2962
0.676633	2962
0.676633	2962
0.679507	2962
0.685729	2962
0.685729	2962
0.688603	2962
0.695299	2962
0.695299	2962
0.698173	2962
0.701521	2962
0.701521	2962
0.704395	2962
0.710617	2962
0.710617	2962
0.713491	2962
0.720187	2962
0.720187	2962
0.723061	2962
0.726409	2962
0.726409	2962
0.732157	2962
0.738853	2962
0.738853	2962
0.747949	2962
0.751297	2962
0.751297	2962
0.757045	2962
0.763741	2962
0.763741	2962
0.769489	2962
0.776192	2962
0.77757	2962
0.77757	2962
0.77954	2962
0.788636	2962
0.788636	2962
0.794858	2962
0.798588	2962
0.801558	2962
0.801558	2962
0.808162	2962
0.811132	2962
0.814006	2962
0.814006	2962
0.823581	2962
0.824581	2962
0.833155	2962
0.834155	2962
0.834155	2962
0.839851	2962
0.842725	2962
0.842725	2962
0.849803	2962
0.850803	2962
0.852773	2962
0.858521	2962
0.858521	2962
0.861869	2962
0.864743	2962
0.864743	2962
0.871439	2962
0.874313	2962
0.874313	2962
0.88054	2962
0.890496	2962
0.901696	2962
0.903572	2962
0.914056	2962
0.925604	2962
0.92748	2962
0.938962	2962
0.94951	2962
0.95051	2962
0.961488	2962
0.972444	2962
0.974416	2962
0.985518	2962
0.996094	2962
0.997094	2962
1.0082	2962
1.01952	2962
1.02152	2962
1.03298	2962
1.04355	2962
1.04455	2962
1.05588	2962
1.0665	2962
1.06823	2962
1.07983	2962
1.09031	2962
1.09228	2962
1.10386	2962
1.11396	2962
1.11596	2962
1.12644	2962
1.13784	2962
1.14878	2586
1.16171	2586
1.17316	2586
1.17516	2586
1.18861	2586
1.19461	2586
1.19908	2586
1.20593	2586
1.21141	2586
1.21241	2586
1.21838	2586
1.22386	2586
1.22486	2586
1.23083	2586
1.23605	2586
1.23705	2586
1.24363	2586
1.24863	2586
1.24963	2586
1.25598	2586
1.26195	2586
1.26295	2586
1.26805	2586
1.27278	2586
1.27378	2586
1.27762	2586
1.28162	2586
1.28285	2586
1.28685	2586
1.29142	2586
1.29142	2586
1.29642	2586
1.30042	2586
1.30151	2586
1.30551	2586
1.30926	2586
1.31026	2586
1.31426	2586
1.31937	2586
1.31937	2586
1.32437	2586
1.32882	2586
1.32982	2586
1.33382	2586
1.33782	2586
1.33882	2586
1.34265	2586
1.3475	2586
1.3475	2586
1.3525	2586
1.3565	2586
1.3575	2586
1.3615	2586
1.36571	2586
1.36671	2586
1.37071	2586
1.37571	2586
1.37571	2586
1.38016	2586
1.38491	2586
1.38591	2586
1.38991	2586
1.39391	2586
1.39491	2586
1.39836	2586
1.40396	2586
1.40396	2586
1.40893	2586
1.41293	2586
1.41393	2586
1.41703	2586
1.42226	2586
1.42226	2586
1.42749	2586
1.43149	2586
1.43249	2586
1.43607	2586
1.44007	2586
1.44107	2586
1.44507	2586
1.45043	2586
1.45043	2586
1.4554	2586
1.45963	2586
1.46063	2586
1.46721	2586
1.47108	2586
1.47108	2586
1.47631	2586
1.48542	2586
1.48542	2586
1.495	2586
1.50122	2586
1.50122	2586
1.5108	2586
1.51656	2586
1.51656	2586
1.52326	2586
1.52901	2586
1.52901	2586
1.53572	2586
1.54147	2586
1.54147	2586
1.54817	2586
1.55205	2586
1.55205	2586
1.56063	2586
1.5645	2586
1.5645	2586
1.57308	2586
1.57796	2586
1.57796	2586
1.58219	2586
1.59129	2586
1.59129	2586
1.59564	2586
1.60087	2586
1.60087	2586
1.61045	2586
1.6162	2586
1.6162	2586
1.62291	2586
1.62866	2586
1.62866	2586
1.63824	2586
1.64447	2586
1.64447	2586
1.6507	2586
1.65692	2586
1.65692	2586
1.66363	2586
1.66938	2586
1.66938	2586
1.67321	2586
1.67808	2586
1.67808	2586
1.68379	2586
1.69228	2586
1.69628	2586
1.69955	2586
1.70355	2586
1.70755	2586
1.71249	2586
1.71649	2586
1.72025	2586
1.72525	2586
1.72525	2586
1.73109	2586
1.73109	2586
1.73609	2586
1.74461	2586
1.74861	2586
1.75418	2586
1.75818	2586
1.76999	2586
1.77372	2586
1.77472	2586
1.7787	2586
1.78726	2586
1.79111	2586
1.79211	2586
1.79649	2586
1.8002	2586
1.8012	2586
1.80691	2586
1.81075	2586
1.81885	2586
1.81885	2586
1.8222	2586
1.83131	2586
1.83131	2586
1.83566	2586
1.84041	2586
1.84041	2586
1.84712	2586
1.85287	2586
1.85287	2586
1.85957	2586
1.93096	1846
1.93096	1846
1.93718	1846
1.94341	1846
1.94341	1846
1.95016	1846
1.95875	1846
1.95875	1846
1.96451	1846
1.97174	1846
1.97174	1846
1.97851	1846
1.98464	1846
1.98562	1846
1.99135	1846
1.99732	1846
1.99809	1846
2.00409	1846
2.01009	1846
2.01156	1846
2.01744	1846
2.02315	1846
2.02915	1846
2.03015	1846
2.036	1846
2.042	1846
2.043	1846
2.04982	1846
2.05515	1846
2.06153	1846
2.06808	1846
2.07408	1846
2.07522	1846
2.08119	1846
2.08719	1846
2.08819	1846
2.09405	1846
2.10073	1846
2.10686	1846
2.11284	1846
2.11384	1846
2.11906	1846
2.12506	1846
2.12606	1846
2.13278	1849
2.1381	1849
2.1391	1849
2.14533	1849
2.15146	1849
2.15243	1849
2.15878	1849
2.16401	1849
2.16589	1849
2.17112	1849
2.17747	1849
2.17872	1849
2.18457	1849
2.1918	1849
2.1918	1849
2.19843	1849
2.20466	1849
2.20566	1849
2.21192	1849
2.21765	1849
2.21865	1849
2.22453	1849
2.23065	1849
2.23165	1849
2.23776	1849
2.24302	1849
2.245	1849
2.25087	1849
2.25651	1849
2.25751	1849
2.26374	1849
2.26988	1849
2.27085	1849
2.27661	1849
2.28244	1849
2.28344	1849
2.28908	1849
2.29535	1849
2.29635	1849
2.3022	1849
2.30822	1849
2.30922	1849
2.31507	1849
2.32183	1849
2.32209	1849
2.32895	1849
2.33471	1849
2.33571	1849
2.34185	1849
2.34782	1849
2.34858	1849
2.35484	1849
2.36129	1849
2.36129	1849
2.36865	1849
2.37462	1849
2.37462	1849
2.38173	1849
2.38795	1849
2.38895	1849
2.39418	1849
2.40091	1849
2.40176	1849
2.40751	1849
2.41325	1849
2.41425	1849
2.42009	1849
2.42632	1849
2.42758	1849
2.43303	1849
2.43965	1849
2.44065	1849
2.44636	1849
2.45211	1849
2.45311	1849
2.45972	1849
2.46569	1849
2.46669	1849
2.47265	1849
2.4785	1849
2.4795	1849
2.48525	1849
2.49195	1849
2.49295	1849
2.49806	1849
2.50429	1849
2.50529	1849
2.51151	1849
2.51722	1849
2.51822	1849
2.52422	1849
2.53158	1849
2.53158	1849
2.53755	1849
2.54465	1849
2.54465	1849
2.55188	1849
2.55711	1849
2.55837	1849
2.56469	1849
2.57044	1849
2.57144	1849
2.57715	1849
2.5839	1849
2.5849	1849
2.59063	1849
2.59648	1849
2.59748	1849
2.60393	1849
2.60993	1849
2.61016	1849
2.61689	1849
2.62274	1849
2.62374	1849
2.62923	1849
2.6352	1849
2.6362	1849
2.6423	1849
2.64853	1849
2.64953	1849
2.65576	1849
2.66101	1849
2.66201	1849
2.66834	1849
2.67482	1849
2.67579	1849
2.68155	1849
2.68755	1849
2.68815	1849
2.69413	1849
2.70035	1849
2.70161	1849
2.70758	1849
2.71481	1849
2.71481	1849
2.72139	1849
2.72714	1849
2.72814	1849
2.73472	1849
2.74072	1849
2.74195	1849
2.74718	1849
2.75318	1849
2.75441	1849
2.76001	1849
2.76699	1849
2.76799	1849
2.77347	1849
2.77944	1849
2.78044	1849
2.78655	1849
2.79277	1849
2.79377	1849
2.799	1849
2.80523	1849
2.80623	1849
2.81223	1849
2.81807	1849
2.81904	1849
2.82579	1849
2.83152	1849
2.83252	1849
2.83837	1849
2.84485	1849
2.84585	1849
2.85183	1849
2.85779	1849
2.85879	1849
2.86463	1849
2.87039	1849
2.87139	1849
2.87709	1849
2.88409	1849
2.88409	1849
2.89142	1849
2.89765	1849
2.89765	1849
2.90491	1849
2.91023	1849
2.91123	1849
2.91771	1849
2.92369	1849
2.92444	1849
2.93044	1849
2.93602	1849
2.93702	1849
2.94325	1849
2.94995	1849
2.95095	1849
2.95658	1849
2.96228	1849
2.96328	1849
2.96903	1849
2.97564	1849
2.97664	1849
2.98261	1849
2.9881	1849
2.9891	1849
2.99507	1849
3.0013	1849
3.0023	1849
3.00888	1849
3.01463	1849
3.01536	1849
3.02133	1849
3.02733	1849
3.02844	1849
3.03467	1849
3.04089	1849
3.04189	1849
3.04715	1849
3.05447	1849
3.05447	1849
3.06096	1849
3.06768	1849
3.06768	1849
3.07429	1849
3.08026	1849
3.08126	1849
3.08775	1849
3.09372	1849
3.09472	1849
3.10095	1849
3.10653	1849
3.10753	1849
3.11328	1849
3.11998	1849
3.12098	1849
3.12698	1849
3.13234	1849
3.13331	1849
3.13931	1849
3.14554	1849
3.14615	1849
3.15212	1849
3.15861	1849
3.15961	1849
3.16558	1849
3.17133	1849
3.17233	1849
3.17891	1849
3.18414	1849
3.18514	1849
3.19137	1849
3.19847	1849
3.19847	1849
3.20517	1849
3.21193	1849
3.21193	1849
3.21863	1849
3.22673	1849
3.22673	1849
3.23296	1849
3.23919	1849
3.23919	1849
3.24877	1849
3.25452	1849
3.25452	1849
3.26123	1849
3.27033	1849
3.27033	1849
3.27656	1849
3.28379	1849
3.28379	1849
3.29049	1849
3.29812	1849
3.29812	1849
3.30482	1849
3.31105	1849
3.31105	1849
3.32016	1849
3.32638	1849
3.32638	1849
3.33309	1849
3.34172	1849
3.34172	1849
3.34842	1849
3.35417	1849
3.35417	1849
3.36375	1849
3.36998	1849
3.36998	1849
3.37621	1849
3.38244	1849
3.38344	1849
3.39202	1849
3.39877	1849
3.39877	1849
3.40547	1849
3.4117	1849
3.4127	1849
3.4198	1849
3.42603	1849
3.42603	1849
3.43226	1849
3.44136	1849
3.44136	1849
3.44807	1849
3.45482	1849
3.45482	1849
3.4634	1849
3.46963	1849
3.46963	1849
3.47921	1849
3.48596	1849
3.48596	1849
3.49266	1849
3.50077	1849
3.50077	1849
3.507	1849
3.51322	1849
3.51322	1849
3.5228	2962
3.5258	2962
3.5268	2962
3.53003	2962
3.53303	2962
3.53403	2962
3.53814	2962
3.54214	2962
3.54214	2962
3.54636	2962
3.55036	2962
3.55036	2962
3.55494	2962
3.55894	2962
3.5597	2962
3.5627	2962
3.5664	2962
3.5674	2962
3.5704	2962
3.5744	2962
3.5754	2962
3.57924	2962
3.58221	2962
3.58321	2962
3.58721	2962
3.59184	2962
3.59184	2962
3.59557	2962
3.59954	2962
3.59954	2962
3.60354	2962
3.60764	2962
3.60864	2962
3.6119	2962
3.61587	2962
3.61687	2962
3.61987	2962
3.62398	2962
3.62498	2962
3.62868	2962
3.63168	2962
3.63268	2962
3.63643	2962
3.64043	2962
3.64043	2962
3.64404	2962
3.64837	2962
3.65237	2962
3.65237	2962
3.65695	2962
3.6627	2962
3.6627	2962
3.66941	2962
3.67851	2962
3.67851	2962
3.68474	2962
3.69097	2962
3.69097	2962
3.70055	2962
3.7063	2962
3.7063	2962
3.72211	2962
3.72511	2962
3.72982	2962
3.73082	2962
3.73505	2962
3.74415	2962
3.74415	2962
3.75038	2962
3.75996	2962
3.75996	2962
3.76571	2962
3.77241	2962
3.77241	2962
3.78152	2962
3.78775	2962
3.78775	2962
3.7911	2962
3.79445	2962
3.79445	2962
3.79733	2962
3.80403	2962
3.80403	2962
3.80791	2962
3.81649	2962
3.81987	2962
3.81987	2962
3.85186	2962
3.85772	2962
3.86207	2962
3.86207	2962
3.8673	2962
3.8723	2962
3.8733	2962
3.87878	2962
3.88323	2962
3.88847	2962
3.89417	2962
3.89417	2962
3.89978	2962
3.90476	2962
3.91893	1936
3.9219	1937
3.92765	1938
3.93426	1938
3.93923	1938
3.94346	1938
3.94829	1952
3.95429	1952
3.95592	1961
3.96252	1961
3.9675	1961
3.97795	1961
3.98283	1982
3.98853	1982
3.98953	1982
3.99429	1982
4.00089	1982
4.00287	1982
4.00862	1982
4.01523	1982
4.0182	1982
4.02443	1982
4.03103	1982
4.03401	1982
4.03976	1982
4.04637	1982
4.04934	1982
4.05407	1982
4.06092	1982
4.06192	1982
4.06662	1982
4.0725	1982
4.0735	1982
4.07998	1982
4.08496	1982
4.08596	1982
4.09196	1982
4.10205	1982
4.10205	1982
4.10881	1982
4.11452	1982
4.11552	1982
4.12027	1982
4.12663	1982
4.12762	1982
4.13273	1982
4.13849	1982
4.13949	1982
4.14537	1982
4.15095	1982
4.15195	1982
4.1577	1982
4.16358	1982
4.16358	1982
4.17206	1982
4.17828	1982
4.17828	1982
4.18739	1982
4.19697	1982
4.19697	1982
4.20285	1982
4.20896	1982
4.20996	1982
4.21519	1982
4.22765	1982
4.22765	1982
4.2334	1982
4.24299	1982
4.24299	1982
4.24874	1982
4.25544	1982
4.25544	1982
4.2612	1982
4.27078	1982
4.27078	1982
4.277	1982
4.28658	1982
4.28658	1982
4.29281	1982
4.30239	1982
4.30239	1982
4.30814	1982
4.31772	1982
4.31772	1982
4.32348	1982
4.33018	1982
4.33018	1982
4.33693	1982
4.34264	1982
4.34364	1982
4.35174	1982
4.36085	1982
4.36085	1982
4.36661	1982
4.37284	1982
4.37384	1982
4.37907	1982
4.38865	1982
4.38865	1982
4.3944	1982
4.40111	1982
4.40111	1982
4.40786	1982
4.41692	1982
4.42118	1982
4.42218	1982
4.42815	1982
4.43338	1982
4.43438	1982
4.44096	1982
4.4518	1982
4.45677	1982
4.45777	1982
4.46352	1982
4.4701	1982
4.4701	1982
4.48006	1982
4.48504	1982
4.49214	1982
4.49214	1982
4.49884	1982
4.50747	1982
4.50747	1982
4.51418	1982
4.52414	1982
4.52911	1982
4.53011	1982
4.53674	1982
4.54532	1982
4.54532	1982
4.55155	1982
4.56113	1982
4.56113	1982
4.56736	1982
4.58269	1982
4.58743	1982
4.58843	1982
4.5944	1982
4.5995	1982
4.6005	1982
4.60673	1982
4.63347	1675
4.63923	1675
4.64023	1675
4.64881	1675
4.65503	1675
4.65503	1675
4.66226	1675
4.66949	1675
4.67049	1675
4.6776	1675
4.6833	1675
4.6843	1675
4.69191	1675
4.69888	1675
4.69988	1675
4.70698	1675
4.71247	1675
4.71347	1675
4.72032	1675
4.7279	1675
4.7289	1675
4.73404	1675
4.74188	1675
4.74214	1675
4.74911	1675
4.75634	1675
4.75734	1675
4.76345	1675
4.77003	1675
4.77103	1675
4.77878	1675
4.78448	1675
4.78548	1675
4.79259	1675
4.79929	1675
4.80029	1675
4.80792	1675
4.81392	1675
4.81492	1675
4.82138	1675
4.8286	1675
4.8296	1675
4.83583	1675
4.84241	1675
4.84341	1675
4.85016	1675
4.85716	1675
4.85816	1675
4.86416	1675
4.9152	1675
4.9152	1675
4.92478	1675
4.93101	1675
4.93101	1675
4.94059	1675
4.94635	1675
4.94735	1675
4.95458	1675
4.9618	1675
4.96206	1675
4.96838	1675
4.97526	1675
4.97626	1675
4.98337	1675
4.99086	1675
4.99186	1675
4.99783	1675
5.00432	1675
5.00529	1675
5.01229	1675
5.01865	1675
5.01965	1675
5.02662	1675
5.03308	1675
5.03408	1675
5.0413	1675
5.04701	1675
5.04801	1675
5.05549	1675
5.06234	1675
5.06334	1675
5.06909	1675
5.07667	1675
5.07767	1675
5.0849	1675
5.09163	1675
5.09248	1675
5.09823	1675
5.10523	1675
5.10623	1675
5.1332	1675
5.14183	1675
5.14183	1675
5.15141	1675
5.16051	1675
5.16051	1675
5.16722	1675
5.17497	1675
5.17597	1675
5.18255	1675
5.18878	1675
5.18978	1675
5.19836	1675
5.20411	1675
5.20511	1675
5.21369	1675
5.21992	1675
5.22092	1675
5.2295	1675
5.23525	1675
5.23625	1675
5.24483	1675
5.25106	1675
5.25106	1675
5.25828	1675
5.26551	1675
5.26651	1675
5.27374	1675
5.27984	1675
5.28084	1675
5.28755	1675
5.2943	1675
5.29503	1675
5.30288	1675
5.30811	1675
5.30911	1675
5.31634	1675
5.3233	1675
5.3243	1675
5.33027	1675
5.34735	1675
5.34735	1675
5.35406	1675
5.36316	1675
5.36316	1675
5.37274	1675
5.37897	1675
5.37997	1675
5.38807	1675
5.39718	1675
5.39718	1675
5.40488	1675
5.41298	1675
5.41298	1675
5.41921	1675
5.42832	1675
5.42832	1675
5.43502	1675
5.44412	1675
5.44412	1675
5.45183	1675
5.45946	1675
5.45946	1675
5.46904	1675
5.47526	1675
5.47626	1675
5.48484	1675
5.4906	1675
5.4916	1675
5.50018	1675
5.5064	1675
5.5074	1675
5.51411	1675
5.52174	1675
5.52274	1675
5.52844	1675
5.53754	1675
5.53754	1675
5.54712	1675
5.55388	1675
5.55488	1675
5.56581	1675
5.57204	1675
5.57204	1675
5.58114	1675
5.59024	1675
5.59024	1675
5.59982	1675
5.60605	1675
5.60605	1675
5.61563	1675
5.62474	1675
5.62474	1675
5.63144	1675
5.64007	1675
5.64007	1675
5.64965	1675
5.65588	1675
5.65688	1675
5.66546	1675
5.67168	1675
5.67268	1675
5.68079	1675
5.68989	1675
5.68989	1675
5.6966	1675
5.7057	1675
5.7057	1675
5.71528	1675
5.72103	1675
5.72203	1675
5.73061	1675
5.73684	1675
5.73784	1675
5.74642	1675
5.75217	1675
5.75317	1675
5.76175	1675
5.77086	1675
5.77086	1675
5.77756	1675
5.78954	1675
5.78954	1675
5.79624	1675
5.80535	1675
5.80535	1675
5.81493	1675
5.82403	1675
5.82403	1675
5.83126	1675
5.83936	1675
5.83936	1675
5.84894	1675
5.85517	1675
5.85517	1675
5.86475	1675
5.87386	1675
5.87386	1675
5.88008	1675
5.88919	1675
5.88919	1675
5.89689	1675
5.905	1675
5.905	1675
5.91458	1675
5.92033	1675
5.92133	1675
5.92991	1675
5.93901	1675
5.93901	1675
5.94672	1675
5.95482	1675
5.95482	1675
5.9644	1675
5.97015	1675
5.97115	1675
5.97973	1675
5.98884	1675
5.98884	1675
5.99554	1675
6.00465	1675
6.00465	1675
6.01423	1675
6.02045	1675
6.02145	1675
6.03291	1675
6.03866	1675
6.03966	1675
6.04824	1675
6.05735	1675
6.05735	1675
6.06405	1675
6.07315	1675
6.07315	1675
6.08086	1675
6.09184	1675
6.09184	1675
6.09807	1675
6.10717	1675
6.10717	1675
6.11487	1675
6.12298	1675
6.12298	1675
6.13256	1675
6.13879	1675
6.13979	1675
6.14789	1675
6.15699	1675
6.15699	1675
6.16657	1675
6.1728	1675
6.1738	1675
6.18238	1675
6.19149	1675
6.19149	1675
6.19871	1675
6.20682	1675
6.20682	1675
6.2164	1675
6.22263	1675
6.22363	1675
6.23221	1675
6.24131	1982
6.24131	1982
6.24754	1982
6.25354	1982
6.25454	1982
6.25912	1982
6.26525	1982
6.26622	1982
6.27122	1982
6.27733	1982
6.27833	1982
6.28491	1982
6.28991	1982
6.29091	1982
6.29687	1982
6.30284	1982
6.30284	1982
6.30847	1982
6.31407	1982
6.31507	1982
6.32005	1982
6.32615	1982
6.32715	1982
6.33285	1982
6.34096	1982
6.34096	1982
6.35054	1982
6.35677	1982
6.35677	1982
6.36587	1982
6.37497	1982
6.37497	1982
6.38455	1982
6.39366	1982
6.39366	1982
6.40036	1982
6.40947	1982
6.40947	1982
6.41905	1982
6.4248	1982
6.4258	1982
6.43438	1982
6.44348	1982
6.44348	1982
6.45019	1982
6.45929	1982
6.45929	1982
6.46887	1982
6.47462	1982
6.47462	1982
6.48133	1982
6.48708	1982
6.48708	1982
6.49666	1982
6.50001	1982
6.50101	1982
6.50911	1982
6.51534	1982
6.51534	1982
6.52205	1982
6.53067	1982
6.53067	1982
6.53738	1982
6.54313	1982
6.54313	1982
6.54983	1982
6.55606	1982
6.55606	1982
6.56517	1982
6.57139	1982
6.57139	1982
6.58097	1982
6.5872	1982
6.5872	1982
6.59631	1982
6.60541	1982
6.60541	1982
6.61499	1982
6.62409	1982
6.62409	1982
6.6308	1982
6.6399	1982
6.6399	1982
6.64948	1982
6.65571	1982
6.65571	1982
6.66481	1982
6.67392	1982
6.67392	1982
6.6835	1982
6.68973	1982
6.68973	1982
6.69931	1982
6.70841	1982
6.70941	1982
6.71664	1982
6.72412	1982
6.72512	1982
6.73209	1982
6.74093	1982
6.74193	1982
6.7499	1982
6.75626	1982
6.75726	1982
6.76546	1982
6.77307	1982
6.77404	1982
6.78179	1982
6.7895	1982
6.7905	1982
6.79895	1982
6.80395	1982
6.80495	1982
6.81006	1982
6.81529	1982
6.81629	1982
6.82229	1982
6.82812	1982
6.82812	1982
6.83409	1982
6.84085	1982
6.84185	1982
6.84643	1982
6.85453	1982
6.85453	1982
6.86411	1982
6.87034	1982
6.87034	1982
6.87704	1982
6.88567	1982
6.88567	1982
6.89525	1982
6.90435	1982
6.90435	1982
6.91106	1982
6.92016	1982
6.92016	1982
6.92974	1982
6.93597	1982
6.93597	1982
6.94843	1982
6.95418	1982
6.95418	1982
6.96376	1982
6.96999	1982
6.96999	1982
6.97957	1982
6.98867	1982
6.98867	1982
6.9949	1982
7.004	1982
7.004	1982
7.01071	1982
7.01981	1982
7.01981	1982
7.02939	1982
7.03514	1982
7.03514	1982
7.04185	1982
7.0476	1982
7.0486	1982
7.0543	1982
7.06005	1982
7.06005	1982
7.06676	1982
7.07251	1982
7.07351	1982
7.08209	1982
7.08832	1982
7.08832	1982
7.09455	1982
7.10365	1982
7.10365	1982
7.11035	1982
7.11611	1982
7.11611	1982
7.12569	1982
7.13479	1982
7.13479	1982
7.14437	1982
7.1506	1982
7.1506	1982
7.16018	1982
7.16928	1982
7.16928	1982
7.17551	1982
7.18461	1982
7.18461	1982
7.19419	1982
7.2033	1982
7.2033	1982
7.23444	1982
7.24402	1982
7.24402	1982
7.25025	1982
7.25983	1982
7.25983	1982
7.26893	1982
7.27516	1982
7.27516	1982
7.28139	1982
7.29097	1982
7.29097	1982
7.29672	1982
7.30342	1982
7.30342	1982
7.30917	1982
7.31875	1982
7.31875	1982
7.32498	1982
7.33121	1982
7.33121	1982
7.33744	1982
7.34702	1982
7.34702	1982
7.35377	1982
7.35947	1982
7.36047	1982
7.36858	1982
7.37481	1982
7.37481	1982
7.38391	1982
7.39061	1982
7.39061	1982
7.39972	1982
7.4093	1982
7.4093	1982
7.41505	1982
7.42463	1982
7.42463	1982
7.43373	1982
7.44331	1982
7.44331	1982
7.46487	1982
7.47445	1982
7.47445	1982
7.48068	1982
7.49026	1982
7.49026	1982
7.49937	1982
7.50559	1982
7.50559	1982
7.51182	1982
7.5214	1982
7.5214	1982
7.52763	1982
7.53673	1982
7.53673	1982
7.54296	1982
7.55254	1982
7.55254	1982
7.55829	1982
7.565	1982
7.566	1982
7.57075	1982
7.58033	1982
7.58033	1982
7.58656	1982
7.59279	1982
7.59379	1982
7.60189	1982
7.60859	1982
7.60859	1982
7.61435	1982
7.62105	1982
7.62105	1982
7.6278	1982
7.63638	1982
7.63638	1982
7.64261	1982
7.64884	1982
7.64984	1982
7.65794	1982
7.66465	1982
7.66465	1982
7.67663	1982
7.68621	1982
7.68621	1982
7.69243	1982
7.69866	1982
7.69966	1982
7.70777	1982
7.71447	1982
7.71447	1982
7.72357	1982
7.7298	1982
7.7298	1982
7.73891	1982
7.74849	1982
7.74849	1982
7.75471	1982
7.76429	1982
7.76429	1982
7.77005	1982
7.77963	1982
7.77963	1982
7.78585	1982
7.79543	1982
7.79543	1982
7.80119	1982
7.80789	1982
7.80889	1982
7.81699	1982
7.82322	1982
7.82322	1982
7.83233	1982
7.83903	1982
7.83903	1982
7.84578	1982
7.85436	1982
7.85436	1982
7.86059	1982
7.87017	1982
7.87017	1982
7.87692	1982
7.8855	1982
7.8855	1982
7.89461	1982
7.90419	1982
7.90419	1982
7.91329	1982
7.91999	1982
7.91999	1982
7.9291	1982
7.93533	1982
7.93533	1982
7.94443	1982
7.95113	1982
7.95113	1982
7.96024	1982
7.96982	1982
7.96982	1982
7.97557	1982
7.98515	1982
7.98515	1982
7.99138	1982
8.00096	1982
8.00096	1982
8.00719	1982
8.01629	1982
8.01629	1982
8.02539	1982
8.0321	1982
8.0321	1982
8.0412	1982
8.04743	1982
8.04743	1982
8.05653	1982
8.06324	1982
8.06324	1982
8.07234	1982
8.08192	1982
8.08192	1982
8.08767	1982
8.09725	1982
8.09725	1982
8.10348	1982
8.11306	1982
8.11306	1982
8.12217	1982
8.13175	1982
8.13175	1982
8.14085	1982
8.14708	1982
8.14708	1982
8.15618	1982
8.16289	1982
8.16289	1982
8.17199	1982
8.17822	1982
8.17822	1982
8.18732	1982
8.1969	1982
8.1969	1982
8.20313	1982
8.21271	1982
8.21271	1982
8.21846	1982
8.22804	1982
8.22804	1982
8.23715	1982
8.24385	1982
8.24385	1982
8.25295	1982
8.26253	1982
8.26253	1982
8.26876	1982
8.27787	1982
8.27787	1982
8.28697	1982
8.29367	1982
8.29367	1982
8.30278	1982
8.31236	1982
8.31236	1982
8.31811	1982
8.32769	1982
8.32769	1982
8.33392	1982
8.3435	1982
8.3435	1982
8.3526	1982
8.36218	1982
8.36218	1982
8.36841	1982
8.37751	1982
8.37751	1982
8.38662	1982
8.39332	1982
8.39332	1982
8.39907	1982
8.40578	1982
8.40678	1982
8.41488	1982
8.42446	1982
8.42446	1982
8.43021	1982
8.43979	1982
8.43979	1982
8.44602	1982
8.4556	1982
8.4556	1982
8.46471	1982
8.47093	1982
8.47093	1982
8.48004	1982
8.48962	1982
8.48962	1982
8.49585	1982
8.50543	1982
8.50543	1982
8.51453	1982
8.52076	1982
8.52076	1982
8.52986	1982
8.53944	1982
8.53944	1982
8.54567	1982
8.55525	1982
8.55525	1982
8.561	1982
8.57058	1982
8.57058	1982
8.57969	1982
8.58927	1982
8.58927	1982
8.59549	1982
8.60507	1982
8.60507	1982
8.61418	1982
8.62041	1982
8.62041	1982
8.62663	1982
8.63621	1982
8.63621	1982
8.64297	1982
8.65155	1982
8.65155	1982
8.65777	1982
8.66735	1982
8.66735	1982
8.67311	1982
8.68269	1982
8.68269	1982
8.69179	1982
8.69849	1982
8.69849	1982
8.7076	1982
8.71718	1982
8.71718	1982
8.72393	1982
8.73251	1982
8.73251	1982
8.74161	1982
8.74832	1982
8.74832	1982
8.75742	1982
8.767	1982
8.767	1982
8.77375	1982
8.78233	1982
8.78233	1982
8.78856	1982
8.79814	1982
8.79814	1982
8.80725	1982
8.81683	1982
8.81683	1982
8.82258	1982
8.83216	1982
8.83216	1982
8.84126	1982
8.84797	1982
8.84797	1982
8.85372	1982
8.8633	1982
8.8633	1982
8.86953	1982
8.87911	1982
8.87911	1982
8.88533	1982
8.89444	1982
8.89444	1982
8.90067	1982
8.91025	1982
8.91025	1982
8.91935	1982
8.92558	1982
8.92558	1982
8.93468	1982
8.94426	1982
8.94426	1982
8.95049	1982
8.96007	1982
8.96007	1982
8.96917	1982
8.9754	1982
8.9754	1982
8.98451	1982
8.99409	1982
8.99409	1982
9.00031	1982
9.00989	1982
9.00989	1982
9.01565	1982
9.02523	1982
9.02523	1982
9.03433	1982
9.04391	1982
9.04391	1982
9.05014	1982
9.05972	1982
9.05972	1982
9.06882	1982
9.07505	1982
9.07505	1982
9.08128	1982
9.09086	1982
9.09086	1982
9.09661	1982
9.10619	1982
9.10619	1982
9.11242	1982
9.122	1982
9.122	1982
9.12775	1982
9.13733	1982
9.13733	1982
9.14643	1982
9.15314	1982
9.15314	1982
9.16224	1982
9.17182	1982
9.17182	1982
9.17757	1982
9.18715	1982
9.18715	1982
9.19626	1982
9.20296	1982
9.20296	1982
9.21207	1982
9.22165	1982
9.22165	1982
9.2274	1982
9.23698	1982
9.23698	1982
9.24321	1982
9.25279	1982
9.25279	1982
9.26189	1982
9.27147	1982
9.27147	1982
9.27722	1982
9.2868	1982
9.2868	1982
9.29591	1982
9.30261	1982
9.30261	1982
9.30836	1982
9.31794	1982
9.31894	1982
9.32517	1982
9.33375	1982
9.33475	1982
9.3415	1982
9.34908	1982
9.35008	1982
9.35831	1982
9.36589	1982
9.36689	1982
9.37499	1982
9.38222	1982
9.38322	1982
9.43915	1572
9.44676	1572
9.44873	1572
9.45596	1572
9.46257	1572
9.46454	1572
9.47129	1572
9.4789	1572
9.47987	1572
9.48897	1572
9.49558	1572
9.49855	1572
9.50578	1572
9.51239	1572
9.51436	1572
9.52159	1572
9.52872	1572
9.52969	1572
9.53692	1572
9.54353	1572
9.5455	1572
9.55225	1572
9.55986	1572
9.56083	1572
9.56994	1572
9.57664	1572
9.57764	1572
9.58575	1572
9.59297	1572
9.59397	1572
9.60097	1572
9.60781	1572
9.60881	1572
9.61566	1572
9.64803	1572
9.65128	1572
9.65861	1572
9.66536	1572
9.66709	1572
9.67494	1572
9.68117	1572
9.68577	1572
9.69275	1572
9.69985	1572
9.70111	1572
9.70843	1572
9.71518	1572
9.71691	1572
9.72376	1572
9.73099	1572
9.7356	1572
9.74257	1572
9.74932	1572
9.75093	1572
9.7579	1572
9.76401	1572
9.76674	1572
9.77371	1572
9.78081	1572
9.78207	1572
9.78904	1572
9.79615	1572
9.79788	1572
9.80485	1572
9.81195	1572
9.81321	1572
9.82066	1572
9.82729	1572
9.84435	1572
9.85167	1572
9.85843	1572
9.86303	1572
9.87001	1572
9.87711	1572
9.87884	1572
9.88569	1572
9.89292	1572
9.89753	1572
9.9045	1572
9.91125	1572
9.91286	1572
9.91983	1572
9.92693	1572
9.92867	1572
9.93551	1572
9.94274	1572
9.94735	1572
9.95432	1572
9.96143	1572
9.96268	1572
9.96913	1572
9.97676	1572
9.97849	1572
9.98546	1572
9.99257	1572
9.99382	1572
10.0001	1572
10.0079	1572
10.0125	1572
10.0195	1572
10.0267	1572
10.0283	1572
10.0404	1572
10.0495	1572
10.0532	1572
10.0601	1572
10.0673	1572
10.0719	1572
10.0789	1572
10.0851	1572
10.0872	1572
10.0946	1572
10.1013	1572
10.1059	1572
10.1129	1572
10.119	1572
10.1217	1572
10.1287	1572
10.1358	1572
10.1371	1572
10.1444	1572
10.1525	1572
10.1557	1572
10.1627	1572
10.1698	1572
10.1716	1572
10.1785	1572
10.1856	1572
10.1869	1572
10.1932	1572
10.201	1572
10.2056	1572
10.2125	1572
10.2196	1572
10.2214	1572
10.2282	1572
10.2363	1572
10.2429	1572
10.2493	1572
10.256	1572
10.2616	1572
10.2689	1572
10.2757	1572
10.2774	1572
10.2843	1572
10.2915	1572
10.2961	1572
10.304	1572
10.3102	1572
10.3115	1572
10.3188	1572
10.3255	1572
10.3301	1572
10.3371	1572
10.3442	1572
10.3459	1572
10.3528	1572
10.359	1572
10.3646	1572
10.3716	1572
10.3788	1572
10.38	1572
10.3869	1572
10.393	1572
10.3958	1572
10.4026	1572
10.4107	1572
10.4144	1572
10.4214	1572
10.4285	1572
10.4331	1572
10.441	1572
10.4472	1572
10.4518	1572
10.4587	1572
10.4659	1572
10.4705	1572
10.4775	1572
10.4846	1572
10.4858	1572
10.4922	1572
10.5013	1572
10.5045	1572
10.5115	1572
10.5186	1572
10.5203	1572
10.5272	1572
10.5353	1572
10.539	1572
10.547	1572
10.5531	1572
10.5543	1572
10.5617	1572
10.5698	1572
10.573	1572
10.5805	1572
10.5871	1572
10.5888	1572
10.5957	1572
10.6029	1572
10.6075	1572
10.6144	1572
10.6216	1572
10.6262	1572
10.633	1572
10.6403	1572
10.642	1572
10.6507	1572
10.6598	1572
10.6636	1572
10.6704	1572
10.679	1572
10.6851	1572
10.6925	1572
10.6992	1572
10.7072	1572
10.714	1572
10.7212	1572
10.7258	1572
10.7328	1572
10.7399	1572
10.7474	1572
10.7549	1572
10.7628	1572
10.7661	1572
10.7731	1572
10.7802	1572
10.7881	1572
10.7951	1572
10.8022	1572
10.8068	1572
10.8137	1572
10.8209	1572
10.8221	1572
10.8295	1572
10.8376	1572
10.8408	1572
10.8472	1572
10.8563	1572
10.8595	1572
10.8665	1572
10.8731	1572
10.8782	1572
10.8855	1572
10.8936	1572
10.8969	1572
10.9032	1572
10.9123	1572
10.9156	1572
10.9229	1572
10.9296	1572
10.9314	1572
10.9382	1572
10.9454	1572
10.9467	1572
10.953	1572
10.9621	1572
10.9654	1572
10.9724	1572
10.9796	1572
10.9806	1572
10.987	1572
10.9943	1572
10.9953	1572
11.0029	1572
11.0101	1572
11.0111	1572
11.0182	1572
11.0258	1572
11.0268	1572
11.033	1572
11.0401	1572
11.0411	1572
11.0494	1572
11.0562	1572
11.0572	1572
11.0648	1572
11.0719	1572
11.0729	1572
11.0796	1572
11.0877	1572
11.0887	1572
11.0953	1572
11.1021	1572
11.1031	1572
11.1106	1572
11.1171	1572
11.1181	1572
11.1264	1572
11.1332	1572
11.1342	1572
11.1419	1572
11.1489	1572
11.15	1572
11.1562	1572
11.1636	1572
11.1643	1572
11.172	1572
11.1792	1572
11.1801	1572
11.1877	1612
11.1949	1624
11.1959	1624
11.2021	1649
11.209	1649
11.21	1649
11.2171	1649
11.2237	1649
11.2247	1649
11.2317	1649
11.2385	1649
11.2395	1649
11.2465	1649
11.2534	1649
11.2544	1649
11.2612	1649
11.268	1649
11.269	1649
11.2755	1649
11.2825	1649
11.2836	1676
11.2904	1676
11.2972	1676
11.2982	1676
11.3042	1676
11.311	1676
11.312	1676
11.3198	1676
11.3254	1676
11.3264	1676
11.3335	1676
11.3402	1676
11.3412	1676
11.3482	1676
11.3545	1676
11.3555	1676
11.3628	1676
11.3693	1676
11.3703	1676
11.3762	1676
11.3834	1676
11.3844	1676
11.392	1676
11.3987	1676
11.3987	1676
11.4043	1676
11.4093	1676
11.4103	1676
11.4154	1676
11.4211	1676
11.4211	1676
11.4271	1676
11.4322	1676
11.4335	1676
11.4385	1676
11.4445	1676
11.4456	1676
11.4503	1676
11.4551	1676
11.4561	1676
11.4614	1676
11.468	1676
11.469	1676
11.474	1676
11.4782	1676
11.4792	1676
11.4853	1676
11.4903	1676
11.4913	1676
11.4965	1676
11.5011	1676
11.5021	1676
11.5081	1676
11.5132	1676
11.5145	1676
11.5194	1676
11.5257	1676
11.5257	1676
11.5313	1676
11.5362	1676
11.5372	1676
11.5427	1676
11.5487	1676
11.5487	1676
11.5548	1676
11.559	1676
11.56	1676
11.565	1676
11.5715	1676
11.5715	1676
11.578	1676
11.5826	1676
11.5836	1676
11.5883	1676
11.594	1676
11.595	1676
11.6	1676
11.6056	1676
11.6066	1676
11.6118	1676
11.6171	1676
11.6181	1676
11.6233	1676
11.628	1676
11.629	1676
11.6359	1676
11.6406	1676
11.6414	1676
11.6463	1691
11.6516	1699
11.6526	1699
11.6587	1699
11.6637	1734
11.6647	1734
11.6692	1734
11.6741	1734
11.6751	1734
11.6801	1734
11.686	1739
11.687	1739
11.6919	1739
11.6967	1739
11.6974	1739
11.7024	1739
11.7074	1739
11.7084	1739
11.7137	1739
11.7229	1739
11.7239	1739
11.7322	1744
11.7403	1744
11.742	1744
11.7507	1744
11.7593	1744
11.7603	1744
11.7698	1744
11.7778	1744
11.779	1744
11.7876	1744
11.8776	1744
11.8776	1744
11.8839	1751
11.8901	1751
11.8901	1751
11.8997	1751
11.9054	1751
11.9064	1751
11.915	1751
11.9241	1751
11.9241	1751
11.9337	1751
11.9428	1751
11.9428	1751
11.9524	1751
11.9615	1751
11.9615	1751
11.9711	1751
11.9802	1751
11.9802	1751
12.052	1751
12.0586	1751
12.0616	1751
12.0707	1751
12.077	1751
12.0774	1751
12.0861	1751
12.092	1751
12.0937	1751
12.0996	1751
12.1062	1751
12.1072	1751
12.1138	1751
12.1208	1751
12.1218	1751
12.1274	1751
12.1334	1751
12.1344	1751
12.1413	1751
12.1475	1751
12.1485	1751
12.155	1751
12.161	1751
12.162	1751
12.168	1751
12.175	1751
12.176	1751
12.182	1751
12.189	1751
12.19	1751
12.2049	1751
12.2109	1751
12.212	1751
12.2174	1751
12.2244	1751
12.2254	1751
12.2317	1751
12.2386	1751
12.2396	1751
12.2455	1751
12.2513	1751
12.2523	1751
12.2596	1751
12.2653	1751
12.2663	1751
12.2739	1751
12.2795	1751
12.2805	1751
12.2865	1751
12.2937	1751
12.2947	1751
12.3003	1751
12.307	1751
12.308	1751
12.3146	1751
12.3208	1751
12.3218	1751
12.3284	1751
12.3344	1751
12.3352	1751
12.3428	1751
12.3487	1751
12.3497	1751
12.3559	1751
12.3626	1751
12.3636	1751
12.3696	1751
12.3769	1751
12.3779	1751
12.3831	1751
12.3893	1751
12.3903	1751
12.3979	1751
12.4039	1751
12.4049	1751
12.4113	1751
12.4177	1751
12.4187	1751
12.4244	1751
12.4311	1751
12.4321	1751
12.4381	1751
12.4454	1751
12.4464	1751
12.4524	1751
12.4592	1751
12.4592	1751
12.4661	1751
12.4723	1751
12.473	1751
12.4809	1751
12.4866	1751
12.4876	1751
12.4942	1751
12.5002	1751
12.5014	1751
12.5071	1751
12.514	1751
12.515	1751
12.5218	1751
12.5284	1751
12.5294	1751
12.5355	1751
12.5412	1751
12.5422	1751
12.5499	1751
12.5555	1751
12.5565	1751
12.564	1751
12.5693	1751
12.5703	1751
12.5762	1751
12.5834	1751
12.5844	1751
12.5901	1751
12.5977	1751
12.5987	1751
12.6045	1751
12.6103	1751
12.6113	1751
12.6186	1751
12.6241	1751
12.6251	1751
12.6329	1751
12.6385	1751
12.6395	1751
12.6457	1751
12.6523	1751
12.6533	1751
12.659	1751
12.6666	1751
12.6676	1751
12.6736	1751
12.6807	1751
12.6807	1751
12.6874	1751
12.6934	1751
12.6945	1751
12.7017	1751
12.7077	1751
12.7087	1751
12.7156	1751
12.7214	1751
12.7224	1751
12.7289	1751
12.7352	1751
12.7362	1751
12.743	1751
12.7496	1751
12.7506	1751
12.7568	1751
12.7625	1751
12.7635	1751
12.7704	1751
12.7765	1751
12.7775	1751
12.7847	1751
12.7908	1751
12.7918	1751
12.7975	1751
12.8047	1751
12.8057	1751
12.8119	1751
12.8183	1751
12.8193	1751
12.8257	1751
12.8315	1751
12.8325	1751
12.8398	1751
12.8455	1751
12.8465	1751
12.8531	1751
12.8598	1751
12.8608	1751
12.8667	1751
12.8739	1751
12.8745	1751
12.8805	1751
12.8872	1751
12.8882	1751
12.8948	1751
12.901	1751
12.901	1751
12.9086	1751
12.9144	1751
12.9154	1751
12.9221	1751
12.9281	1751
12.9291	1751
12.9364	1751
12.9424	1751
12.9436	1751
12.9492	1751
12.9562	1751
12.9572	1751
12.964	1751
12.9705	1751
12.9715	1751
12.977	1751
12.983	1751
12.984	1751
12.9912	1751
12.9978	1751
12.9988	1751
13.0059	1751
13.0111	1751
13.0121	1751
13.0184	1751
13.027	1751
13.027	1751
13.0337	1751
13.0394	1751
13.0404	1751
13.0472	1751
13.0547	1751
13.0547	1751
13.062	1751
13.0705	1751
13.0705	1751
13.0773	1751
13.083	1751
13.084	1751
13.0921	1751
13.0983	1751
13.0993	1751
13.1056	1751
13.1141	1751
13.1141	1751
13.1219	1751
13.1295	1751
13.1295	1751
13.1367	1751
13.1429	1751
13.1439	1751
13.1502	1751
13.1577	1751
13.1577	1751
13.1645	1751
13.1731	1751
13.1731	1751
13.1803	1751
13.1865	1751
13.1875	1751
13.1946	1751
13.2013	1751
13.2013	1751
13.2081	1751
13.2148	1751
13.2158	1751
13.222	1751
13.2291	1751
13.2291	1751
13.2364	1751
13.2426	1751
13.2436	1751
13.2507	1751
13.2574	1751
13.2574	1751
13.2669	1751
13.2729	1751
13.2781	1751
13.2791	1751
13.2863	1751
13.2924	1751
13.2934	1751
13.3001	1751
13.3069	1751
13.3079	1751
13.3134	1751
13.3207	1751
13.3217	1751
13.3293	1751
13.335	1751
13.336	1751
13.3427	1751
13.3495	1751
13.3505	1751
13.357	1751
13.3633	1681
13.3643	1681
13.3729	1681
13.3786	1681
13.3796	1681
13.3882	1681
13.3944	1681
13.3954	1681
13.4026	1681
13.4099	1681
13.4109	1681
13.4165	1681
13.4232	1681
13.4242	1681
13.4318	1681
13.438	1681
13.438	1681
13.4452	1681
13.4525	1681
13.4535	1681
13.46	1681
13.4668	1681
13.4678	1681
13.4745	1681
13.4813	1681
13.4823	1681
13.4888	1681
13.4951	1681
13.4961	1681
13.5033	1681
13.5094	1681
13.5104	1681
13.5171	1681
13.5252	1681
13.5252	1681
13.5323	1681
13.5397	1681
13.5407	1681
13.5471	1681
13.5531	1681
13.5541	1681
13.5619	1681
13.5684	1681
13.5694	1681
13.5754	1681
13.5824	1681
13.5891	1681
13.5901	1681
13.5967	1681
13.6032	1681
13.6042	1681
13.6112	1681
13.6183	1681
13.619	1674
13.626	1674
13.6321	1674
13.6331	1674
13.6403	1674
13.6465	1674
13.6478	1674
13.6541	1674
13.6619	1674
13.6626	1674
13.6694	1674
13.6757	1674
13.6767	1674
13.6839	1674
13.69	1674
13.691	1674
13.6977	1674
13.7045	1674
13.7055	1674
13.712	1674
13.7193	1674
13.7203	1674
13.7265	1674
13.7337	1674
13.7347	1674
13.7413	1674
13.7481	1674
13.7481	1674
13.7558	1674
13.7629	1674
13.7639	1674
13.7701	1674
13.7763	1674
13.7773	1674
13.7846	1674
13.7917	1674
13.7927	1674
13.7994	1674
13.8051	1674
13.8061	1674
13.8137	1674
13.8209	1674
13.8219	1674
13.8275	1674
13.8343	1674
13.8353	1674
13.8425	1674
13.8497	1674
13.8507	1674
13.8567	1674
13.8635	1674
13.8645	1674
13.8713	1674
13.8778	1674
13.8788	1674
13.8851	1674
13.8927	1674
13.8937	1674
13.9004	1674
13.9061	1674
13.9071	1674
13.9142	1674
13.9214	1674
13.9224	1674
13.9295	1674
13.9363	1674
13.9363	1674
13.943	1674
13.9549	1674
13.9602	1674
13.9612	1674
13.9682	1674
13.975	1674
13.976	1674
13.9827	1674
13.9893	1674
13.9903	1674
13.9973	1674
14.0048	1674
14.0058	1674
14.0118	1674
14.0186	1674
14.0196	1674
14.0263	1674
14.0321	1674
14.033	1674
14.04	1674
14.0474	1674
14.0484	1674
14.0556	1674
14.0612	1674
14.0622	1674
14.0692	1674
14.0766	1674
14.0776	1674
14.0834	1674
14.091	1674
14.092	1674
14.0982	1674
14.1058	1674
14.1068	1674
14.1128	1674
14.1193	1674
14.1202	1674
14.1271	1674
14.1346	1688
14.1356	1688
14.1416	1688
14.148	1688
14.149	1688
14.156	1688
14.1628	1688
14.1638	1688
14.1706	1688
14.1772	1688
14.1782	1688
14.1841	1688
14.1913	1688
14.193	1688
14.2	1688
14.2057	1688
14.2067	1688
14.2135	1688
14.2205	1688
14.2205	1688
14.2276	1688
14.2348	1688
14.2358	1688
14.2411	1688
14.2487	1688
14.2497	1688
14.2564	1688
14.263	1688
14.264	1688
14.2702	1688
14.2774	1688
14.2784	1688
14.2845	1688
14.2913	1688
14.2923	1688
14.299	1688
14.3066	1688
14.3066	1688
14.3138	1688
14.32	1688
14.321	1688
14.3281	1688
14.3377	1688
14.3377	1688
14.3477	1688
14.3537	1688
14.3601	1688
14.3611	1688
14.3681	1688
14.3742	1688
14.3752	1688
14.3829	1688
14.3892	1688
14.3902	1688
14.3967	1688
14.4035	1688
14.4045	1688
14.4111	1688
14.4173	1688
14.4183	1688
14.426	1688
14.4321	1688
14.4321	1688
14.4399	1688
14.4466	1688
14.4476	1688
14.4541	1688
14.4604	1688
14.4614	1688
14.4681	1688
14.4753	1688
14.4753	1688
14.4824	1688
14.4896	1688
14.4906	1688
14.4982	1688
14.5048	1688
14.5111	1688
14.5121	1688
14.5194	1688
14.5256	1688
14.5266	1688
14.5338	1688
14.5404	1688
14.5414	1688
14.5489	1688
14.5549	1688
14.5611	1688
14.5621	1688
14.5697	1688
14.5754	1688
14.5764	1688
14.5831	1688
14.5902	1688
14.5912	1688
14.5975	1688
14.6046	1688
14.6056	1688
14.6128	1688
14.6185	1688
14.6195	1688
14.6261	1688
14.6357	1688
14.6357	1688
14.6429	1688
14.6515	1688
14.6515	1688
14.6588	1631
14.6739	1631
14.6798	1631
14.686	1631
14.687	1631
14.6943	1631
14.7019	1631
14.7029	1631
14.7091	1631
14.7163	1631
14.7176	1631
14.7246	1631
14.7313	1631
14.7329	1631
14.7399	1631
14.7461	1631
14.7479	1631
14.7542	1631
14.7605	1751
14.7615	1751
14.7689	1751
14.7747	1751
14.7757	1751
14.783	1751
14.7883	1751
14.7893	1751
14.7959	1751
14.8025	1751
14.8035	1751
14.8092	1751
14.817	1751
14.8178	1751
14.8238	1751
14.8303	1751
14.8303	1751
14.8378	1751
14.8431	1751
14.8441	1751
14.852	1751
14.8572	1751
14.8582	1751
14.8654	1751
14.8716	1751
14.8726	1751
14.8782	1751
14.8852	1751
14.8862	1751
14.8926	1751
14.8998	1751
14.9008	1751
14.9068	1751
14.9128	1751
14.9138	1751
14.9209	1751
14.9266	1751
14.9276	1751
14.9343	1751
14.9409	1751
14.9419	1751
14.9479	1751
14.954	1751
14.9557	1751
14.9616	1751
14.9682	1751
14.9692	1751
14.9752	1751
14.9814	1751
14.9824	1751
14.9895	1751
14.996	1751
14.997	1751
15.002	1751
15.007	1751
15.0071	1751
15.0128	1751
15.0178	1751
15.0188	1751
15.0233	1751
15.0282	1751
15.0292	1751
15.0342	1751
15.0396	1751
15.0406	1751
15.0456	1751
15.051	1751
15.051	1751
15.0565	1751
15.0625	1751
15.0625	1751
15.0679	1751
15.0737	1751
15.0737	1751
15.0794	1751
15.0844	1751
15.0844	1751
15.09	1751
15.0957	1751
15.0957	1751
15.102	1751
15.107	1751
15.1071	1751
15.1121	1751
15.1173	1751
15.1183	1751
15.1236	1751
15.1289	1751
15.1299	1751
15.1346	1751
15.1393	1751
15.1403	1751
15.1451	1751
15.1508	1751
15.1518	1751
15.1568	1751
15.1619	1751
15.1629	1751
15.1671	1751
15.1721	1751
15.1733	1751
15.1781	1751
15.1839	1751
15.1849	1751
15.1897	1751
15.1973	1751
15.1973	1751
15.2035	1751
15.2097	1751
15.2097	1751
15.2159	1751
15.2255	1751
15.2255	1751
15.2313	1751
15.2409	1751
15.2419	1751
15.2492	1751
15.2587	1763
15.2597	1763
15.2688	1763
15.2763	1763
15.2773	1763
15.2866	1763
15.2947	1772
15.2967	1772
15.3041	1772
15.3136	1772
15.3146	1772
15.3229	1772
15.331	1772
15.332	1772
15.3415	1772
15.3499	1802
15.351	1802
15.3592	1802
15.3674	1825
15.3684	1825
15.377	1831
15.3855	1847
15.3865	1847
15.3947	1847
15.4009	1853
15.4019	1853
15.4075	1875
15.4134	1875
15.4144	1875
15.421	1875
15.4268	1919
15.4278	1919
15.4336	1919
15.4391	1919
15.4441	1919
15.4451	1919
15.4519	1919
15.4574	1919
15.4584	1919
15.4648	1940
15.4709	1940
15.4709	1940
15.4761	1940
15.4828	1940
15.4838	1940
15.4898	1940
15.4945	1940
15.4955	1940
15.501	1940
15.5073	1940
15.5083	1940
15.515	1940
15.5198	1940
15.5208	1940
15.527	1940
15.5322	1940
15.5332	1940
15.5392	1940
15.5443	1940
15.5453	1940
15.5519	1940
15.5571	1940
15.5581	1940
15.5638	1940
15.5714	1940
15.5714	1940
15.581	1940
15.5872	1940
15.5872	1940
15.5939	1940
15.6026	1940
15.6026	1940
15.6093	1940
15.6155	1940
15.6155	1940
15.6246	1940
15.6337	1940
15.6337	1940
15.6395	1940
15.6462	1940
15.6462	1940
15.653	1940
15.6587	1940
15.6595	1940
15.6653	1940
15.6711	1940
15.6711	1940
15.6774	1940
15.6837	1940
15.6847	1940
15.6907	1940
15.696	1940
15.697	1940
15.7027	1940
15.709	1940
15.71	1940
15.7152	1940
15.7238	1940
15.7238	1940
15.7295	1940
15.7362	1940
15.7362	1940
15.743	1940
15.7487	1940
15.7497	1940
15.7578	1940
15.764	1940
15.764	1940
15.7703	1940
15.7765	1940
15.7775	1940
15.7837	1940
15.7894	1940
15.7894	1940
15.798	1940
15.8047	1940
15.8047	1940
15.8105	1940
15.8201	1940
15.8201	1940
15.8292	1940
15.8345	1940
15.8354	1940
15.8411	1940
15.8471	1940
15.8489	1940
15.8536	1940
15.8596	1940
15.8606	1940
15.8667	1940
15.8733	1940
15.8733	1940
15.879	1940
15.8857	1940
15.8867	1940
15.8925	1940
15.8982	1940
15.8982	1940
15.9049	1940
15.9106	1940
15.9116	1940
15.9197	1940
15.926	1940
15.926	1940
15.9322	1940
15.9384	1940
15.9384	1940
15.9446	1940
15.9509	1940
15.9519	1940
15.9571	1940
15.9667	1940
15.9667	1940
15.9724	1940
15.9791	1940
15.9791	1940
15.9859	1940
15.9945	1940
15.9945	1940
16.0007	1940
16.0069	1940
16.0079	1940
16.0131	1940
16.0199	1940
16.0199	1940
16.0285	1940
16.0352	1940
16.0352	1940
16.0419	1940
16.0476	1940
16.0486	1940
16.0567	1940
16.063	1940
16.063	1940
16.0721	1940
16.0788	1940
16.0788	1940
16.0845	1940
16.0912	1940
16.0912	1940
16.098	1940
16.1066	1940
16.1066	1940
16.1128	1940
16.119	1940
16.119	1940
16.1253	1940
16.1315	1940
16.1325	1940
16.1387	1940
16.1439	1940
16.1449	1940
16.1502	1940
16.1564	1940
16.1574	1940
16.1655	1940
16.1722	1940
16.1722	1940
16.179	1940
16.1847	1940
16.1857	1940
16.1914	1940
16.1971	1940
16.1971	1940
16.2039	1940
16.2124	1940
16.2124	1940
16.2187	1940
16.2249	1940
16.2259	1940
16.2311	1940
16.2407	1940
16.2407	1940
16.2465	1940
16.2532	1940
16.2532	1940
16.2599	1940
16.2656	1940
16.2666	1940
16.2747	1940
16.281	1940
16.281	1940
16.2872	1940
16.2934	1940
16.2934	1940
16.3025	1940
16.3092	1940
16.3092	1940
16.316	1940
16.3217	1940
16.3227	1940
16.3308	1940
16.337	1940
16.337	1940
16.3432	1940
16.3499	1940
16.3509	1940
16.3586	1940
16.3653	1940
16.3653	1940
16.371	1940
16.3777	1940
16.3787	1940
16.3845	1940
16.3902	1940
16.3902	1940
16.3969	1940
16.4026	1940
16.4036	1940
16.4117	1940
16.418	1940
16.418	1940
16.4242	1940
16.4304	1940
16.4304	1940
16.4367	1940
16.4429	1940
16.4439	1940
16.4491	1940
16.4587	1940
16.4587	1940
16.4644	1940
16.4711	1940
16.4711	1940
16.4779	1940
16.4865	1940
16.4865	1940
16.4927	1940
16.4989	1940
16.4999	1940
16.5052	1940
16.5114	1940
16.5114	1940
16.5205	1940
16.5272	1940
16.5272	1940
16.5339	1940
16.5397	1940
16.5407	1940
16.5488	1940
16.555	1940
16.555	1940
16.5612	1940
16.5674	1940
16.5674	1940
16.5765	1940
16.5832	1940
16.5832	1940
16.59	1940
16.5957	1940
16.5967	1940
16.6048	1940
16.611	1940
16.611	1940
16.6173	1940
16.6235	1940
16.6245	1940
16.6307	1940
16.636	1940
16.6369	1940
16.6422	1940
16.6484	1940
16.6494	1940
16.6575	1940
16.6642	1940
16.6642	1940
16.671	1940
16.6767	1940
16.6777	1940
16.6834	1940
16.6891	1940
16.6891	1940
16.6959	1940
16.7045	1940
16.7045	1940
16.7107	1940
16.7169	1940
16.7179	1940
16.7231	1940
16.7327	1940
16.7327	1940
16.7385	1940
16.7452	1940
16.7452	1940
16.7519	1940
16.7576	1940
16.7586	1940
16.7667	1940
16.773	1940
16.773	1940
16.7792	1940
16.7854	1940
16.7854	1940
16.7945	1940
16.8012	1940
16.8012	1940
16.808	1940
16.8137	1940
16.8147	1940
16.8228	1940
16.829	1940
16.829	1940
16.8352	1940
16.8415	1940
16.8425	1940
16.8506	1940
16.8573	1940
16.8573	1940
16.863	1940
16.8697	1940
16.8707	1940
16.8765	1940
16.8822	1940
16.8822	1940
16.8889	1940
16.8946	1940
16.8956	1940
16.9038	1940
16.91	1940
16.91	1940
16.9162	1940
16.9224	1940
16.9224	1940
16.9315	1940
16.9382	1940
16.9382	1940
16.945	1940
16.9536	1940
16.9536	1940
16.9627	1940
16.9694	1940
16.9694	1940
16.9751	1940
16.9881	1940
16.9881	1940
16.9948	1940
17.0005	1940
17.0015	1940
17.0096	1940
17.0192	1940
17.0192	1940
17.026	1940
17.0379	1940
17.0426	1940
17.0436	1940
17.0496	1940
17.0557	1940
17.0567	1940
17.0619	1940
17.0699	1940
17.0749	1940
17.0759	1940
17.082	1940
17.0887	1940
17.0887	1940
17.0944	1940
17.1011	1940
17.1011	1940
17.1102	1940
17.1169	1940
17.1169	1940
17.1227	1940
17.1323	1940
17.1323	1940
17.1386	1940
17.1449	1940
17.1459	1940
17.1518	1940
17.1568	1940
17.1626	1940
17.1636	1940
17.1693	1940
17.175	1940
17.176	1940
17.1817	1940
17.1888	1940
17.1888	1940
17.195	1940
17.2013	1940
17.2013	1940
17.2109	1940
17.2166	1940
17.2166	1940
17.2233	1940
17.2291	1728
17.2291	1728
17.2391	1728
17.2477	1728
17.2477	1728
17.2544	1728
17.2602	1728
17.2612	1728
17.2698	1728
17.276	1728
17.276	1728
17.2851	1728
17.2913	1728
17.2923	1728
17.2986	1728
17.3058	1728
17.3068	1728
17.312	1728
17.3192	1728
17.3205	1728
17.3265	1728
17.334	1728
17.3349	1728
17.3409	1728
17.3479	1728
17.3489	1728
17.3545	1728
17.3615	1728
17.3622	1728
17.3682	1728
17.3758	1728
17.3768	1728
17.3823	1728
17.3892	1728
17.3902	1728
17.3964	1728
17.4034	1728
17.4044	1728
17.4104	1728
17.4179	1728
17.4183	1728
17.4243	1728
17.4312	1728
17.4322	1728
17.4382	1728
17.4451	1728
17.4461	1728
17.4521	1728
17.4592	1728
17.4602	1728
17.4663	1728
17.4735	1728
17.4748	1728
17.4808	1728
17.4879	1728
17.4889	1728
17.4945	1728
17.5015	1728
17.5027	1728
17.5089	1728
17.5159	1728
17.5169	1728
17.5227	1728
17.5297	1728
17.5307	1728
17.5361	1728
17.543	1728
17.5441	1728
17.5502	1728
17.5579	1728
17.5589	1728
17.5643	1728
17.5712	1728
17.5722	1728
17.5784	1728
17.5851	1728
17.5861	1728
17.5927	1728
17.5995	1728
17.6005	1728
17.6062	1728
17.6139	1728
17.6149	1728
17.6204	1728
17.6274	1728
17.6284	1728
17.6348	1728
17.6416	1728
17.6426	1728
17.6483	1728
17.6555	1728
17.6565	1728
17.6626	1728
17.6696	1728
17.6708	1728
17.6766	1728
17.6834	1728
17.6844	1728
17.69	1728
17.6976	1728
17.6986	1728
17.7043	1728
17.7116	1728
17.7126	1728
17.7188	1728
17.725	1728
17.726	1728
17.7321	1728
17.7393	1728
17.7403	1728
17.7466	1728
17.7536	1728
17.7547	1728
17.7604	1728
17.7671	1728
17.7681	1728
17.7747	1728
17.7817	1728
17.7829	1728
17.7882	1728
17.7956	1728
17.7966	1728
17.802	1728
17.81	1728
17.8102	1728
17.8162	1728
17.8233	1728
17.8243	1728
17.8308	1728
17.8378	1728
17.8388	1728
17.8446	1728
17.8516	1728
17.8526	1728
17.8583	1728
17.8659	1728
17.8669	1728
17.8721	1728
17.8794	1728
17.8804	1728
17.8865	1728
17.8932	1728
17.8942	1728
17.9007	1728
17.9076	1728
17.9086	1728
17.9141	1728
17.922	1728
17.9223	1728
17.9283	1728
17.9358	1728
17.9368	1728
17.9429	1728
17.9499	1728
17.9501	1728
17.9564	1728
17.9638	1728
17.9648	1728
17.9702	1728
17.9771	1728
17.9789	1728
17.9845	1728
17.9918	1728
17.9928	1728
17.9989	1728
18.0059	1728
18.0061	1728
18.0124	1728
18.0199	1728
18.0209	1728
18.0262	1728
18.0332	1728
18.0349	1940
18.0407	1940
18.0455	1940
18.0465	1940
18.0529	1940
18.059	1940
18.06	1940
18.0652	1940
18.0709	1940
18.0719	1940
18.0775	1940
18.0833	1940
18.0842	1940
18.0902	1940
18.0955	1940
18.0965	1940
18.1026	1940
18.1088	1940
18.1091	1940
18.1145	1940
18.1203	1940
18.1213	1940
18.1278	1940
18.1336	1940
18.1346	1940
18.1393	1940
18.1453	1940
18.1463	1940
18.1524	1940
18.1586	1940
18.1596	1940
18.1649	1940
18.1706	1940
18.1716	1940
18.1772	1940
18.1839	1940
18.1839	1940
18.1896	1940
18.1954	1940
18.1963	1940
18.2023	1940
18.2084	1940
18.2084	1940
18.2147	1940
18.2209	1940
18.2212	1940
18.2276	1940
18.2326	1940
18.2332	1940
18.2391	1940
18.2451	1940
18.2467	1940
18.2524	1940
18.2574	1940
18.2581	1940
18.2641	1940
18.2707	1940
18.2717	1940
18.2772	1940
18.2822	1940
18.2832	1940
18.2882	1940
18.2921	1940
18.2931	1940
18.2981	1940
18.3026	1940
18.3036	1940
18.3084	1940
18.3124	1940
18.3134	1940
18.3181	1940
18.3229	1940
18.3239	1940
18.3287	1940
18.3324	1940
18.3334	1940
18.3391	1940
18.3438	1940
18.3487	1940
18.352	1940
18.3573	1940
18.3583	1940
18.364	1940
18.3688	1940
18.3736	1940
18.3798	1940
18.3831	1940
18.3861	1940
18.3923	1940
18.3965	1940
18.3985	1940
18.4047	1940
18.4085	1940
18.4114	1940
18.4172	1940
18.4219	1940
18.4239	1940
18.4325	1940
18.4363	1940
18.4392	1940
18.445	1940
18.4487	1940
18.4517	1940
18.4574	1940
18.4641	1940
18.467	1940
18.4733	1940
18.4775	1940
18.4795	1940
18.4857	1940
18.49	1940
18.4919	1940
18.4953	1940
18.5014	1940
18.5044	1940
18.5106	1940
18.5149	1940
18.5168	1940
18.5231	1940
18.5278	1940
18.5298	1940
18.5355	1940
18.5394	1940
18.5422	1940
18.5498	1940
18.5576	1940
18.5586	1940
18.5668	1940
18.5744	1940
18.5754	1940
18.583	1940
18.5902	1940
18.5989	1940
18.606	1940
18.607	1940
18.6155	1940
18.6225	1940
18.6235	1940
18.6314	1940
18.6391	1940
18.6404	1940
18.6489	1940
18.6563	1940
18.6573	1940
18.6641	1940
18.6728	1940
18.6738	1940
18.6818	1940
18.6891	1940
18.6903	1940
18.6966	1940
18.7028	1940
18.7028	1940
18.708	1940
18.714	1940
18.7152	1940
18.7215	1940
18.7273	1940
18.7273	1940
18.7338	1940
18.7398	1940
18.7408	1940
18.7463	1940
18.7517	1940
18.7527	1940
18.7587	1940
18.7642	1940
18.7652	1940
18.7717	1940
18.7765	1940
18.7775	1940
18.7831	1940
18.79	1940
18.791	1940
18.7966	1918
18.8014	1918
18.8024	1918
18.8082	1918
18.8168	1918
18.8168	1918
18.823	1918
18.8321	1918
18.8321	1918
18.8383	1918
18.8474	1918
18.8474	1918
18.8532	1918
18.8599	1918
18.8609	1918
18.8685	1918
18.8752	1918
18.8752	1918
18.8843	1918
18.8905	1918
18.8905	1918
18.8997	1918
18.9092	1918
18.9092	1918
18.9155	1918
18.925	1918
18.925	1918
18.9318	1918
18.9375	1918
18.9385	1918
18.9443	1918
18.951	1918
18.952	1918
18.9561	1918
18.9629	1918
18.9639	1918
18.9696	1918
18.9754	1918
18.9764	1918
18.9821	1918
18.9888	1918
18.9888	1918
18.9945	1918
19.0003	1918
19.0013	1918
19.007	1918
19.0138	1918
19.0148	1918
19.0195	1918
19.0252	1918
19.0262	1918
19.0329	1918
19.0387	1918
19.0397	1918
19.0454	1918
19.0511	1918
19.0511	1918
19.0577	1918
19.0637	1918
19.0647	1918
19.0707	1918
19.0766	1918
19.0774	1918
19.0824	1918
19.089	1918
19.09	1918
19.0957	1918
19.1014	1918
19.1024	1918
19.1085	1918
19.1148	1918
19.1148	1918
19.1239	1918
19.1306	1918
19.1306	1918
19.1363	1918
19.1459	1918
19.1459	1918
19.1521	1918
19.1617	1918
19.1617	1918
19.1675	1918
19.1742	1918
19.1742	1918
19.1809	1918
19.1895	1918
19.1895	1918
19.1954	1918
19.202	1918
19.2029	1918
19.2083	1918
19.2144	1918
19.2154	1918
19.2206	1918
19.2269	1918
19.2279	1918
19.2331	1918
19.2393	1918
19.2403	1918
19.2465	1918
19.2528	1918
19.2528	1918
19.258	1918
19.2642	1918
19.2652	1918
19.2715	1918
19.2777	1918
19.2787	1918
19.2839	1918
19.2891	1918
19.2901	1918
19.2964	1918
19.3026	1918
19.3036	1918
19.3098	1918
19.3151	1918
19.3151	1918
19.3213	1918
19.3275	1918
19.3285	1918
19.3347	1918
19.3404	1918
19.3414	1918
19.3481	1918
19.3548	1918
19.3548	1918
19.361	1918
19.3701	1918
19.3701	1918
19.3763	1918
19.3859	1918
19.3859	1918
19.3917	1918
19.4012	1918
19.4012	1918
19.4075	1918
19.4137	1918
19.4147	1918
19.4228	1918
19.4324	1918
19.4324	1918
19.4386	1918
19.4448	1918
19.4458	1918
19.4511	1918
19.4573	1918
19.4583	1918
19.4664	1918
19.4731	1918
19.4731	1918
19.4799	1918
19.4884	1918
19.4884	1918
19.4947	1918
19.5009	1918
19.5019	1918
19.5071	1918
19.5133	1918
19.5143	1918
19.5225	1918
19.5292	1918
19.5292	1918
19.5359	1918
19.5416	1918
19.5426	1918
19.5488	1918
19.5569	1918
19.5569	1918
19.5632	1918
19.5694	1918
19.5694	1918
19.5756	1918
19.5852	1918
19.5852	1918
19.592	1918
19.5977	1918
19.5987	1918
19.6049	1918
19.613	1918
19.613	1918
19.6183	1918
19.6255	1918
19.6255	1918
19.6317	1918
19.6413	1918
19.6413	1918
19.647	1918
19.6566	1918
19.6566	1918
19.6628	1918
19.6695	1918
19.6695	1918
19.6782	1918
19.6877	1918
19.6877	1918
19.694	1918
19.7007	1918
19.7007	1918
19.7064	1918
19.7131	1918
19.7131	1918
19.7222	1918
19.7313	1918
19.7313	1918
19.7377	1918
19.7443	1918
19.7443	1918
19.75	1918
19.7567	1918
19.7577	1918
19.7653	1918
19.7702	1918
19.7712	1918
19.7783	1918
19.7874	1918
19.7874	1918
19.7937	1918
19.7998	1918
19.8008	1918
19.8062	1918
19.8128	1918
19.8138	1918
19.8214	1918
19.8262	1918
19.8272	1918
19.8339	1918
19.8406	1918
19.8406	1918
19.8468	1918
19.8559	1918
19.8559	1918
19.8612	1918
19.8683	1918
19.8683	1918
19.8747	1918
19.8813	1918
19.8813	1918
19.8899	1918
19.8966	1918
19.8966	1918
19.9024	1918
19.9119	1918
19.9119	1918
19.9182	1918
19.9244	1918
19.9244	1918
19.9335	1918
19.9402	1918
19.9402	1918
19.947	1918
19.9527	1918
19.9537	1918
19.9594	1918
19.9651	1918
19.9661	1918
19.9719	1918
19.9776	1918
19.9786	1918
19.9843	1918
19.99	1918
19.991	1918
19.9978	1918
