0.103701	1	94	1404
0.106574	2	97	1406
0.10695	3	97	206
0.109918	4	100	1406
0.11279	5	103	1406
0.113166	6	104	206
0.116134	7	107	1406
0.119006	8	110	1406
0.119382	9	110	206
0.12235	10	113	1406
0.125222	11	116	1406
0.125598	12	113	206
0.128566	13	116	1406
0.131438	14	115	1406
0.245782	15	72	206
0.248898	16	73	1406
0.266902	17	75	1406
0.273494	18	73	206
0.276462	19	75	1406
0.28555	20	77	1406
0.288798	21	74	206
0.291766	22	76	1406
0.300854	23	79	1406
0.30123	24	74	206
0.307542	25	79	1406
0.31663	26	81	1406
0.32035	27	79	206
0.32619	28	84	1406
0.332406	29	84	1406
0.338526	30	84	206
0.341494	31	86	1406
0.350582	32	88	1406
0.35718	33	89	206
0.360148	34	91	1406
0.369242	35	94	1406
0.372966	36	91	206
0.378808	37	96	1406
0.387902	38	98	1406
0.391626	39	96	206
0.397468	40	101	1406
0.403688	41	101	1406
0.410286	42	102	206
0.413254	43	104	1406
0.42857	44	112	1406
0.438042	45	117	206
0.44101	46	119	1406
0.456326	47	128	1406
0.466272	48	130	206
0.46924	49	133	1406
0.478334	50	136	1406
0.484932	51	137	206
0.4879	52	139	1406
0.499868	53	146	1406
0.506466	54	147	206
0.509434	55	150	1406
0.518528	56	153	1406
0.528474	57	158	206
0.531442	58	160	1406
0.540536	59	164	1406
0.547134	60	165	206
0.550102	61	168	1406
0.56207	62	174	1406
0.565794	63	172	206
0.571636	64	177	1406
0.584078	65	185	1406
0.590678	66	185	207
0.593648	67	188	1407
0.602744	68	191	1407
0.612692	69	196	207
0.618536	70	201	1407
0.627632	71	205	1407
0.634232	72	204	207
0.637202	73	207	1407
0.65252	74	213	1407
0.665342	75	217	207
0.668312	76	220	1407
0.689852	77	232	1407
0.699326	78	232	207
0.702296	79	235	1407
0.708518	80	235	1407
0.717992	81	239	207
0.720962	82	242	1407
0.730532	83	246	1407
0.733784	84	244	207
0.736754	85	247	1407
0.749198	86	251	1407
0.749576	87	249	207
0.752546	88	251	1407
0.761642	89	250	1407
0.767768	90	254	207
0.770738	91	256	1407
0.780308	92	254	1407
0.78356	93	255	207
0.78653	94	257	1407
0.7985	95	259	1407
0.799352	96	258	207
0.802322	97	260	1407
0.810944	98	262	1407
0.811796	99	261	207
0.814766	100	263	1407
0.823862	101	266	1407
0.827114	102	268	207
0.830084	103	270	1407
0.83918	104	270	1407
0.839558	105	268	207
0.842528	106	270	1407
0.851624	107	272	1407
0.852002	108	271	207
0.854972	109	272	1407
0.864068	110	276	1407
0.86732	111	277	207
0.87029	112	279	1407
0.882734	113	281	1407
0.883112	114	280	207
0.886082	115	282	1407
0.892304	116	282	1407
0.892682	117	280	207
0.899	119	279	1407
0.902252	120	280	207
0.905222	121	282	1407
0.911822	123	277	207
0.914792	124	279	1407
0.923888	125	282	1407
0.927236	127	283	1407
0.933462	128	279	1407
0.942564	131	279	1407
0.946294	132	281	207
0.949264	133	283	1407
0.955014	134	283	1407
0.967944	137	279	1407
0.977426	138	280	207
0.980396	139	283	1407
0.989498	140	282	1407
0.999456	141	277	207
1.00243	142	280	1407
1.01488	143	276	1407
1.03107	144	272	207
1.03404	145	275	1407
1.04314	146	271	1407
1.04974	147	271	207
1.05271	148	274	1407
1.06182	149	270	1407
1.06842	150	268	207
1.07139	151	271	1407
1.07714	152	271	1407
1.08375	153	264	207
1.08672	154	267	1407
1.09294	155	270	1407
1.09955	156	268	207
1.10252	157	271	1407
1.11162	158	271	1407
1.11488	159	264	207
1.11785	160	267	1407
1.12407	161	268	1407
1.13355	162	265	207
1.13652	163	268	1407
1.1394	164	267	1407
1.146	165	265	207
1.14897	166	267	1407
1.15185	167	267	1407
1.15845	168	265	207
1.16142	169	268	1407
1.16765	170	267	1407
1.17426	171	265	207
1.17723	172	268	1407
1.18298	173	270	1407
1.18959	174	268	207
1.19256	175	271	1407
1.19831	176	273	1407
1.20492	177	270	207
1.20789	178	273	1407
1.21364	179	273	1407
1.2236	180	271	207
1.22657	181	274	1407
1.22944	182	273	1407
1.23846	183	276	207
1.24143	184	279	1407
1.24766	185	278	1409
1.25139	187	277	207
1.25436	188	279	1407
1.25723	189	279	1407
1.26011	190	279	1409
1.26049	191	276	207
1.26346	192	279	1407
1.26681	193	279	1407
1.27342	194	280	207
1.27678	196	279	209
1.2806	198	277	207
1.28357	199	280	1407
1.29018	201	278	209
1.29316	202	281	1409
1.29641	203	281	207
1.29986	205	280	1407
1.31558	209	277	209
1.31856	210	280	1409
1.32478	212	277	1407
1.33053	213	280	1407
1.34921	215	280	1407
1.35496	216	282	1407
1.36157	217	277	207
1.36454	218	280	1407
1.37987	219	278	1407
1.38025	220	276	207
1.38945	221	276	1407
1.39567	222	276	1407
1.39893	223	276	207
1.40812	224	277	1407
1.411	225	277	1407
1.41473	226	276	207
1.42057	227	279	1407
1.4268	228	279	1407
1.43005	229	277	207
1.43302	230	277	1407
1.44213	231	279	1407
1.44298	232	273	207
1.44595	233	273	1407
1.45505	234	274	1407
1.45543	235	271	207
1.46128	236	274	1407
1.4675	237	273	1407
1.47411	238	271	207
1.47995	239	273	1407
1.48283	240	273	1407
1.48943	241	273	207
1.4924	242	273	1407
1.49863	243	277	1407
1.50188	244	273	207
1.50533	245	274	1407
1.51396	246	276	1407
1.51769	247	273	207
1.52353	248	276	1407
1.52976	249	276	1407
1.53301	250	274	207
1.53646	251	274	1407
1.54508	252	277	1407
1.54881	253	273	207
1.55178	254	273	1407
1.56089	255	277	1407
1.56127	256	268	208
1.57288	257	276	1408
1.57576	258	276	1408
1.58814	259	280	208
1.59159	260	280	1408
1.59734	261	280	1408
1.60107	263	278	208
1.60404	264	280	1408
1.6073	266	277	208
1.61027	267	280	1408
1.614	269	279	208
1.61985	271	281	1408
1.62944	273	279	1411
1.6327	274	280	208
1.64191	276	281	1411
1.64517	278	280	208
1.64814	279	282	1408
1.6515	280	282	1411
1.66146	282	276	211
1.66444	283	279	1411
1.6702	284	282	1411
1.67058	285	280	208
1.67403	286	283	1408
1.67441	287	280	211
1.67738	288	283	1408
1.68064	289	280	208
1.69405	290	275	211
1.69703	291	278	1408
1.70278	292	277	1408
1.70651	293	275	208
1.71236	294	278	1408
1.72481	295	274	1408
1.72519	296	273	208
1.73104	297	272	1408
1.73727	298	272	1408
1.74053	299	273	208
1.7435	300	276	1408
1.74973	301	271	1408
1.75586	302	274	208
1.75884	303	277	1408
1.76794	304	277	1408
1.77167	305	275	208
1.77464	306	278	1408
1.77752	307	277	1408
1.79323	308	272	208
1.7962	309	272	1408
1.81154	310	265	1408
1.82437	311	257	208
1.8307	312	260	1408
1.84603	313	255	1408
1.86175	314	249	208
1.87095	315	254	1408
1.88246	316	245	1408
1.88908	317	231	208
1.89205	318	231	1408
1.90069	319	218	1411
1.90934	320	206	1411
1.91798	321	193	1411
1.92422	322	179	1411
1.93285	323	166	1411
1.94196	324	154	1411
1.95107	325	143	1411
1.95731	326	128	1411
1.96306	327	126	1408
1.96679	328	122	208
1.96976	329	124	1408
1.97264	330	120	1408
1.9759	331	116	208
1.97887	332	118	1408
1.9851	333	118	1408
1.98548	334	111	208
1.98845	335	113	1408
1.9942	336	111	1408
1.99506	337	105	208
1.99803	338	107	1408
2.00378	339	105	1408
2.00704	340	102	208
2.01001	341	104	1408
2.01288	342	99	1408
2.01949	343	99	208
2.02246	344	101	1408
2.02869	345	99	1408
2.0353	346	99	208
2.03827	347	101	1408
2.04738	348	103	1408
2.05063	349	99	208
2.05408	350	102	1408
2.06271	351	103	1408
2.06644	352	100	208
2.07229	353	105	1408
2.07852	354	104	1408
2.08512	355	103	208
2.0881	356	105	1408
2.0972	357	107	1408
2.10046	358	103	208
2.10343	359	105	1408
2.11253	360	107	1408
2.11626	361	104	208
2.12211	362	109	1408
2.12834	363	108	1408
2.13495	364	107	208
2.13792	365	108	1408
2.14702	366	111	1408
2.15028	367	107	208
2.1566	368	112	1408
2.16236	369	111	1408
2.16609	370	108	208
2.17194	371	112	1408
2.17816	372	112	1408
2.18477	373	111	208
2.18774	374	113	1408
2.19685	375	114	1408
2.2001	376	111	208
2.20308	377	113	1408
2.21218	378	115	1408
2.21591	379	111	208
2.22176	380	116	1408
2.22799	381	115	1408
2.2346	382	115	208
2.23757	383	117	1408
2.24332	384	116	1408
2.24993	385	114	208
2.2529	386	116	1408
2.262	387	119	1408
2.26861	388	118	208
2.27158	389	120	1408
2.27781	390	119	1408
2.28442	391	119	208
2.28739	392	121	1408
2.29362	393	120	1408
2.29975	394	119	208
2.30272	395	120	1408
2.31183	396	122	1408
2.31556	397	119	208
2.32141	398	124	1408
2.32764	399	123	1408
2.33137	400	120	208
2.33722	401	125	1408
2.34297	402	123	1408
2.34958	403	123	208
2.35255	404	125	1408
2.36165	405	126	1408
2.36538	406	123	208
2.36836	407	125	1408
2.37746	408	127	1408
2.38407	409	127	208
2.38704	410	129	1408
2.39327	411	128	1408
2.3994	412	127	208
2.40237	413	129	1408
2.41148	414	131	1408
2.41521	415	127	208
2.41818	416	129	1408
2.42728	417	131	1408
2.43102	418	128	208
2.43686	419	132	1408
2.44309	420	132	1408
2.44922	421	131	208
2.4522	422	133	1408
2.4613	423	135	1408
2.46503	424	131	208
2.468	425	133	1408
2.47711	426	135	1408
2.48372	427	134	208
2.48669	428	136	1408
2.49244	429	135	1408
2.49905	430	135	208
2.50202	431	137	1408
2.51112	432	139	1408
2.51486	433	135	208
2.5207	434	139	1408
2.52693	435	138	1408
2.53354	436	138	208
2.53651	437	140	1408
2.54226	438	139	1408
2.54887	439	138	208
2.55184	440	140	1408
2.55807	441	140	1408
2.56468	442	139	208
2.56765	443	141	1408
2.57676	444	142	1408
2.58001	445	139	208
2.58634	446	144	1408
2.59209	447	143	1408
2.5987	448	142	208
2.60167	449	144	1408
2.61077	450	146	1408
2.6145	451	143	208
2.61748	452	145	1408
2.62658	453	147	1408
2.62984	454	142	208
2.63328	455	145	1408
2.64191	456	146	1408
2.64852	457	146	208
2.65149	458	148	1408
2.6606	459	150	1408
2.66433	460	147	208
2.6673	461	149	1408
2.6764	462	151	1408
2.67966	463	147	208
2.68311	464	149	1408
2.69174	465	150	1408
2.69834	466	150	208
2.70132	467	152	1408
2.71042	468	154	1408
2.71415	469	151	208
2.71712	470	153	1408
2.72335	471	152	1408
2.72948	472	151	208
2.73246	473	153	1408
2.74156	474	154	1408
2.74817	475	154	208
2.75114	476	156	1408
2.75737	477	155	1408
2.76398	478	154	208
2.76695	479	156	1408
2.77318	480	156	1408
2.77931	481	155	208
2.78276	482	157	1408
2.79138	483	159	1408
2.79512	484	155	208
2.80096	485	159	1408
2.80719	486	159	1408
2.8138	487	158	208
2.81677	488	160	1408
2.823	489	160	1408
2.82913	490	159	208
2.8321	491	161	1408
2.84121	492	163	1408
2.84494	493	158	208
2.85079	494	163	1408
2.85702	495	163	1408
2.86362	496	162	208
2.8666	497	164	1408
2.8757	498	166	1408
2.87896	499	162	208
2.88193	500	164	1408
2.89103	501	167	1408
2.89476	502	163	208
2.89774	503	165	1408
2.90684	504	166	1408
2.91345	505	166	208
2.91642	506	168	1408
2.92217	507	167	1408
2.92878	508	166	208
2.93175	509	168	1408
2.94086	510	170	1408
2.94459	511	167	208
2.94756	512	169	1408
2.95666	513	170	1408
2.96327	514	170	208
2.96624	515	172	1408
2.97535	516	174	1408
2.9786	517	170	208
2.98158	518	172	1408
2.99068	519	174	1408
2.99441	520	171	208
2.99738	521	173	1408
3.00649	522	175	1408
3.0131	523	174	208
3.01607	524	176	1408
3.02182	525	174	1408
3.02843	526	174	208
3.0314	527	176	1408
3.0405	528	178	1408
3.04424	529	175	208
3.04721	530	177	1408
3.05631	531	179	1408
3.06004	532	176	208
3.06589	533	179	1408
3.07164	534	178	1408
3.07825	535	178	208
3.08122	536	180	1408
3.09033	537	182	1408
3.09406	538	179	208
3.09703	539	181	1408
3.10614	540	183	1408
3.10939	541	179	208
3.11572	542	184	1408
3.12194	543	182	1408
3.12808	544	182	208
3.13105	545	184	1408
3.14015	546	186	1408
3.14388	547	182	208
3.14686	548	184	1408
3.15596	549	186	1408
3.15969	550	183	208
3.16554	551	188	1408
3.17129	552	187	1408
3.1779	553	185	208
3.18087	554	187	1408
3.18998	555	189	1408
3.19371	556	186	208
3.19668	557	188	1408
3.20578	558	190	1408
3.20952	559	187	208
3.21536	560	192	1408
3.22112	561	191	1408
3.22772	562	189	208
3.2307	563	191	1408
3.23692	564	190	1408
3.24353	565	190	208
3.2465	566	192	1408
3.25561	567	194	1408
3.25886	568	190	208
3.26184	569	192	1408
3.27094	570	194	1408
3.27467	571	191	208
3.28052	572	196	1408
3.28962	573	197	1408
3.29336	574	194	208
3.29633	575	196	1408
3.30543	576	198	1408
3.30869	577	194	208
3.31166	578	196	1408
3.32076	579	198	1408
3.3245	580	195	208
3.33034	581	200	1408
3.33945	582	201	1408
3.34318	583	198	208
3.34615	584	200	1408
3.35526	585	202	1408
3.35851	586	198	208
3.36148	587	200	1408
3.37059	588	202	1408
3.37432	589	199	208
3.38017	590	204	1408
3.3864	591	203	1408
3.393	592	202	208
3.39598	593	203	1408
3.40508	594	206	1408
3.40834	595	202	208
3.41131	596	204	1408
3.42041	597	206	1408
3.42702	598	206	208
3.42999	599	207	1408
3.43622	600	207	1408
3.44283	601	206	208
3.4458	602	207	1408
3.45203	603	207	1408
3.45816	604	206	208
3.46161	605	208	1408
3.47024	606	210	1408
3.47684	607	209	208
3.47982	608	211	1408
3.48604	609	211	1408
3.48978	610	207	208
3.49562	611	212	1408
3.50185	612	210	1408
3.50798	613	209	208
3.51143	614	212	1408
3.52006	615	214	1408
3.52379	616	210	208
3.52676	617	212	1408
3.53587	618	214	1408
3.54248	619	214	208
3.54545	620	216	1408
3.55168	621	215	1408
3.55781	622	213	208
3.56078	623	215	1408
3.56988	624	217	1408
3.57362	625	214	208
3.57946	626	219	1408
3.58569	627	218	1408
3.58942	628	215	208
3.59527	629	220	1408
3.60102	630	219	1408
3.60763	631	217	208
3.6106	632	219	1408
3.61683	633	218	1408
3.62344	634	218	208
3.62641	635	220	1408
3.63216	636	219	1408
3.63877	637	218	208
3.64174	638	220	1408
3.64797	639	219	1408
3.65458	640	219	208
3.65755	641	221	1408
3.6633	642	219	1408
3.66991	643	218	208
3.67288	644	220	1408
3.68199	645	222	1408
3.68572	646	219	208
3.68869	647	221	1408
3.6978	648	223	1408
3.70105	649	220	208
3.70402	650	222	1408
3.71313	651	223	1408
3.71686	652	219	208
3.71983	653	221	1408
3.72894	654	223	1408
3.73219	655	220	208
3.73852	656	225	1408
3.74427	657	224	1408
3.748	658	221	208
3.75097	659	222	1408
3.76008	660	225	1408
3.76333	661	220	208
3.76678	662	222	1408
3.77541	663	224	1408
3.77914	664	221	208
3.78211	665	223	1408
3.79122	666	225	1408
3.79782	667	224	208
3.8008	668	226	1408
3.80655	669	225	1408
3.81028	670	222	208
3.81613	671	226	1408
3.82236	672	225	1408
3.82896	673	224	208
3.83194	674	226	1408
3.83769	675	225	1408
3.8443	676	225	208
3.84727	677	227	1408
3.8535	678	226	1408
3.8601	679	226	208
3.86308	680	228	1408
3.86883	681	225	1408
3.87544	682	225	208
3.87841	683	227	1408
3.88464	684	226	1408
3.88789	685	222	208
3.89422	686	228	1408
3.89997	687	226	1408
3.9037	688	223	208
3.90955	689	228	1408
3.91578	690	227	1408
3.91903	691	223	208
3.92536	692	228	1408
3.93111	693	227	1408
3.93772	694	226	208
3.94069	695	228	1408
3.94692	696	227	1408
3.95352	697	227	208
3.9565	698	229	1408
3.96225	699	228	1408
3.96886	700	226	208
3.97183	701	228	1408
3.97806	702	228	1408
3.98466	703	227	208
3.98764	704	229	1408
3.99386	705	228	1408
4	706	227	208
4.00297	707	229	1408
4.0092	708	229	1408
4.0158	709	228	208
4.01878	710	230	1408
4.02453	711	228	1408
4.02826	712	225	208
4.03411	713	230	1408
4.04034	714	229	1408
4.04359	715	225	208
4.04656	716	227	1408
4.05567	717	229	1408
4.0594	718	226	208
4.06525	719	231	1408
4.07148	720	229	1408
4.07473	721	225	208
4.08106	722	231	1408
4.08681	723	229	1408
4.09054	724	226	208
4.09639	725	231	1408
4.10262	726	230	1408
4.10587	727	226	208
4.10884	728	228	1408
4.11795	729	230	1408
4.12168	730	226	208
4.12753	731	231	1408
4.13376	732	230	1408
4.13701	733	227	208
4.14046	734	229	1408
4.14909	735	231	1408
4.15282	736	227	208
4.15579	737	229	1408
4.16154	738	228	1408
4.16815	739	228	208
4.1716	740	229	1408
4.18023	741	231	1408
4.18396	742	227	208
4.18693	743	229	1408
4.19268	744	228	1408
4.19929	745	228	208
4.20226	746	230	1408
4.20849	747	229	1408
4.2151	748	229	208
4.21807	749	231	1408
4.22382	750	228	1408
4.23043	751	228	208
4.2334	752	230	1408
4.23963	753	229	1408
4.24624	754	229	208
4.24921	755	231	1408
4.25496	756	229	1408
4.26157	757	229	208
4.26454	758	231	1408
4.27077	759	230	1408
4.27738	760	229	208
4.28035	761	231	1408
4.2861	762	230	1408
4.29271	763	229	208
4.29568	764	231	1408
4.29856	765	227	1408
4.29894	766	220	208
4.30191	767	222	1408
4.30479	768	218	1408
4.30852	769	215	208
4.31149	770	216	1408
4.31724	771	215	1408
4.32385	772	214	208
4.32682	773	216	1408
4.33305	774	216	1408
4.33678	775	212	208
4.34263	776	217	1408
4.34838	777	216	1408
4.35212	778	213	208
4.35509	779	215	1408
4.36419	780	216	1408
4.36745	781	212	208
4.3709	782	214	1408
4.37952	783	216	1408
4.38326	784	213	208
4.38623	785	215	1408
4.39533	786	217	1408
4.39859	787	213	208
4.40156	788	215	1408
4.40779	789	214	1408
4.4144	790	213	208
4.41737	791	215	1408
4.42647	792	217	1408
4.42973	793	213	208
4.4327	794	215	1408
4.43893	795	214	1408
4.44554	796	214	208
4.44851	797	216	1408
4.45426	798	215	1408
4.46087	799	213	208
4.46384	800	215	1408
4.47007	801	215	1408
4.47668	802	214	208
4.47965	803	216	1408
4.4854	804	215	1408
4.49201	805	215	208
4.49498	806	216	1408
4.50121	807	216	1408
4.50446	808	212	208
4.51079	809	216	1408
4.51654	810	215	1408
4.52315	811	215	208
4.52612	812	217	1408
4.53235	813	216	1408
4.5356	814	212	208
4.54193	815	217	1408
4.5448	816	213	1408
4.54806	817	210	208
4.55103	818	212	1408
4.55726	819	211	1408
4.56052	820	207	208
4.56349	821	209	1408
4.57259	822	211	1408
4.57632	823	208	208
4.5793	824	210	1408
4.5884	825	212	1408
4.59166	826	208	208
4.59463	827	210	1408
4.60086	828	209	1408
4.60746	829	209	208
4.61044	830	211	1408
4.61619	831	210	1408
4.6228	832	209	208
4.62577	833	211	1408
4.632	834	210	1408
4.63525	835	207	208
4.64158	836	212	1408
4.64733	837	211	1408
4.65106	838	208	208
4.65691	839	212	1408
4.66314	840	212	1408
4.66639	841	208	208
4.66936	842	210	1408
4.67847	843	212	1408
4.6822	844	209	208
4.68517	845	211	1408
4.69428	846	213	1408
4.69753	847	209	208
4.7005	848	211	1408
4.70673	849	210	1408
4.71334	850	210	208
4.71631	851	212	1408
4.72206	852	211	1408
4.7258	853	207	208
4.73164	854	212	1408
4.73787	855	211	1408
4.74113	856	208	208
4.74745	857	213	1408
4.7532	858	212	1408
4.75981	859	211	208
4.76278	860	213	1408
4.77189	861	215	1408
4.77562	862	213	208
4.77859	863	215	1408
4.78482	864	216	1408
4.79095	865	216	208
4.79392	866	218	1408
4.80015	867	220	1408
4.80676	868	220	208
4.80973	869	222	1408
4.81596	870	223	1408
4.82209	871	224	208
4.82506	872	227	1408
4.83129	873	227	1408
4.83455	874	224	208
4.83752	875	227	1408
4.84662	876	230	1408
4.85036	877	228	208
4.85333	878	231	1408
4.85908	879	231	1408
4.86281	880	228	208
4.86578	881	231	1408
4.87154	882	231	1408
4.87527	883	229	208
4.87824	884	232	1408
4.88399	885	231	1408
4.88772	886	230	208
4.8907	887	232	1408
4.89645	888	232	1408
4.90306	889	234	208
4.90603	890	236	1408
4.91226	891	236	1408
4.91551	892	234	208
4.91848	893	236	1408
4.92471	894	236	1408
4.92797	895	234	208
4.93094	896	236	1408
4.93717	897	237	1408
4.94042	898	235	208
4.94387	899	237	1408
4.9525	900	240	1408
4.95288	901	235	208
4.9592	902	241	1408
4.96496	903	237	1408
4.96869	904	235	208
4.97166	905	238	1408
4.97741	906	238	1408
4.98402	907	236	208
4.98699	908	238	1408
4.99322	909	238	1408
4.99983	910	235	208
5.0028	911	238	1408
5.00855	912	238	1408
5.01516	913	239	208
5.01813	914	242	1408
5.02436	915	238	1408
5.03097	916	238	208
5.03394	917	241	1408
5.04304	918	242	1408
5.0463	919	239	208
5.04927	920	242	1408
5.0555	921	238	1408
5.06211	922	239	208
5.06508	923	242	1408
5.07083	924	238	1408
5.08079	925	232	208
5.08664	926	237	1408
5.09574	927	237	1408
5.09948	928	232	208
5.10245	929	234	1408
5.11155	930	233	1408
5.11816	931	231	208
5.12113	932	233	1408
5.12688	933	229	1408
5.13349	934	227	208
5.13646	935	228	1408
5.14557	936	228	1408
5.1493	937	223	208
5.15227	938	225	1408
5.16138	939	225	1408
5.16798	940	222	208
5.17096	941	223	1408
5.17671	942	220	1408
5.18332	943	218	208
5.18629	944	220	1408
5.19252	945	216	1408
5.19912	946	214	208
5.20497	947	218	1408
5.2112	948	218	1408
5.21446	949	214	208
5.21743	950	216	1408
5.22366	951	216	1408
5.23026	952	216	208
5.23324	953	218	1408
5.23899	954	216	1408
5.24272	955	214	208
5.24569	956	216	1408
5.2548	957	218	1408
5.25805	958	215	208
5.26102	959	217	1408
5.26725	960	217	1408
5.27051	961	213	208
5.27683	962	218	1408
5.28258	963	217	1408
5.28632	964	215	208
5.28929	965	217	1408
5.29552	966	216	1408
5.30165	967	215	208
5.30462	968	217	1408
5.31085	969	217	1408
5.3141	970	214	208
5.31755	971	216	1408
5.32618	972	218	1408
5.32991	973	215	208
5.33288	974	217	1408
5.33864	975	216	1408
5.34237	976	213	208
5.34822	977	218	1408
5.35157	978	215	1408
5.3577	979	214	208
5.36067	980	216	1408
5.3669	981	216	1408
5.37016	982	213	208
5.37313	983	215	1408
5.38223	984	217	1408
5.38596	985	214	208
5.38894	986	216	1408
5.39804	987	219	1408
5.4013	988	215	208
5.40427	989	217	1408
5.4105	990	217	1408
5.4171	991	217	208
5.42008	992	219	1408
5.42583	993	217	1408
5.43244	994	218	208
5.43541	995	220	1408
5.44164	996	219	1408
5.44489	997	215	208
5.45122	998	221	1408
5.45697	999	220	1408
5.4607	1000	217	208
5.46367	1001	219	1408
5.47278	1002	221	1408
5.47603	1003	219	208
5.479	1004	221	1408
5.48523	1005	220	1408
5.48849	1006	216	208
5.49481	1007	221	1408
5.50056	1008	221	1408
5.5043	1009	218	208
5.50727	1010	220	1408
5.51302	1011	220	1408
5.51963	1012	219	208
5.5226	1013	221	1408
5.52883	1014	220	1408
5.53208	1015	218	208
5.53506	1016	220	1408
5.54416	1017	222	1408
5.54789	1018	218	208
5.55086	1019	220	1408
5.55662	1020	220	1408
5.56035	1021	217	208
5.5662	1022	222	1408
5.57242	1023	221	1408
5.57568	1024	218	208
5.57865	1025	220	1408
5.58488	1026	219	1408
5.59149	1027	219	208
5.59446	1028	221	1408
5.60021	1029	221	1408
5.60394	1030	217	208
5.60692	1031	219	1408
5.61602	1032	222	1408
5.61928	1033	219	208
5.62225	1034	221	1408
5.62848	1035	220	1408
5.63173	1036	216	208
5.63806	1037	222	1408
5.64381	1038	221	1408
5.64754	1039	218	208
5.65051	1040	220	1408
5.65626	1041	219	1408
5.66	1042	216	208
5.66584	1043	221	1408
5.67207	1044	221	1408
5.67533	1045	218	208
5.6783	1046	220	1408
5.6874	1047	222	1408
5.69114	1048	219	208
5.69411	1049	221	1408
5.70321	1050	224	1408
5.70647	1051	220	208
5.70944	1052	222	1408
5.71567	1053	221	1408
5.72228	1054	222	208
5.72525	1055	224	1408
5.731	1056	223	1408
5.73473	1057	219	208
5.7377	1058	221	1408
5.74681	1059	224	1408
5.75006	1060	221	208
5.75304	1061	223	1408
5.75926	1062	222	1408
5.76252	1063	219	208
5.76549	1064	221	1408
5.7746	1065	223	1408
5.77833	1066	220	208
5.7813	1067	222	1408
5.78705	1068	222	1408
5.79366	1069	221	208
5.79663	1070	223	1408
5.80286	1071	222	1408
5.80612	1072	220	208
5.80909	1073	222	1408
5.81819	1074	224	1408
5.82192	1075	221	208
5.8249	1076	223	1408
5.83065	1077	222	1408
5.83438	1078	219	208
5.83735	1079	221	1408
5.84646	1080	224	1408
5.84971	1081	220	208
5.85268	1082	222	1408
5.85891	1083	221	1408
5.86552	1084	222	208
5.86849	1085	224	1408
5.87424	1086	223	1408
5.87798	1087	219	208
5.88095	1088	221	1408
5.89005	1089	225	1408
5.89331	1090	221	208
5.89628	1091	223	1408
5.90251	1092	223	1408
5.90576	1093	219	208
5.90874	1094	221	1408
5.91784	1095	223	1408
5.92157	1096	221	208
5.92454	1097	223	1408
5.9303	1098	222	1408
5.9369	1099	221	208
5.93988	1100	223	1408
5.9461	1101	224	1408
5.94936	1102	220	208
5.95233	1103	222	1408
5.96144	1104	225	1408
5.96517	1105	222	208
5.96814	1106	224	1408
5.97389	1107	222	1408
5.97762	1108	220	208
5.98347	1109	225	1408
5.9897	1110	224	1408
5.99296	1111	220	208
5.99593	1112	222	1408
6.00216	1113	223	1408
6.00876	1114	222	208
6.01174	1115	224	1408
6.01749	1116	223	1408
6.02122	1117	221	208
6.02419	1118	223	1408
6.0333	1119	225	1408
6.03655	1120	222	208
6.03952	1121	224	1408
6.04575	1122	223	1408
6.04901	1123	220	208
6.05533	1124	225	1408
6.06108	1125	225	1408
6.06482	1126	221	208
6.06779	1127	223	1408
6.07354	1128	222	1408
6.07727	1129	220	208
6.08312	1130	225	1408
6.08935	1131	224	1408
6.0926	1132	220	208
6.09558	1133	222	1408
6.1018	1134	222	1408
6.10554	1135	219	208
6.11138	1136	224	1408
6.11714	1137	224	1408
6.12087	1138	220	208
6.12672	1139	225	1408
6.13294	1140	224	1408
6.1362	1141	222	208
6.13917	1142	224	1408
6.1454	1143	223	1408
6.14866	1144	219	208
6.15498	1145	224	1408
6.16073	1146	224	1408
6.16446	1147	221	208
6.16744	1148	223	1408
6.17319	1149	223	1408
6.17692	1150	219	208
6.18277	1151	224	1408
6.189	1152	223	1408
6.19225	1153	221	208
6.19522	1154	223	1408
6.20433	1155	225	1408
6.20806	1156	222	208
6.21103	1157	224	1408
6.21678	1158	223	1408
6.22052	1159	220	208
6.22636	1160	225	1408
6.23259	1161	224	1408
6.23585	1162	221	208
6.23882	1163	223	1408
6.24505	1164	223	1408
6.2483	1165	220	208
6.25463	1166	225	1408
6.26038	1167	224	1408
6.26411	1168	221	208
6.26996	1169	225	1408
6.27284	1170	222	1408
6.27944	1171	222	208
6.28242	1172	224	1408
6.28864	1173	223	1408
6.2919	1174	220	208
6.29487	1175	222	1408
6.30398	1176	224	1408
6.30771	1177	221	208
6.31068	1178	223	1408
6.31643	1179	223	1408
6.32016	1180	220	208
6.32601	1181	225	1408
6.33224	1182	225	1408
6.3355	1183	221	208
6.33847	1184	223	1408
6.3447	1185	223	1408
6.34795	1186	219	208
6.35428	1187	225	1408
6.36003	1188	225	1408
6.36376	1189	221	208
6.36673	1190	223	1408
6.37248	1191	223	1408
6.37909	1192	223	208
6.38206	1193	225	1408
6.38829	1194	224	1408
6.39155	1195	221	208
6.39452	1196	223	1408
6.40362	1197	225	1408
6.40736	1198	223	208
6.41033	1199	225	1408
6.41608	1200	224	1408
6.41981	1201	221	208
6.42278	1202	223	1408
6.42854	1203	222	1408
6.43514	1204	223	208
6.43812	1205	225	1408
6.44434	1206	224	1408
6.4476	1207	221	208
6.45057	1208	223	1408
6.45968	1209	225	1408
6.46341	1210	222	208
6.46638	1211	224	1408
6.47213	1212	224	1408
6.47874	1213	223	208
6.48171	1214	225	1408
6.48794	1215	225	1408
6.4912	1216	222	208
6.49417	1217	224	1408
6.5004	1218	224	1408
6.507	1219	224	208
6.50998	1220	225	1408
6.51573	1221	225	1408
6.52234	1222	225	208
6.52531	1223	227	1408
6.52818	1224	224	1408
6.53479	1225	223	208
6.53776	1226	225	1408
6.54399	1227	224	1408
6.54725	1228	222	208
6.55022	1229	224	1408
6.55932	1230	226	1408
6.56306	1231	224	208
6.56603	1232	226	1408
6.57178	1233	224	1408
6.57839	1234	225	208
6.58136	1235	227	1408
6.58759	1236	226	1408
6.59084	1237	223	208
6.59382	1238	225	1408
6.60004	1239	225	1408
6.60665	1240	224	208
6.60962	1241	227	1408
6.61538	1242	226	1408
6.61911	1243	223	208
6.62208	1244	225	1408
6.62783	1245	224	1408
6.63444	1246	224	208
6.63741	1247	226	1408
6.64364	1248	226	1408
6.6469	1249	222	208
6.64987	1250	224	1408
6.6561	1251	225	1408
6.6627	1252	224	208
6.66568	1253	226	1408
6.67143	1254	226	1408
6.67516	1255	223	208
6.67813	1256	225	1408
6.68388	1257	224	1408
6.69049	1258	224	208
6.69346	1259	226	1408
6.69969	1260	225	1408
6.70295	1261	222	208
6.70592	1262	224	1408
6.71215	1263	224	1408
6.71876	1264	224	208
6.72173	1265	226	1408
6.72748	1266	225	1408
6.73121	1267	223	208
6.73418	1268	225	1408
6.74329	1269	227	1408
6.74654	1270	224	208
6.74952	1271	226	1408
6.75574	1272	225	1408
6.759	1273	222	208
6.76197	1274	224	1408
6.77108	1275	227	1408
6.77481	1276	223	208
6.77778	1277	225	1408
6.78353	1278	225	1408
6.78726	1279	222	208
6.79311	1280	227	1408
6.79934	1281	227	1408
6.8026	1282	223	208
6.80557	1283	225	1408
6.8118	1284	225	1408
6.8184	1285	225	208
6.82138	1286	227	1408
6.82713	1287	227	1408
6.83086	1288	223	208
6.83383	1289	225	1408
6.84294	1290	227	1408
6.84619	1291	225	208
6.84916	1292	227	1408
6.85539	1293	226	1408
6.85865	1294	223	208
6.86162	1295	225	1408
6.87072	1296	227	1408
6.87446	1297	225	208
6.87743	1298	227	1408
6.88318	1299	226	1408
6.88691	1300	223	208
6.88988	1301	225	1408
6.89899	1302	227	1408
6.90224	1303	225	208
6.90522	1304	227	1408
6.91144	1305	226	1408
6.9147	1306	222	208
6.91767	1307	224	1408
6.92678	1308	227	1408
6.93051	1309	224	208
6.93348	1310	226	1408
6.93923	1311	226	1408
6.94296	1312	222	208
6.94881	1313	227	1408
6.95504	1314	228	1408
6.9583	1315	224	208
6.96127	1316	226	1408
6.9675	1317	226	1408
6.97075	1318	222	208
6.97372	1319	224	1408
6.98283	1320	227	1408
6.98656	1321	224	208
6.98953	1322	226	1408
6.99528	1323	226	1408
6.99902	1324	223	208
7.00486	1325	227	1408
7.01109	1326	227	1408
7.01435	1327	224	208
7.01732	1328	226	1408
7.02355	1329	225	1408
7.0268	1330	222	208
7.03313	1331	228	1408
7.03888	1332	226	1408
7.04261	1333	224	208
7.04558	1334	226	1408
7.05469	1335	228	1408
7.05507	1336	223	208
7.06092	1337	227	1408
7.06714	1338	227	1408
7.0704	1339	224	208
7.07337	1340	226	1408
7.08248	1341	228	1408
7.08286	1342	222	208
7.08918	1343	228	1408
7.09493	1344	226	1408
7.09866	1345	224	208
7.10164	1346	226	1408
7.11074	1347	228	1408
7.114	1348	225	208
7.11697	1349	227	1408
7.1232	1350	227	1408
7.12645	1351	224	208
7.12942	1352	226	1408
7.13853	1353	228	1408
7.13891	1354	222	208
7.14523	1355	228	1408
7.15098	1356	226	1408
7.15472	1357	224	208
7.15769	1358	226	1408
7.16679	1359	228	1408
7.17005	1360	226	208
7.17302	1361	228	1408
7.17925	1362	227	1408
7.1825	1363	224	208
7.18548	1364	226	1408
7.19458	1365	228	1408
7.19496	1366	222	208
7.20128	1367	228	1408
7.20704	1368	228	1408
7.21077	1369	224	208
7.21374	1370	226	1408
7.21949	1371	226	1408
7.2261	1372	226	208
7.22907	1373	228	1408
7.2353	1374	228	1408
7.23856	1375	224	208
7.24153	1376	226	1408
7.24776	1377	226	1408
7.25101	1378	223	208
7.25734	1379	228	1408
7.26309	1380	228	1408
7.26682	1381	224	208
7.26979	1382	226	1408
7.27554	1383	226	1408
7.28215	1384	226	208
7.28512	1385	228	1408
7.29135	1386	228	1408
7.29461	1387	224	208
7.29758	1388	227	1408
7.30381	1389	226	1408
7.31042	1390	227	208
7.31339	1391	229	1408
7.31914	1392	228	1408
7.32287	1393	225	208
7.32584	1394	227	1408
7.3316	1395	226	1408
7.3382	1396	227	208
7.34118	1397	229	1408
7.3474	1398	228	1408
7.35066	1399	225	208
7.35363	1400	227	1408
7.35986	1401	226	1408
7.36647	1402	227	208
7.36944	1403	229	1408
7.37519	1404	228	1408
7.37892	1405	225	208
7.3819	1406	227	1408
7.38765	1407	226	1408
7.39426	1408	227	208
7.39723	1409	229	1408
7.40346	1410	229	1408
7.40671	1411	225	208
7.40968	1412	227	1408
7.41591	1413	227	1408
7.42252	1414	227	208
7.42549	1415	229	1408
7.43124	1416	229	1408
7.43498	1417	225	208
7.43795	1418	227	1408
7.4437	1419	227	1408
7.45031	1420	227	208
7.45328	1421	229	1408
7.45951	1422	229	1408
7.46276	1423	225	208
7.46574	1424	227	1408
7.47196	1425	227	1408
7.47522	1426	224	208
7.47819	1427	226	1408
7.4873	1428	229	1408
7.49103	1429	226	208
7.494	1430	229	1408
7.49975	1431	227	1408
7.50348	1432	225	208
7.50646	1433	227	1408
7.51556	1434	229	1408
7.51882	1435	226	208
7.52179	1436	228	1408
7.52802	1437	228	1408
7.53127	1438	225	208
7.53424	1439	227	1408
7.54335	1440	229	1408
7.54708	1441	227	208
7.55005	1442	229	1408
7.5558	1443	228	1408
7.55954	1444	225	208
7.56251	1445	227	1408
7.57161	1446	230	1408
7.57487	1447	226	208
7.57784	1448	228	1408
7.58407	1449	229	1408
7.58732	1450	225	208
7.5903	1451	227	1408
7.59652	1452	227	1408
7.60313	1453	227	208
7.6061	1454	230	1408
7.61186	1455	228	1408
7.61559	1456	226	208
7.61856	1457	228	1408
7.62766	1458	230	1408
7.63092	1459	227	208
7.63389	1460	229	1408
7.64012	1461	229	1408
7.64338	1462	226	208
7.64635	1463	228	1408
7.65258	1464	227	1408
7.65918	1465	228	208
7.66216	1466	230	1408
7.66791	1467	229	1408
7.67164	1468	227	208
7.67461	1469	230	1408
7.68036	1470	230	1408
7.6841	1471	229	208
7.68707	1472	231	1408
7.69282	1473	231	1408
7.69655	1474	230	208
7.69952	1475	232	1408
7.70528	1476	232	1408
7.70901	1477	231	208
7.71198	1478	232	1408
7.71773	1479	231	1408
7.72434	1480	232	208
7.72731	1481	232	1408
7.73354	1482	232	1408
7.7368	1483	230	208
7.73977	1484	231	1408
7.746	1485	232	1408
7.74925	1486	229	208
7.75558	1487	232	1408
7.76133	1488	232	1408
7.76506	1489	231	208
7.76803	1490	233	1408
7.77378	1491	231	1408
7.77752	1492	230	208
7.78049	1493	232	1408
7.78959	1494	232	1408
7.79285	1495	230	208
7.79582	1496	231	1408
7.80205	1497	233	1408
7.8053	1498	231	208
7.80828	1499	232	1408
7.81738	1500	232	1408
7.82111	1501	231	208
7.82408	1502	233	1408
7.82984	1503	231	1408
7.83357	1504	230	208
7.83654	1505	232	1408
7.84564	1506	232	1408
7.8489	1507	230	208
7.85187	1508	231	1408
7.8581	1509	233	1408
7.86136	1510	231	208
7.86433	1511	233	1408
7.87056	1512	234	1408
7.87381	1513	232	208
7.87678	1514	232	1408
7.88301	1515	234	1408
7.88627	1516	232	208
7.89259	1517	235	1408
7.89834	1518	236	1408
7.90208	1519	235	208
7.90792	1520	234	1408
7.9108	1521	232	1408
7.91453	1522	231	208
7.92038	1523	235	1408
7.92661	1524	236	1408
7.92986	1525	232	208
7.93284	1526	231	1408
7.93906	1527	233	1408
7.94232	1528	231	208
7.94529	1529	232	1408
7.95152	1530	233	1408
7.95478	1531	231	208
7.9611	1532	232	1408
7.96685	1533	232	1408
7.97058	1534	231	208
7.97356	1535	233	1408
7.97931	1536	230	1408
7.98592	1537	228	208
7.98889	1538	230	1408
7.99799	1539	230	1408
8.00172	1540	226	208
8.0047	1541	227	1408
8.0138	1542	228	1408
8.01706	1543	223	208
8.02338	1544	228	1408
8.02913	1545	225	1408
8.03286	1546	220	208
8.03871	1547	225	1408
8.04494	1548	222	1408
8.05155	1549	221	208
8.05452	1550	223	1408
8.06027	1551	220	1408
8.06688	1552	218	208
8.06985	1553	219	1408
8.07896	1554	220	1408
8.08269	1555	216	208
8.08566	1556	217	1408
8.09476	1557	218	1408
8.0985	1558	213	208
8.10434	1559	218	1408
8.1101	1560	216	1408
8.11383	1561	212	208
8.1168	1562	214	1408
8.12255	1563	214	1408
8.12628	1564	212	208
8.12926	1565	214	1408
8.13836	1566	217	1408
8.14162	1567	213	208
8.14459	1568	215	1408
8.15369	1569	218	1408
8.15407	1570	213	208
8.15704	1571	215	1408
8.16615	1572	217	1408
8.16988	1573	214	208
8.17285	1574	216	1408
8.1786	1575	216	1408
8.18234	1576	214	208
8.18531	1577	216	1408
8.19106	1578	216	1408
8.19479	1579	212	208
8.19776	1580	214	1408
8.20687	1581	217	1408
8.21012	1582	215	208
8.2131	1583	217	1408
8.21645	1584	214	1408
8.2197	1585	210	208
8.22268	1586	212	1408
8.22843	1587	212	1408
8.23216	1588	210	208
8.23801	1589	215	1408
8.24136	1590	212	1408
8.24462	1591	209	208
8.24759	1592	211	1408
8.25669	1593	213	1408
8.25995	1594	210	208
8.26292	1595	212	1408
8.26915	1596	213	1408
8.2724	1597	210	208
8.27538	1598	212	1408
8.2816	1599	212	1408
8.28486	1600	208	208
8.28783	1601	210	1408
8.29406	1602	211	1408
8.29732	1603	208	208
8.30029	1604	210	1408
8.30652	1605	210	1408
8.30977	1606	207	208
8.31274	1607	209	1408
8.31562	1608	205	1408
8.316	1609	200	208
8.31897	1610	201	1408
8.32808	1611	205	1408
8.33181	1612	202	208
8.33478	1613	204	1408
8.34053	1614	204	1408
8.34714	1615	204	208
8.35011	1616	207	1408
8.35634	1617	206	1408
8.3596	1618	203	208
8.36304	1619	206	1408
8.37167	1620	208	1408
8.37253	1621	203	208
8.37838	1622	208	1408
8.38413	1623	207	1408
8.38786	1624	204	208
8.39083	1625	206	1408
8.39994	1626	209	1408
8.40319	1627	207	208
8.40616	1628	209	1408
8.41239	1629	209	1408
8.41565	1630	205	208
8.41862	1631	208	1408
8.42485	1632	207	1408
8.4281	1633	205	208
8.43108	1634	207	1408
8.4373	1635	207	1408
8.44391	1636	207	208
8.44688	1637	209	1408
8.45264	1638	208	1408
8.45637	1639	206	208
8.45934	1640	208	1408
8.46509	1641	208	1408
8.46882	1642	205	208
8.4718	1643	207	1408
8.47755	1644	207	1408
8.48128	1645	204	208
8.48425	1646	207	1408
8.49	1647	206	1408
8.49661	1648	206	208
8.49958	1649	208	1408
8.50581	1650	208	1408
8.50907	1651	206	208
8.51204	1652	208	1408
8.51827	1653	208	1408
8.52152	1654	204	208
8.5245	1655	206	1408
8.53072	1656	206	1408
8.53398	1657	203	208
8.53695	1658	205	1408
8.54318	1659	206	1408
8.54644	1660	202	208
8.54941	1661	205	1408
8.55228	1662	201	1408
8.55889	1663	201	208
8.56186	1664	203	1408
8.56809	1665	204	1408
8.57135	1666	201	208
8.57432	1667	203	1408
8.58055	1668	203	1408
8.58716	1669	203	208
8.59013	1670	205	1408
8.59588	1671	204	1408
8.59961	1672	202	208
8.60258	1673	204	1408
8.60834	1674	204	1408
8.61207	1675	201	208
8.61504	1676	204	1408
8.62127	1677	203	1408
8.6274	1678	203	208
8.63037	1679	205	1408
8.6366	1680	205	1408
8.63986	1681	202	208
8.64283	1682	204	1408
8.64906	1683	205	1408
8.65231	1684	201	208
8.65864	1685	206	1408
8.66439	1686	206	1408
8.66812	1687	204	208
8.67109	1688	206	1408
8.67684	1689	205	1408
8.68058	1690	203	208
8.68355	1691	205	1408
8.6893	1692	205	1408
8.69303	1693	203	208
8.696	1694	205	1408
8.70176	1695	204	1408
8.70549	1696	201	208
8.70846	1697	204	1408
8.71756	1698	206	1408
8.72082	1699	203	208
8.72379	1700	205	1408
8.73002	1701	206	1408
8.73328	1702	203	208
8.73625	1703	205	1408
8.74248	1704	205	1408
8.74573	1705	202	208
8.7487	1706	204	1408
8.75493	1707	204	1408
8.75819	1708	202	208
8.76116	1709	204	1408
8.76739	1710	204	1408
8.77064	1711	201	208
8.77697	1712	206	1408
8.78272	1713	206	1408
8.7831	1714	200	208
8.78607	1715	203	1408
8.7923	1716	202	1408
8.79891	1717	202	208
8.80188	1718	204	1408
8.80763	1719	204	1408
8.81136	1720	202	208
8.81434	1721	204	1408
8.82009	1722	204	1408
8.82382	1723	201	208
8.82967	1724	206	1408
8.8359	1725	206	1408
8.83915	1726	204	208
8.84212	1727	206	1408
8.84835	1728	206	1408
8.85161	1729	203	208
8.85458	1730	205	1408
8.86081	1731	205	1408
8.86406	1732	203	208
8.86704	1733	205	1408
8.87326	1734	205	1408
8.87652	1735	201	208
8.87949	1736	204	1408
8.8886	1737	206	1408
8.89233	1738	204	208
8.8953	1739	206	1408
8.90105	1740	206	1408
8.90478	1741	203	208
8.90776	1742	205	1408
8.91351	1743	205	1408
8.91724	1744	203	208
8.92021	1745	205	1408
8.92596	1746	204	1408
8.9297	1747	202	208
8.93267	1748	204	1408
8.93842	1749	204	1408
8.94215	1750	202	208
8.94512	1751	204	1408
8.95423	1752	207	1408
8.95748	1753	204	208
8.96046	1754	206	1408
8.96668	1755	206	1408
8.96994	1756	203	208
8.97291	1757	205	1408
8.97914	1758	206	1408
8.9824	1759	202	208
8.98537	1760	205	1408
8.9916	1761	204	1408
8.99485	1762	201	208
9.00118	1763	207	1408
9.00405	1764	204	1408
9.01066	1765	204	208
9.01363	1766	206	1408
9.01938	1767	206	1408
9.02312	1768	204	208
9.02609	1769	206	1408
9.03184	1770	205	1408
9.03557	1771	203	208
9.03854	1772	205	1408
9.0443	1773	205	1408
9.04803	1774	203	208
9.051	1775	205	1408
9.05675	1776	204	1408
9.06048	1777	202	208
9.06633	1778	207	1408
9.07256	1779	207	1408
9.07582	1780	203	208
9.07879	1781	206	1408
9.08502	1782	206	1408
9.08827	1783	203	208
9.09124	1784	205	1408
9.09747	1785	205	1408
9.10073	1786	202	208
9.1037	1787	204	1408
9.10993	1788	204	1408
9.11318	1789	202	208
9.11616	1790	204	1408
9.12526	1791	207	1408
9.12899	1792	204	208
9.13196	1793	206	1408
9.13772	1794	206	1408
9.14145	1795	204	208
9.14442	1796	206	1408
9.15017	1797	206	1408
9.1539	1798	203	208
9.15688	1799	205	1408
9.16263	1800	205	1408
9.16636	1801	203	208
9.16933	1802	205	1408
9.17508	1803	205	1408
9.17882	1804	201	208
9.18466	1805	206	1408
9.19089	1806	206	1408
9.19415	1807	204	208
9.19712	1808	206	1408
9.20335	1809	206	1408
9.2066	1810	203	208
9.20958	1811	205	1408
9.2158	1812	205	1408
9.21906	1813	203	208
9.22203	1814	205	1408
9.22826	1815	205	1408
9.23487	1816	205	208
9.23784	1817	207	1408
9.24072	1818	204	1408
9.24445	1819	202	208
9.2503	1820	207	1408
9.25605	1821	207	1408
9.25978	1822	204	208
9.26275	1823	206	1408
9.2685	1824	206	1408
9.27224	1825	204	208
9.27521	1826	206	1408
9.28096	1827	205	1408
9.28469	1828	203	208
9.28766	1829	205	1408
9.29342	1830	205	1408
9.29715	1831	203	208
9.30012	1832	205	1408
9.30635	1833	205	1408
9.31248	1834	205	208
9.31545	1835	207	1408
9.32168	1836	207	1408
9.32494	1837	204	208
9.32791	1838	206	1408
9.33414	1839	207	1408
9.33739	1840	204	208
9.34036	1841	206	1408
9.34659	1842	206	1408
9.34985	1843	203	208
9.35282	1844	205	1408
9.35905	1845	206	1408
9.3623	1846	203	208
9.36575	1847	205	1408
9.37438	1848	208	1408
9.37811	1849	206	208
9.38108	1850	208	1408
9.38684	1851	207	1408
9.39057	1852	205	208
9.39354	1853	207	1408
9.39929	1854	207	1408
9.40302	1855	204	208
9.406	1856	206	1408
9.41175	1857	205	1408
9.41548	1858	203	208
9.41845	1859	206	1408
9.42756	1860	208	1408
9.43081	1861	205	208
9.43378	1862	207	1408
9.44001	1863	208	1408
9.44327	1864	205	208
9.44624	1865	207	1408
9.45247	1866	207	1408
9.45572	1867	204	208
9.4587	1868	207	1408
9.46492	1869	207	1408
9.46818	1870	205	208
9.47115	1871	207	1408
9.47738	1872	207	1408
9.48064	1873	204	208
9.48408	1874	207	1408
9.49271	1875	209	1408
9.49309	1876	204	208
9.49942	1877	209	1408
9.50517	1878	209	1408
9.5089	1879	206	208
9.51187	1880	208	1408
9.51762	1881	208	1408
9.52136	1882	206	208
9.52433	1883	208	1408
9.53008	1884	208	1408
9.53381	1885	205	208
9.53678	1886	207	1408
9.54254	1887	207	1408
9.54627	1888	205	208
9.54924	1889	207	1408
9.55499	1890	206	1408
9.55872	1891	204	208
9.56457	1892	209	1408
9.5708	1893	209	1408
9.57406	1894	207	208
9.57703	1895	209	1408
9.58326	1896	209	1408
9.58651	1897	206	208
9.58948	1898	209	1408
9.59571	1899	209	1408
9.59897	1900	205	208
9.60194	1901	208	1408
9.60817	1902	209	1408
9.61142	1903	206	208
9.6144	1904	208	1408
9.62062	1905	208	1408
9.62388	1906	205	208
9.62685	1907	207	1408
9.63308	1908	208	1408
9.63634	1909	205	208
9.63931	1910	207	1408
9.64554	1911	207	1408
9.64879	1912	204	208
9.65512	1913	210	1408
9.65799	1914	206	1408
9.6646	1915	207	208
9.66757	1916	209	1408
9.67332	1917	209	1408
9.67706	1918	207	208
9.68003	1919	209	1408
9.68578	1920	208	1408
9.68951	1921	206	208
9.69248	1922	208	1408
9.69824	1923	208	1408
9.70197	1924	205	208
9.70494	1925	207	1408
9.71069	1926	207	1408
9.71442	1927	205	208
9.7174	1928	207	1408
9.72315	1929	207	1408
9.72688	1930	204	208
9.72985	1931	207	1408
9.73896	1932	210	1408
9.74221	1933	208	208
9.74518	1934	210	1408
9.75141	1935	210	1408
9.75467	1936	207	208
9.75764	1937	209	1408
9.76387	1938	209	1408
9.76712	1939	207	208
9.7701	1940	209	1408
9.77632	1941	209	1408
9.77958	1942	206	208
9.78255	1943	208	1408
9.78878	1944	208	1408
9.79204	1945	206	208
9.79501	1946	208	1408
9.80124	1947	208	1408
9.80784	1948	208	208
9.81082	1949	210	1408
9.81657	1950	210	1408
9.8203	1951	208	208
9.82327	1952	210	1408
9.82902	1953	210	1408
9.83276	1954	207	208
9.83573	1955	209	1408
9.84148	1956	209	1408
9.84521	1957	207	208
9.84818	1958	209	1408
9.85394	1959	208	1408
9.85767	1960	206	208
9.86064	1961	209	1408
9.86639	1962	209	1408
9.87012	1963	207	208
9.8731	1964	209	1408
9.87885	1965	208	1408
9.88258	1966	206	208
9.88555	1967	208	1408
9.89466	1968	211	1408
9.89504	1969	206	208
9.89801	1970	208	1408
9.90711	1971	211	1408
9.91037	1972	208	208
9.91334	1973	210	1408
9.91957	1974	210	1408
9.92282	1975	207	208
9.9258	1976	209	1408
9.93202	1977	210	1408
9.93528	1978	207	208
9.93825	1979	209	1408
9.94448	1980	209	1408
9.94774	1981	206	208
9.95071	1982	208	1408
9.95694	1983	208	1408
9.96019	1984	206	208
9.96316	1985	208	1408
9.96939	1986	208	1408
9.976	1987	209	208
9.97897	1988	210	1408
9.98472	1989	210	1408
9.98846	1990	208	208
9.99143	1991	211	1408
9.99718	1992	211	1408
10.0009	1993	208	208
10.0039	1994	210	1408
10.0096	1995	210	1408
10.0134	1996	208	208
10.0163	1997	210	1408
10.0221	1998	210	1408
10.0258	1999	207	208
10.0288	2000	209	1408
10.0345	2001	209	1408
10.0383	2002	207	208
10.0413	2003	209	1408
10.047	2004	209	1408
10.0507	2005	206	208
10.0566	2006	211	1408
10.0628	2007	211	1408
10.0661	2008	209	208
10.069	2009	211	1408
10.0753	2010	211	1408
10.0785	2011	208	208
10.0815	2012	210	1408
10.0877	2013	211	1408
10.091	2014	208	208
10.094	2015	210	1408
10.1002	2016	211	1408
10.1034	2017	208	208
10.1064	2018	210	1408
10.1126	2019	210	1408
10.1159	2020	207	208
10.1189	2021	209	1408
10.1251	2022	210	1408
10.1283	2023	207	208
10.1313	2024	210	1408
10.1375	2025	210	1408
10.1408	2026	207	208
10.1443	2027	210	1408
10.1529	2028	212	1408
10.1533	2029	207	208
10.1596	2030	212	1408
10.1653	2031	212	1408
10.1691	2032	210	208
10.172	2033	212	1408
10.1778	2034	212	1408
10.1782	2035	207	208
10.1845	2036	212	1408
10.1902	2037	212	1408
10.194	2038	209	208
10.197	2039	211	1408
10.2027	2040	211	1408
10.2064	2041	209	208
10.2094	2042	211	1408
10.2152	2043	211	1408
10.2189	2044	208	208
10.2219	2045	211	1408
10.2276	2046	211	1408
10.2313	2047	209	208
10.2343	2048	211	1408
10.2401	2049	211	1408
10.2438	2050	208	208
10.2468	2051	210	1408
10.2525	2052	210	1408
10.2563	2053	208	208
10.2592	2054	210	1408
10.2683	2055	213	1408
10.2687	2056	209	208
10.2717	2057	211	1408
10.2774	2058	212	1408
10.2812	2059	212	208
10.2841	2060	214	1408
10.2899	2061	214	1408
10.2936	2062	213	208
10.2966	2063	216	1408
10.2995	2064	214	1408
10.3032	2065	213	208
10.3062	2066	216	1408
10.3119	2067	216	1408
10.3152	2068	215	208
10.3182	2069	217	1408
10.3244	2070	219	1408
10.3276	2071	217	208
10.3306	2072	219	1408
10.3368	2073	220	1408
10.3372	2074	217	208
10.3431	2075	222	1408
10.3459	2076	219	1408
10.3497	2077	219	208
10.3527	2078	221	1408
10.3584	2079	222	1408
10.3621	2080	221	208
10.3651	2081	224	1408
10.3709	2082	224	1408
10.3712	2083	220	208
10.3776	2084	225	1408
10.3804	2085	223	1408
10.3837	2086	222	208
10.3867	2087	222	1408
10.3929	2088	222	1408
10.3962	2089	222	208
10.3991	2090	223	1408
10.4082	2091	226	1408
10.4086	2092	222	208
10.4149	2093	226	1408
10.4207	2094	225	1408
10.4215	2095	222	208
10.4274	2096	226	1408
10.4331	2097	226	1408
10.4369	2098	225	208
10.4398	2099	225	1408
10.4456	2100	223	1408
10.4493	2101	223	208
10.4523	2102	223	1408
10.4581	2103	223	1408
10.4618	2104	222	208
10.4648	2105	222	1408
10.4705	2106	223	1408
10.4742	2107	223	208
10.4772	2108	223	1408
10.483	2109	222	1408
10.4867	2110	222	208
10.4897	2111	222	1408
10.4954	2112	223	1408
10.4992	2113	223	208
10.5021	2114	223	1408
10.5079	2115	222	1408
10.5116	2116	222	208
10.5146	2117	223	1408
10.5237	2118	226	1408
10.5241	2119	223	208
10.527	2120	223	1408
10.5328	2121	222	1408
10.5365	2122	222	208
10.5395	2123	223	1408
10.5452	2124	223	1408
10.549	2125	222	208
10.5519	2126	222	1408
10.5577	2127	219	1408
10.5643	2128	219	208
10.5673	2129	220	1408
10.5735	2130	219	1408
10.5768	2131	214	208
10.5797	2132	216	1408
10.5888	2133	217	1408
10.5892	2134	210	208
10.5955	2135	215	1408
10.6013	2136	213	1408
10.605	2137	209	208
10.608	2138	211	1408
10.6142	2139	210	1408
10.6175	2140	205	208
10.6205	2141	207	1408
10.6296	2142	208	1408
10.6328	2143	203	208
10.6358	2144	205	1408
10.642	2145	205	1408
10.6486	2146	203	208
10.6516	2147	205	1408
10.6607	2148	206	1408
10.664	2149	202	208
10.6669	2150	204	1408
10.6732	2151	203	1408
10.6764	2152	199	208
10.6827	2153	203	1408
10.7417	2154	148	1408
10.742	2155	148	208
10.7479	2156	150	1408
10.7541	2157	152	1408
10.7574	2158	149	208
10.7603	2159	151	1408
10.7666	2160	151	1408
10.7698	2161	149	208
10.7728	2162	150	1408
10.779	2163	152	1408
10.7823	2164	148	208
10.7886	2165	151	1408
10.7944	2166	151	1408
10.7981	2167	149	208
10.8011	2168	152	1408
10.8102	2169	152	1408
10.8134	2170	148	208
10.8164	2171	151	1408
10.8226	2172	151	1408
10.8259	2173	147	208
10.8289	2174	150	1408
10.8351	2175	151	1408
10.8446	2176	145	208
10.8475	2177	148	1408
10.8538	2178	148	1408
10.8604	2179	148	208
10.8633	2180	151	1408
10.8725	2181	151	1408
10.8791	2182	149	208
10.882	2183	152	1408
10.8911	2184	154	1408
10.8944	2185	151	208
10.8974	2186	154	1408
10.9065	2187	154	1408
10.9504	2188	139	208
10.9534	2189	142	1408
10.9596	2190	142	1408
10.9663	2191	143	208
10.9692	2192	146	1408
10.975	2193	145	1408
10.9816	2194	146	208
10.9846	2195	149	1408
10.9908	2196	149	1408
10.9945	2197	147	208
11.0004	2198	153	1408
11.0061	2199	153	1408
11.0098	2200	150	208
11.0128	2201	153	1408
11.0219	2202	156	1408
11.0252	2203	154	208
11.0282	2204	156	1408
11.0344	2205	157	1408
11.041	2206	157	208
11.044	2207	159	1408
11.0497	2208	160	1408
11.0506	2209	155	208
11.0564	2210	160	1408
11.0593	2211	158	1408
11.0625	2212	155	208
11.0655	2213	157	1408
11.0717	2214	158	1408
11.075	2215	156	208
11.078	2216	157	1408
11.0842	2217	159	1408
11.0846	2218	153	208
11.0904	2219	158	1408
11.0933	2220	156	1408
11.097	2221	154	208
11.1	2222	156	1408
11.1058	2223	156	1408
11.1095	2224	154	208
11.1125	2225	156	1408
11.1182	2226	157	1408
11.122	2227	154	208
11.1249	2228	156	1408
11.1307	2229	157	1408
11.1344	2230	155	208
11.1374	2231	157	1408
11.1403	2232	155	1408
11.1406	2233	149	208
11.1436	2234	151	1408
11.1465	2235	148	1408
11.1469	2236	143	208
11.1498	2237	145	1408
11.1527	2238	142	1408
11.1531	2239	138	208
11.1561	2240	140	1408
11.1589	2241	136	1408
11.1593	2242	132	208
11.1623	2243	134	1408
11.1652	2244	131	1408
11.1655	2245	126	208
11.1685	2246	128	1408
11.1743	2247	128	1408
11.178	2248	127	208
11.181	2249	128	1408
11.1867	2250	128	1408
11.1905	2251	127	208
11.1934	2252	129	1408
11.1992	2253	129	1408
11.2029	2254	127	208
11.2059	2255	129	1408
11.2116	2256	129	1408
11.2154	2257	128	208
11.2183	2258	130	1408
11.2241	2259	130	1408
11.2278	2260	128	208
11.2308	2261	130	1408
11.2366	2262	130	1408
11.2403	2263	128	208
11.2433	2264	131	1408
11.249	2265	131	1408
11.2494	2266	125	208
11.2524	2267	128	1408
11.2586	2268	128	1408
11.2618	2269	125	208
11.2648	2270	128	1408
11.271	2271	129	1408
11.2743	2272	126	208
11.2773	2273	129	1408
11.2835	2274	129	1408
11.2868	2275	126	208
11.2897	2276	129	1408
11.296	2277	129	1408
11.2963	2278	124	208
11.2993	2279	126	1408
11.3022	2280	124	1408
11.3026	2281	118	208
11.3055	2282	120	1408
11.3084	2283	118	1408
11.3088	2284	112	208
11.3118	2285	114	1408
11.3146	2286	112	1408
11.315	2287	107	208
11.318	2288	108	1408
11.3237	2289	109	1408
11.3275	2290	107	208
11.3304	2291	109	1408
11.3333	2292	107	1408
11.3366	2293	104	208
11.3429	2294	109	1408
11.3458	2295	107	1408
11.349	2296	105	208
11.352	2297	108	1408
11.3582	2298	108	1408
11.3615	2299	106	208
11.3678	2300	111	1408
11.3736	2301	111	1408
11.3773	2302	110	208
11.3831	2303	115	1408
11.3894	2304	116	1408
11.3926	2305	113	208
11.3956	2306	115	1408
11.4018	2307	116	1408
11.4056	2308	114	208
11.4085	2309	117	1408
11.4172	2310	120	1408
11.4209	2311	118	208
11.4239	2312	120	1408
11.433	2313	123	1408
11.4362	2314	122	208
11.4392	2315	124	1408
11.4454	2316	125	1408
11.452	2317	126	208
11.455	2318	128	1408
11.4608	2319	128	1408
11.4645	2320	126	208
11.4675	2321	129	1408
11.4737	2322	129	1408
11.4798	2323	130	208
11.4828	2324	132	1408
11.489	2325	133	1408
11.4956	2326	134	208
11.4986	2327	136	1408
11.5044	2328	137	1408
11.5081	2329	135	208
11.5139	2330	139	1408
11.5202	2331	141	1408
11.5234	2332	138	208
11.5264	2333	141	1408
11.5326	2334	141	1408
11.5364	2335	140	208
11.5422	2336	145	1408
11.548	2337	144	1408
11.5517	2338	143	208
11.5547	2339	145	1408
11.5604	2340	146	1408
11.567	2341	147	208
11.57	2342	148	1408
11.5762	2343	150	1408
11.5828	2344	150	208
11.5858	2345	153	1408
11.5915	2346	153	1408
11.5953	2347	152	208
11.5983	2348	154	1408
11.6045	2349	154	1408
11.6106	2350	155	208
11.6136	2351	157	1408
11.6198	2352	158	1408
11.6231	2353	156	208
11.6294	2354	161	1408
11.6351	2355	162	1408
11.6389	2356	159	208
11.6418	2357	162	1408
11.6476	2358	162	1408
11.6542	2359	164	208
11.6572	2360	166	1408
11.6634	2361	166	1408
11.6671	2362	165	208
11.6701	2363	167	1408
11.6787	2364	170	1408
11.6825	2365	168	208
11.6854	2366	171	1408
11.6945	2367	174	1408
11.6949	2368	169	208
11.7008	2369	174	1408
11.707	2370	175	1408
11.7103	2371	173	208
11.7132	2372	175	1408
11.7223	2373	179	1408
11.7261	2374	178	208
11.729	2375	180	1408
11.7353	2376	180	1408
11.7385	2377	178	208
11.7444	2378	183	1408
11.7506	2379	184	1408
11.7539	2380	181	208
11.7568	2381	184	1408
11.7659	2382	187	1408
11.7697	2383	186	208
11.7726	2384	188	1408
11.7784	2385	189	1408
11.7821	2386	187	208
11.788	2387	191	1408
11.7942	2388	193	1408
11.7975	2389	191	208
11.8004	2390	193	1408
11.8067	2391	193	1408
11.8104	2392	192	208
11.8162	2393	197	1408
11.822	2394	197	1408
11.8257	2395	195	208
11.8287	2396	198	1408
11.8378	2397	201	1408
11.841	2398	200	208
11.844	2399	202	1408
11.8502	2400	203	1408
11.8569	2401	203	208
11.8598	2402	206	1408
11.8656	2403	206	1408
11.8693	2404	205	208
11.8723	2405	207	1408
11.878	2406	208	1408
11.8846	2407	208	208
11.8876	2408	210	1408
11.8938	2409	211	1408
11.8971	2410	210	208
11.9034	2411	215	1408
11.9092	2412	215	1408
11.9129	2413	213	208
11.9159	2414	215	1408
11.9216	2415	216	1408
11.9282	2416	217	208
11.9312	2417	220	1408
11.9374	2418	220	1408
11.9407	2419	218	208
11.9441	2420	221	1408
11.9528	2421	224	1408
11.9565	2422	222	208
11.9595	2423	225	1408
11.9652	2424	225	1408
11.969	2425	223	208
11.9719	2426	225	1408
11.981	2427	230	1408
11.9843	2428	227	208
11.9873	2429	229	1408
11.9964	2430	233	1408
11.9972	2431	229	208
12.0031	2432	234	1408
12.0088	2433	233	1408
12.0126	2434	232	208
12.0155	2435	234	1408
12.0218	2436	235	1408
12.0279	2437	235	208
12.0309	2438	238	1408
12.0371	2439	239	1408
12.0403	2440	237	208
12.0467	2441	242	1408
12.0524	2442	243	1408
12.0562	2443	241	208
12.062	2444	246	1408
12.0682	2445	247	1408
12.0715	2446	245	208
12.0745	2447	247	1408
12.0807	2448	248	1408
12.0839	2449	245	208
12.0874	2450	248	1408
12.096	2451	252	1408
12.0997	2452	250	208
12.1027	2453	252	1408
12.1085	2454	252	1408
12.1122	2455	251	208
12.1181	2456	256	1408
12.1243	2457	257	1408
12.1275	2458	254	208
12.1305	2459	257	1408
12.1396	2460	260	1408
12.1433	2461	259	208
12.1463	2462	261	1408
12.1521	2463	262	1408
12.1587	2464	262	208
12.1616	2465	264	1408
12.1679	2466	265	1408
12.1711	2467	264	208
12.1741	2468	266	1408
12.1803	2469	266	1408
12.1869	2470	267	208
12.1899	2471	269	1408
12.1957	2472	270	1408
12.1994	2473	269	208
12.2052	2474	274	1408
12.2115	2475	274	1408
12.2147	2476	272	208
12.2177	2477	274	1408
12.2239	2478	275	1408
12.2277	2479	273	208
12.2335	2480	279	1408
12.2393	2481	279	1408
12.243	2482	277	208
12.246	2483	279	1408
12.2522	2484	281	1408
12.2554	2485	278	208
12.2584	2486	280	1408
12.2646	2487	281	1408
12.265	2488	277	208
12.2714	2489	282	1408
12.2771	2490	282	1408
12.2808	2491	280	208
12.2872	2493	281	1408
12.2904	2494	278	208
12.2934	2495	281	1408
12.2996	2496	281	1408
12.3029	2497	279	208
12.3063	2499	277	1408
12.3129	2500	277	208
12.3188	2502	277	1408
12.3225	2503	276	208
12.3317	2505	279	1408
12.335	2506	276	208
12.3379	2507	278	1408
12.3442	2508	280	1408
12.345	2509	276	208
12.3509	2510	280	1408
12.3566	2511	280	1408
12.3575	2512	276	208
12.3633	2513	281	1408
12.3699	2515	276	208
12.3729	2516	279	1408
12.3829	2518	278	208
12.3858	2519	280	1408
12.3916	2520	281	1408
12.3953	2521	279	208
12.4049	2524	277	208
12.4079	2525	279	1408
12.4141	2526	281	1408
12.4145	2527	275	208
12.4208	2528	280	1408
12.4266	2529	281	1408
12.4303	2530	280	208
12.4333	2531	282	1408
12.4361	2532	279	1408
12.4399	2533	277	208
12.4428	2534	279	1408
12.4491	2535	281	1408
12.4528	2536	278	208
12.4558	2537	281	1408
12.4615	2538	281	1408
12.4653	2539	280	208
12.4682	2540	282	1408
12.4711	2541	280	1408
12.4777	2542	280	208
12.4807	2543	282	1408
12.4873	2545	279	208
12.4903	2546	281	1408
12.4936	2547	279	1408
12.5002	2548	280	208
12.5032	2549	282	1408
12.5098	2551	278	208
12.5128	2552	280	1408
12.519	2553	281	1408
12.5223	2554	279	208
12.5252	2555	281	1408
12.5315	2556	282	1408
12.5323	2557	277	208
12.5353	2558	280	1408
12.5448	2560	278	208
12.5477	2561	280	1408
12.5535	2562	281	1408
12.5544	2563	276	208
12.5602	2564	281	1408
12.566	2565	281	1408
12.5663	2566	277	208
12.5693	2567	279	1408
12.5788	2569	277	208
12.5818	2570	279	1408
12.588	2571	280	1408
12.5884	2572	276	208
12.5947	2573	281	1408
12.5976	2574	278	1408
12.598	2575	273	208
12.6009	2576	275	1408
12.6038	2577	273	1408
12.6042	2578	268	208
12.6072	2579	271	1408
12.61	2580	268	1408
12.6104	2581	263	208
12.6134	2582	265	1408
12.6163	2583	263	1408
12.6191	2584	260	1411
12.6195	2585	255	208
12.6254	2586	260	1408
12.6283	2587	258	1408
12.634	2588	258	1411
12.6402	2589	259	208
12.6431	2590	261	1408
12.6494	2591	262	1408
12.6551	2592	262	1411
12.6584	2593	260	208
12.6613	2594	262	1408
12.6676	2595	263	1411
12.6733	2596	263	1408
12.6771	2597	262	208
12.68	2598	264	1408
12.6858	2599	264	1408
12.6895	2600	262	208
12.6925	2601	265	1408
12.6982	2602	265	1408
12.702	2603	263	208
12.7049	2604	265	1408
12.7107	2605	266	1411
12.7169	2606	266	1408
12.7227	2607	267	1411
12.7293	2608	268	208
12.7323	2609	271	1408
12.738	2610	271	1408
12.7413	2611	269	208
12.7443	2612	271	1408
12.75	2613	272	1411
12.7563	2614	272	1411
12.762	2615	273	1408
12.7653	2616	270	208
12.7682	2617	273	1408
12.7745	2618	273	1408
12.7777	2619	271	208
12.7807	2620	273	1408
12.7865	2621	274	1408
12.7902	2622	272	208
12.796	2623	277	1408
12.7994	2624	275	1408
12.8026	2625	273	208
12.8085	2626	278	1408
12.8143	2627	278	1408
12.8151	2628	274	208
12.821	2629	278	1408
12.8267	2630	279	1408
12.83	2631	277	208
12.8329	2632	279	1408
12.8392	2633	280	1411
12.8449	2634	280	1408
12.8482	2635	279	208
12.8512	2636	281	1408
12.8545	2637	278	1408
12.8603	2638	279	1411
12.864	2639	278	208
12.867	2640	279	1408
12.8732	2641	280	1408
12.8736	2642	275	208
12.8794	2643	280	1408
12.8823	2644	278	1408
12.886	2645	276	208
12.889	2646	279	1408
12.8977	2647	281	1411
12.9043	2649	277	208
12.9072	2650	280	1408
12.913	2651	279	1408
12.9167	2652	278	208
12.9197	2653	280	1408
12.9254	2654	281	1408
12.9317	2655	281	1411
12.9349	2656	279	208
12.9379	2657	281	1408
12.9413	2658	280	1408
12.9445	2659	277	208
12.9475	2660	280	1408
12.9537	2661	280	1408
12.9819	2662	262	208
12.9849	2663	265	1408
12.9911	2664	266	1408
12.9943	2665	263	208
12.9973	2666	265	1408
13.0064	2667	268	1408
13.0101	2668	265	208
13.0131	2669	267	1408
13.0189	2670	266	1408
13.0255	2671	266	208
13.0285	2672	268	1408
13.0347	2673	268	1408
13.0379	2674	264	208
13.0414	2675	267	1408
13.0471	2676	267	1408
13.0537	2677	267	208
13.0567	2678	269	1408
13.0625	2679	268	1408
13.0662	2680	266	208
13.0692	2681	268	1408
13.0783	2682	270	1408
13.0815	2683	267	208
13.0845	2684	269	1408
13.0907	2685	268	1408
13.0945	2686	266	208
13.1003	2687	271	1408
13.1061	2688	271	1408
13.1098	2689	267	208
13.1128	2690	269	1408
13.1219	2691	272	1408
13.1251	2692	269	208
13.1281	2693	271	1408
13.1343	2694	271	1408
13.1381	2695	268	208
13.1439	2696	272	1408
13.1497	2697	272	1408
13.1534	2698	270	208
13.1564	2699	272	1408
13.1621	2700	271	1408
13.1654	2701	269	208
13.1717	2702	274	1408
13.1746	2703	272	1408
13.1807	2704	272	208
13.1837	2705	274	1408
13.1899	2706	275	1408
13.1932	2707	274	208
13.1961	2708	276	1408
13.2024	2709	276	1408
13.2056	2710	274	208
13.2086	2711	276	1408
13.2148	2712	277	1408
13.2181	2713	275	208
13.2211	2714	278	1408
13.2302	2715	281	1408
13.2305	2716	276	208
13.234	2717	278	1408
13.2397	2718	279	1408
13.2401	2719	274	208
13.2431	2720	276	1408
13.246	2721	273	1408
13.2489	2722	271	1411
13.2492	2723	266	208
13.2522	2724	269	1408
13.2551	2725	266	1408
13.2555	2726	261	208
13.2584	2727	263	1408
13.2642	2728	264	1408
13.2679	2729	261	208
13.2709	2730	263	1408
13.2766	2731	264	1408
13.2804	2732	263	208
13.2833	2733	265	1408
13.2891	2734	265	1408
13.2928	2735	263	208
13.2958	2736	265	1408
13.3016	2737	266	1408
13.3053	2738	264	208
13.3083	2739	267	1408
13.314	2740	267	1408
13.3177	2741	265	208
13.3207	2742	267	1408
13.3265	2743	268	1408
13.3302	2744	266	208
13.3332	2745	268	1408
13.3389	2746	268	1408
13.3398	2747	264	208
13.3456	2748	269	1408
13.3485	2749	267	1408
13.3522	2750	265	208
13.3581	2751	270	1408
13.3638	2752	270	1408
13.3642	2753	266	208
13.3672	2754	268	1408
13.3763	2755	271	1408
13.3767	2756	266	208
13.3796	2757	268	1408
13.3859	2758	269	1408
13.3891	2759	267	208
13.3921	2760	270	1408
13.3983	2761	270	1408
13.4016	2762	268	208
13.4046	2763	270	1408
13.4108	2764	271	1408
13.414	2765	269	208
13.417	2766	271	1408
13.4232	2767	272	1408
13.4265	2768	270	208
13.4295	2769	272	1408
13.4357	2770	272	1408
13.439	2771	270	208
13.4419	2772	272	1408
13.4482	2773	274	1408
13.4514	2774	272	208
13.4544	2775	274	1408
13.4606	2776	274	1408
13.4639	2777	272	208
13.4668	2778	274	1408
13.4702	2779	273	1408
13.4734	2780	270	208
13.4764	2781	273	1408
13.4826	2782	273	1408
13.4859	2783	271	208
13.4889	2784	273	1408
13.4946	2785	274	1408
13.4984	2786	272	208
13.5013	2787	274	1408
13.5071	2788	275	1408
13.5108	2789	274	208
13.5138	2790	276	1408
13.5195	2791	278	1408
13.5233	2792	277	208
13.5262	2793	280	1408
13.532	2794	280	1408
13.5324	2795	277	208
13.5353	2796	280	1408
13.542	2798	277	208
13.5449	2799	279	1408
13.5478	2800	278	1408
13.5515	2801	278	208
13.5545	2802	280	1408
13.5603	2803	282	1408
13.564	2804	280	208
13.567	2806	278	1408
13.5702	2807	278	208
13.5732	2808	281	1408
13.5798	2810	278	208
13.5828	2811	280	1408
13.5894	2813	279	208
13.5924	2814	281	1408
13.5956	2816	275	208
13.5986	2817	278	1408
13.6048	2818	279	1408
13.6081	2819	279	208
13.611	2820	281	1408
13.6176	2822	279	208
13.6206	2823	281	1408
13.624	2824	280	1408
13.6272	2825	280	208
13.6302	2826	282	1408
13.6339	2828	276	208
13.6369	2829	279	1408
13.6398	2830	277	1408
13.6435	2831	277	208
13.6465	2832	279	1408
13.6494	2833	278	1408
13.6531	2834	278	208
13.6561	2835	280	1408
13.6593	2837	275	208
13.6656	2838	280	1408
13.6694	2840	275	208
13.6723	2841	278	1408
13.6781	2842	279	1408
13.6814	2843	278	208
13.6843	2844	280	1408
13.6909	2846	278	208
13.6939	2847	280	1408
13.7005	2849	278	208
13.7035	2850	281	1408
13.7064	2851	280	1408
13.7072	2852	276	208
13.7102	2853	279	1408
13.7159	2854	279	1408
13.7197	2855	279	208
13.7226	2856	281	1408
13.7255	2857	280	1408
13.7293	2858	280	208
13.7322	2859	282	1408
13.736	2861	276	208
13.7418	2862	282	1408
13.7447	2863	280	1408
13.7451	2864	277	208
13.748	2865	280	1408
13.758	2867	277	208
13.761	2868	280	1408
13.7667	2869	279	1408
13.7705	2870	277	208
13.7734	2871	280	1408
13.7792	2872	280	1408
13.7829	2873	277	208
13.7859	2874	280	1408
13.7892	2875	277	1408
13.7954	2876	277	208
13.7983	2877	280	1408
13.8046	2878	280	1408
13.8078	2879	277	208
13.8108	2880	280	1408
13.817	2881	281	1408
13.8203	2882	280	208
13.8266	2884	280	1408
13.8299	2885	277	208
13.8328	2886	280	1408
13.8391	2887	281	1408
13.8399	2888	275	208
13.8429	2889	278	1408
13.8515	2890	280	1408
13.8552	2891	278	208
13.8582	2892	280	1408
13.864	2893	278	1408
13.8706	2894	278	208
13.8735	2895	280	1408
13.8798	2896	279	1408
13.883	2897	276	208
13.8865	2898	278	1408
13.8951	2899	279	1411
13.9051	2901	275	208
13.908	2902	277	1408
13.92	2903	271	1411
13.9263	2904	274	1411
13.932	2905	273	1411
13.9383	2906	272	1411
13.9469	2907	273	1408
13.9502	2908	270	208
13.9531	2909	272	1408
13.9622	2910	274	1411
13.968	2911	272	1408
13.9717	2912	269	208
13.9776	2913	274	1408
13.9838	2914	272	1411
13.9896	2915	271	1408
13.9962	2916	271	208
13.9991	2917	273	1408
14.0054	2918	272	1411
14.0111	2919	271	1411
14.0174	2920	270	1408
14.0235	2921	269	208
14.0294	2922	268	1411
14.0356	2923	269	1408
14.0413	2924	270	1411
14.0476	2925	270	1408
14.0508	2926	268	208
14.0538	2927	270	1408
14.0596	2928	271	1408
14.0633	2929	270	208
14.0663	2930	272	1408
14.072	2931	273	1408
14.0757	2932	270	208
14.0787	2933	272	1411
14.0845	2934	273	1408
14.0907	2935	274	1408
14.0968	2936	274	208
14.0998	2937	277	1408
14.106	2938	278	1411
14.1118	2939	278	1408
14.1155	2940	277	208
14.1185	2941	279	1408
14.1243	2942	280	1408
14.128	2943	277	208
14.131	2944	279	1408
14.1367	2945	280	1408
14.1404	2946	279	208
14.1434	2947	281	1408
14.1463	2948	279	1408
14.15	2949	277	208
14.153	2950	278	1408
14.1596	2952	275	208
14.1655	2953	280	1408
14.1712	2954	281	1408
14.1721	2955	276	208
14.175	2956	279	1408
14.1837	2957	281	1411
14.1899	2958	282	1408
14.1932	2959	281	208
14.1961	2961	277	1408
14.1965	2962	272	208
14.1995	2963	274	1408
14.2024	2964	272	1408
14.2027	2965	267	208
14.2057	2966	269	1408
14.2119	2967	270	1408
14.2152	2968	268	208
14.2182	2969	270	1408
14.221	2970	268	1408
14.2248	2971	266	208
14.2306	2972	271	1408
14.2335	2973	269	1408
14.2372	2974	267	208
14.2402	2975	270	1408
14.246	2976	269	1411
14.2522	2977	271	1408
14.2554	2978	269	208
14.2584	2979	271	1408
14.2646	2980	271	1408
14.2679	2981	269	208
14.2709	2982	271	1408
14.2771	2983	273	1408
14.2804	2984	271	208
14.2833	2985	273	1408
14.2896	2986	273	1408
14.2928	2987	271	208
14.2958	2988	273	1408
14.302	2989	275	1408
14.3053	2990	273	208
14.3082	2991	275	1408
14.3116	2992	273	1408
14.3177	2993	273	208
14.3207	2994	275	1408
14.3269	2995	276	1408
14.3273	2996	272	208
14.3331	2997	277	1408
14.336	2998	275	1408
14.3398	2999	272	208
14.3427	3000	275	1408
14.3485	3001	275	1408
14.3522	3002	274	208
14.3552	3003	276	1408
14.3609	3004	276	1408
14.3647	3005	274	208
14.3676	3006	277	1408
14.3734	3007	277	1408
14.3771	3008	276	208
14.3801	3009	278	1408
14.3858	3010	278	1408
14.3896	3011	277	208
14.3954	3012	278	1408
14.3988	3013	276	1408
14.402	3014	275	208
14.4079	3015	278	1408
14.4112	3016	277	1408
14.4145	3017	275	208
14.4203	3018	278	1408
14.4266	3019	279	1408
14.4298	3020	277	208
14.4328	3021	278	1408
14.439	3022	279	1408
14.4423	3023	276	208
14.4453	3024	276	1408
14.4544	3025	278	1408
14.4576	3026	276	208
14.4606	3027	278	1408
14.4668	3028	278	1408
14.4734	3029	279	208
14.4793	3031	278	1408
14.4859	3032	279	208
14.4889	3033	281	1408
14.4922	3034	279	1408
14.4959	3035	277	208
14.5018	3036	282	1408
14.5109	3038	281	1411
14.5142	3039	279	208
14.5171	3040	282	1408
14.5242	3042	278	208
14.5272	3043	280	1408
14.5329	3044	279	1408
14.5395	3045	279	208
14.5459	3047	279	1411
14.5521	3048	280	1408
14.5582	3049	281	208
14.5612	3050	283	1408
14.5646	3051	281	1408
14.5678	3052	278	208
14.577	3054	281	1408
14.5807	3055	278	208
14.5899	3057	280	1408
14.5932	3058	279	208
14.6024	3060	281	1408
14.6061	3061	279	208
14.6157	3064	276	208
14.6187	3065	278	1408
14.6249	3066	278	1408
14.6315	3067	279	208
14.6374	3069	278	1408
14.644	3070	279	208
14.6503	3072	279	1408
14.6536	3073	276	208
14.657	3074	279	1408
14.6656	3075	281	1408
14.6694	3076	279	208
14.6786	3078	282	1408
14.6818	3079	279	208
14.6881	3081	279	1408
14.6948	3082	279	208
14.6977	3083	282	1408
14.7006	3084	279	1408
14.7072	3085	280	208
14.7135	3087	279	1408
14.7201	3088	280	208
14.7231	3089	283	1408
14.7297	3091	277	208
14.7327	3092	279	1408
14.7389	3093	279	1408
14.7422	3094	277	208
14.7485	3095	282	1408
14.7551	3097	278	208
14.7581	3098	280	1408
14.7643	3099	280	1408
14.7676	3100	277	208
14.7734	3101	282	1408
14.7768	3102	280	1408
14.7829	3103	280	208
14.7859	3104	282	1408
14.7892	3105	280	1408
14.7901	3106	275	208
14.7959	3107	279	1408
14.8017	3108	280	1408
14.8049	3109	277	208
14.8141	3111	280	1408
14.8179	3112	277	208
14.8208	3113	279	1408
14.8271	3114	278	1411
14.83	3115	275	1408
14.8303	3116	270	208
14.8333	3117	272	1408
14.8362	3118	269	1408
14.8366	3119	263	208
14.8395	3120	265	1408
14.8424	3121	261	1411
14.8453	3122	259	1408
14.8457	3123	253	208
14.8486	3124	255	1408
14.8515	3125	252	1411
14.8573	3126	252	1408
14.8605	3127	249	208
14.8635	3128	252	1408
14.8698	3129	252	1411
14.8755	3130	252	1408
14.8788	3131	249	208
14.8822	3132	252	1408
14.888	3133	252	1408
14.8946	3134	253	208
14.8975	3135	255	1408
14.9004	3136	253	1411
14.9095	3137	256	1408
14.9099	3138	251	208
14.9158	3139	256	1408
14.9191	3140	254	1411
14.9249	3141	254	1408
14.9306	3142	254	1411
14.9344	3143	252	208
14.9402	3144	257	1408
14.9436	3145	255	1411
14.9493	3146	255	1411
14.9555	3147	256	1408
14.9617	3148	256	208
14.9646	3149	258	1408
14.9709	3150	259	1411
14.98	3151	262	1408
14.9857	3152	262	1411
14.9895	3153	261	208
14.9924	3154	263	1408
15.0011	3155	266	1408
15.0048	3156	264	208
15.0078	3157	266	1408
15.014	3158	267	1408
15.0226	3159	270	1411
15.0289	3160	270	1411
15.035	3161	271	208
15.038	3162	272	1408
15.0442	3163	274	1408
15.0475	3164	271	208
15.0504	3165	273	1408
15.0567	3166	274	1408
15.0658	3167	277	1411
15.069	3168	276	208
15.072	3169	278	1408
15.0811	3170	281	1411
15.0874	3171	281	1408
15.0877	3172	276	208
15.0907	3173	278	1408
15.0998	3174	281	1408
15.1031	3175	280	208
15.106	3176	282	1408
15.1089	3177	278	1411
15.1189	3179	277	208
15.1219	3180	279	1408
15.1313	3182	278	208
15.1343	3183	280	1408
15.1401	3184	281	1408
15.1438	3185	278	208
15.153	3187	282	1408
15.1534	3188	276	208
15.1564	3189	278	1408
15.1592	3190	275	1411
15.165	3191	275	1408
15.1687	3192	273	208
15.1717	3193	275	1408
15.1774	3194	276	1408
15.1812	3195	274	208
15.187	3196	279	1408
15.1899	3197	276	1408
15.1936	3198	274	208
15.1966	3199	276	1408
15.2057	3200	280	1408
15.2061	3201	275	208
15.2091	3202	277	1408
15.2153	3203	278	1408
15.2214	3204	278	208
15.2244	3205	280	1408
15.2273	3206	278	1408
15.231	3207	275	208
15.2368	3208	278	1408
15.2431	3209	279	1408
15.2463	3210	276	208
15.2493	3211	278	1408
15.2555	3212	276	1408
15.2588	3213	273	208
15.2618	3214	275	1408
15.268	3215	275	1408
15.2712	3216	273	208
15.2776	3217	278	1408
15.2833	3218	278	1408
15.2871	3219	276	208
15.29	3220	278	1408
15.2958	3221	277	1408
15.2995	3222	275	208
15.3054	3223	280	1408
15.3116	3224	280	1408
15.3148	3225	277	208
15.3178	3226	279	1408
15.324	3227	280	1408
15.3273	3228	276	208
15.3303	3229	279	1408
15.3394	3230	281	1408
15.3431	3231	279	208
15.3461	3232	281	1408
15.349	3233	277	1408
15.3556	3234	278	208
15.3585	3235	280	1408
15.3648	3236	280	1408
15.368	3237	276	208
15.371	3238	278	1408
15.3801	3239	281	1408
15.3838	3240	275	208
15.3868	3241	278	1408
15.393	3242	278	1408
15.3992	3243	278	208
15.4021	3244	280	1408
15.4079	3245	279	1408
15.4145	3246	279	208
15.4203	3248	278	1408
15.427	3249	275	208
15.4299	3250	278	1408
15.439	3251	281	1408
15.4428	3252	278	208
15.4457	3253	280	1408
15.4486	3254	277	1408
15.4523	3255	275	208
15.4582	3256	280	1408
15.4644	3257	280	1408
15.4702	3258	280	1411
15.4706	3259	274	208
15.4735	3260	276	1408
15.4764	3261	273	1411
15.4826	3262	273	1408
15.4892	3263	273	208
15.4922	3264	276	1408
15.4951	3265	272	1411
15.5009	3266	271	1408
15.5075	3267	272	208
15.5104	3268	274	1408
15.5167	3269	274	1408
15.5199	3270	271	208
15.5229	3271	273	1408
15.5291	3272	274	1408
15.5324	3273	271	208
15.5353	3274	273	1408
15.5416	3275	273	1408
15.5448	3276	270	208
15.5478	3277	272	1408
15.554	3278	272	1408
15.5573	3279	269	208
15.5636	3280	274	1408
15.5694	3281	274	1408
15.5731	3282	272	208
15.5761	3283	274	1408
15.5818	3284	273	1408
15.5856	3285	272	208
15.5885	3286	274	1408
15.5943	3287	274	1408
15.598	3288	272	208
15.601	3289	273	1408
15.6067	3290	273	1408
15.6105	3291	272	208
15.6134	3292	274	1408
15.6197	3293	274	1408
15.6258	3294	274	208
15.6288	3295	276	1408
15.635	3296	276	1408
15.6354	3297	272	208
15.6412	3298	277	1408
15.6475	3299	277	1408
15.6507	3300	274	208
15.6537	3301	276	1408
15.6594	3302	276	1408
15.666	3303	277	208
15.669	3304	280	1408
15.6724	3305	277	1408
15.6785	3306	277	208
15.6815	3307	279	1408
15.6877	3308	279	1408
15.691	3309	276	208
15.6939	3310	279	1408
15.7002	3311	280	1408
15.7005	3312	274	208
15.7069	3313	279	1408
15.7126	3314	279	1408
15.7163	3315	277	208
15.7193	3316	279	1408
15.7251	3317	280	1408
15.7288	3318	277	208
15.7318	3319	279	1408
15.7375	3320	279	1408
15.7413	3321	277	208
15.7476	3323	277	1408
15.7537	3324	277	208
15.7567	3325	279	1408
15.7624	3326	279	1408
15.7662	3327	277	208
15.7692	3328	279	1411
15.7749	3329	278	1408
15.7811	3330	280	1408
15.7815	3331	274	208
15.785	3332	276	1408
15.7936	3333	279	1408
15.7973	3334	277	208
15.8003	3335	279	1408
15.806	3336	280	1408
15.8098	3337	277	208
15.8127	3338	279	1408
15.8185	3339	279	1408
15.8222	3340	277	208
15.8252	3341	279	1408
15.8314	3342	279	1408
15.8376	3343	280	208
15.8439	3345	279	1408
15.8471	3346	277	208
15.8501	3347	279	1408
15.8563	3348	279	1408
15.8596	3349	277	208
15.8626	3350	279	1408
15.8688	3351	279	1408
15.8725	3352	277	208
15.8784	3353	282	1408
15.8841	3354	282	1408
15.885	3355	277	208
15.8908	3356	282	1408
15.8966	3357	282	1408
15.9003	3358	280	208
15.9033	3359	282	1408
15.9062	3360	279	1408
15.9099	3361	276	208
15.9129	3362	279	1408
15.9191	3363	280	1408
15.9315	3364	273	208
15.9378	3365	273	1408
15.9435	3366	273	1408
15.9473	3367	271	208
15.9502	3368	273	1408
15.956	3369	272	1408
15.9597	3370	270	208
15.9627	3371	272	1408
15.9689	3372	272	1408
15.9751	3373	273	208
15.978	3374	273	1408
15.9843	3375	273	1408
15.9875	3376	270	208
15.9905	3377	272	1408
15.9967	3378	272	1408
16.0004	3379	270	208
16.0063	3380	275	1408
16.0121	3381	275	1408
16.0153	3382	272	208
16.0183	3383	274	1408
16.0245	3384	273	1408
16.0282	3385	271	208
16.0341	3386	276	1408
16.0398	3387	275	1408
16.0436	3388	273	208
16.0465	3389	275	1408
16.0523	3390	275	1408
16.056	3391	273	208
16.059	3392	274	1408
16.0648	3393	274	1408
16.0714	3394	274	208
16.0743	3395	276	1408
16.0806	3396	276	1408
16.0838	3397	273	208
16.0868	3398	275	1408
16.0897	3399	272	1408
16.0959	3400	272	1411
16.102	3401	272	208
16.105	3402	275	1408
16.1112	3403	274	1408
16.1145	3404	271	208
16.1175	3405	273	1408
16.1237	3406	273	1408
16.1269	3407	270	208
16.1299	3408	272	1408
16.1361	3409	273	1408
16.1399	3410	270	208
16.1457	3411	275	1408
16.1515	3412	274	1408
16.1552	3413	272	208
16.1582	3414	274	1408
16.1639	3415	273	1408
16.1677	3416	271	208
16.1706	3417	273	1408
16.1769	3418	273	1408
16.1801	3419	271	208
16.186	3420	275	1408
16.1922	3421	276	1411
16.198	3422	274	1408
16.2017	3423	272	208
16.2047	3424	274	1408
16.2104	3425	274	1408
16.2137	3426	271	208
16.2171	3427	274	1408
16.2229	3428	273	1408
16.2261	3429	271	208
16.2296	3430	273	1408
16.2382	3431	275	1408
16.2419	3432	272	208
16.2449	3433	274	1408
16.2507	3434	274	1408
16.2544	3435	272	208
16.2574	3436	274	1408
16.2631	3437	274	1408
16.2668	3438	271	208
16.2727	3439	276	1408
16.2789	3440	276	1408
16.2822	3441	274	208
16.2852	3442	276	1408
16.2914	3443	276	1408
16.2946	3444	273	208
16.2976	3445	275	1408
16.3038	3446	275	1408
16.3076	3447	273	208
16.3134	3448	278	1408
16.3163	3449	275	1408
16.3229	3450	275	208
16.3259	3451	277	1408
16.3316	3452	278	1408
16.3325	3453	274	208
16.3383	3454	279	1408
16.3441	3455	279	1408
16.3478	3456	277	208
16.3508	3457	279	1408
16.3565	3458	280	1408
16.3574	3459	276	208
16.3632	3460	281	1408
16.369	3461	280	1408
16.3727	3462	279	208
16.3757	3463	281	1408
16.3786	3464	279	1408
16.3823	3465	278	208
16.3853	3466	280	1408
16.391	3467	281	1408
16.3948	3468	278	208
16.3977	3469	280	1408
16.4035	3470	281	1408
16.4072	3471	280	208
16.4131	3473	280	1408
16.4168	3474	277	208
16.4198	3475	280	1408
16.4255	3476	280	1408
16.4293	3477	279	208
16.4322	3478	281	1408
16.438	3479	281	1408
16.4417	3480	279	208
16.4447	3481	282	1408
16.4476	3482	279	1408
16.4513	3483	278	208
16.4543	3484	280	1408
16.46	3485	281	1408
16.4637	3486	279	208
16.4667	3487	281	1408
16.4725	3488	281	1408
16.4733	3489	277	208
16.4763	3490	279	1408
16.482	3491	280	1408
16.4858	3492	278	208
16.4888	3493	280	1408
16.4945	3494	281	1408
16.4954	3495	276	208
16.5012	3496	281	1408
16.5046	3497	279	1408
16.5078	3498	277	208
16.5108	3499	279	1408
16.5165	3500	280	1408
16.5198	3501	277	208
16.5228	3502	279	1408
16.529	3503	280	1408
16.5323	3504	279	208
16.5352	3505	281	1408
16.5386	3506	279	1408
16.5447	3507	279	208
16.5477	3508	282	1408
16.5539	3509	282	1408
16.5572	3510	281	208
16.5601	3511	283	1408
16.5667	3513	278	208
16.5697	3514	281	1408
16.5759	3515	281	1408
16.5792	3516	280	208
16.5822	3517	282	1408
16.5884	3518	283	1408
16.5917	3519	281	208
16.598	3521	280	1408
16.6012	3522	279	208
16.6042	3523	281	1408
16.6104	3524	282	1408
16.6162	3526	282	1408
16.6228	3528	277	208
16.6258	3529	279	1408
16.632	3530	280	1408
16.6353	3531	279	208
16.6382	3532	281	1408
16.6445	3533	282	1408
16.6477	3534	279	208
16.6507	3535	282	1408
16.654	3536	280	1408
16.6573	3537	278	208
16.6603	3538	280	1408
16.6665	3539	281	1408
16.6697	3540	278	208
16.6727	3541	281	1408
16.6789	3542	281	1408
16.6822	3543	281	208
16.6856	3545	279	1408
16.6889	3546	278	208
16.6919	3547	280	1408
16.698	3549	279	208
16.701	3550	280	1408
16.7043	3551	280	1408
16.7076	3552	279	208
16.7106	3553	281	1408
16.7134	3554	280	1408
16.7172	3555	279	208
16.7201	3556	282	1408
16.7259	3557	282	1408
16.7321	3560	280	1408
16.7354	3561	279	208
16.7384	3562	281	1408
16.745	3564	279	208
16.7479	3565	281	1408
16.7508	3566	280	1408
16.7545	3567	280	208
16.7575	3568	282	1408
16.7641	3571	276	208
16.7671	3572	279	1408
16.7729	3573	279	1408
16.7761	3574	279	208
16.7791	3575	281	1408
16.7828	3577	276	208
16.7858	3578	278	1408
16.7915	3579	280	1408
16.7948	3580	279	208
16.7978	3581	281	1408
16.8015	3583	277	208
16.8074	3584	282	1408
16.8102	3585	281	1408
16.8106	3586	276	208
16.8136	3587	279	1408
16.8198	3588	281	1408
16.8231	3589	280	208
16.826	3590	283	1408
16.8298	3592	277	208
16.8361	3594	279	1408
16.8394	3595	278	208
16.8423	3596	280	1408
16.8489	3598	277	208
16.8524	3600	277	1408
16.8556	3601	275	208
16.8586	3602	278	1408
16.8648	3603	278	1408
16.871	3604	278	208
16.8773	3606	278	1408
16.8806	3607	275	208
16.8835	3608	278	1408
16.8864	3609	277	1408
16.893	3610	276	208
16.896	3611	278	1408
16.9022	3612	278	1408
16.9055	3613	275	208
16.9084	3614	278	1408
16.9487	3615	262	1411
16.9545	3616	261	1411
16.9611	3617	261	211
16.964	3618	263	1411
16.9732	3619	265	1408
16.9769	3620	261	208
16.9799	3621	263	1408
16.989	3622	265	1408
16.9922	3623	262	208
16.9985	3624	267	1408
17.0048	3625	266	1408
17.0109	3626	264	208
17.0139	3627	266	1408
17.023	3628	268	1408
17.0292	3629	268	1411
17.0353	3630	267	208
17.0383	3631	269	1411
17.0474	3632	271	1408
17.0565	3633	273	1408
17.0603	3634	270	208
17.0632	3635	272	1408
17.0723	3636	273	1408
17.079	3637	272	211
17.0819	3638	274	1411
17.0857	3639	271	208
17.0915	3640	273	1411
17.0973	3641	276	1408
17.1064	3642	279	1408
17.1126	3643	278	1411
17.1184	3644	279	1411
17.125	3645	279	208
17.128	3646	281	1408
17.1337	3647	282	1408
17.1371	3648	280	1411
17.1462	3650	283	1408
17.149	3651	280	1408
17.1553	3652	281	1411
17.159	3653	279	208
17.162	3654	280	1408
17.1677	3655	280	1408
17.1686	3656	276	208
17.1716	3657	278	1408
17.1835	3659	279	1411
17.1898	3660	279	1411
17.193	3661	278	208
17.196	3662	280	1408
17.2022	3663	280	1411
17.208	3664	280	1411
17.2142	3665	281	1408
17.2175	3666	278	208
17.2205	3667	280	1408
17.2267	3668	281	1408
17.2329	3669	281	1411
17.2362	3670	280	208
17.2391	3671	282	1408
17.2486	3673	279	208
17.2516	3674	282	1408
17.255	3675	279	1408
17.2587	3676	277	208
17.2617	3677	280	1408
17.2679	3678	280	1408
17.2711	3679	278	208
17.2741	3680	281	1408
17.2803	3681	281	1408
17.2841	3682	279	208
17.287	3683	281	1408
17.2937	3685	276	208
17.2966	3686	278	1408
17.3024	3687	278	1408
17.3061	3688	277	208
17.3091	3689	279	1408
17.3148	3690	278	1408
17.3186	3691	275	208
17.3215	3692	278	1408
17.3273	3693	277	1408
17.3339	3694	274	208
17.3369	3695	277	1408
17.346	3696	277	1408
17.3497	3697	275	208
17.3527	3698	278	1408
17.3584	3699	274	1408
17.365	3700	272	208
17.368	3701	275	1408
17.3742	3702	275	1408
17.3775	3703	269	208
17.3805	3704	272	1408
17.3896	3705	272	1408
17.3933	3706	267	208
17.3963	3707	270	1408
17.402	3708	269	1408
17.4024	3709	260	208
17.4054	3710	263	1408
17.4083	3711	256	1408
17.4091	3712	248	208
17.4121	3713	251	1408
17.4178	3714	250	1408
17.424	3715	247	208
17.4269	3716	250	1408
17.4332	3717	251	1408
17.4393	3718	251	208
17.4423	3719	253	1408
17.4514	3720	253	1408
17.4546	3721	251	208
17.4576	3722	253	1408
17.4634	3723	253	1408
17.47	3724	253	211
17.4705	3725	254	208
17.4734	3726	256	1408
17.4797	3727	256	1408
17.4829	3728	253	208
17.4859	3729	256	1408
17.4921	3730	257	1408
17.4987	3731	257	208
17.5017	3732	259	1408
17.5075	3733	260	1408
17.5137	3734	260	1411
17.5198	3735	260	208
17.5228	3736	263	1408
17.529	3737	264	1408
17.5323	3738	261	208
17.5362	3739	264	1408
17.542	3740	263	1408
17.5481	3741	264	208
17.5511	3742	267	1408
17.5568	3743	266	1408
17.5634	3744	267	208
17.5664	3745	269	1408
17.5722	3746	269	1408
17.5754	3747	266	208
17.5784	3748	269	1408
17.5875	3749	269	1411
17.5938	3750	270	1408
17.5999	3751	270	208
17.6029	3752	272	1408
17.6091	3753	274	1408
17.6123	3754	271	208
17.6158	3755	273	1408
17.6244	3756	276	1408
17.6281	3757	275	208
17.6311	3758	277	1408
17.6369	3759	276	1408
17.6431	3760	278	1411
17.6559	3761	271	208
17.6589	3762	274	1408
17.6651	3763	274	1408
17.6713	3764	274	208
17.6742	3765	276	1408
17.6833	3766	277	1408
17.69	3767	273	208
17.6929	3768	276	1408
17.6992	3769	276	1408
17.7058	3770	276	208
17.7087	3771	278	1408
17.7145	3772	276	1408
17.7149	3773	270	208
17.7212	3774	276	1408
17.7269	3775	275	1408
17.7307	3776	271	208
17.7336	3777	274	1408
17.7428	3778	276	1408
17.746	3779	274	208
17.749	3780	275	1408
17.7552	3781	275	1408
17.7589	3782	272	208
17.7619	3783	274	1408
17.7677	3784	273	1408
17.7743	3785	274	208
17.7772	3786	276	1408
17.783	3787	274	1408
17.7867	3788	272	208
17.7897	3789	274	1408
17.7959	3790	273	1408
17.7992	3791	271	208
17.805	3792	276	1408
17.8113	3793	275	1408
17.8145	3794	272	208
17.8175	3795	274	1408
17.8266	3796	276	1408
17.8274	3797	271	208
17.8333	3798	276	1408
17.839	3799	275	1408
17.8428	3800	272	208
17.8486	3801	277	1408
17.8549	3802	276	1408
17.8581	3803	274	208
17.8611	3804	276	1408
17.8673	3805	275	1408
17.8706	3806	272	208
17.8735	3807	274	1408
17.8826	3808	276	1408
17.8864	3809	274	208
17.8893	3810	276	1408
17.8951	3811	275	1408
17.8988	3812	272	208
17.9047	3813	277	1408
17.9109	3814	276	1408
17.9142	3815	274	208
17.9171	3816	276	1408
17.9234	3817	275	1408
17.93	3818	275	208
17.9329	3819	277	1408
17.9387	3820	276	1408
17.9424	3821	274	208
17.9454	3822	276	1408
17.9545	3823	278	1408
17.9578	3824	275	208
17.9607	3825	277	1408
17.9698	3826	279	1408
17.9736	3827	277	208
17.9765	3828	279	1408
17.9823	3829	278	1408
17.9889	3830	278	208
17.9919	3831	280	1408
17.9981	3832	280	1408
18.0076	3833	278	208
18.0139	3835	277	1408
18.0205	3836	276	208
18.0235	3837	279	1408
18.0292	3838	276	1408
18.0358	3839	272	208
18.0388	3840	275	1408
18.045	3841	275	1408
18.0517	3842	273	208
18.0546	3843	276	1408
18.0604	3844	275	1408
18.0641	3845	273	208
18.0671	3846	275	1408
18.0728	3847	273	1408
18.0766	3848	271	208
18.0824	3849	276	1408
18.0886	3850	275	1408
18.0919	3851	272	208
18.0949	3852	274	1408
18.1011	3853	274	1408
18.1048	3854	271	208
18.1107	3855	276	1408
18.1164	3856	275	1408
18.1202	3857	273	208
18.1231	3858	275	1408
18.1294	3859	274	1408
18.1355	3860	274	208
18.1385	3861	276	1408
18.1447	3862	275	1408
18.148	3863	272	208
18.1509	3864	274	1408
18.16	3865	277	1408
18.1638	3866	274	208
18.1667	3867	276	1408
18.1725	3868	275	1408
18.1762	3869	273	208
18.1792	3870	275	1408
18.1854	3871	274	1408
18.1915	3872	273	208
18.1945	3873	276	1408
18.2007	3874	275	1408
18.204	3875	273	208
18.207	3876	274	1408
18.2161	3877	277	1408
18.2198	3878	274	208
18.2228	3879	276	1408
18.2285	3880	275	1408
18.2323	3881	273	208
18.2352	3882	275	1408
18.2443	3883	277	1408
18.2476	3884	273	208
18.2506	3885	276	1408
18.2568	3886	275	1408
18.2601	3887	273	208
18.2635	3888	275	1408
18.2721	3889	277	1408
18.2759	3890	272	208
18.2788	3891	275	1408
18.2879	3892	277	1408
18.2912	3893	275	208
18.2942	3894	277	1408
18.3004	3895	276	1408
18.3037	3896	273	208
18.31	3897	278	1408
18.3157	3898	276	1408
18.3223	3899	276	208
18.3253	3900	279	1408
18.3315	3901	278	1408
18.3381	3902	277	208
18.3411	3903	280	1408
18.3469	3904	278	1408
18.3622	3905	278	1411
18.3659	3906	275	208
18.3689	3907	277	1408
18.3747	3908	277	1408
18.3784	3909	274	208
18.3814	3910	276	1408
18.3905	3911	279	1408
18.3937	3912	275	208
18.3967	3913	277	1408
18.4029	3914	277	1408
18.4062	3915	274	208
18.4092	3916	276	1408
18.4154	3917	276	1408
18.422	3918	275	208
18.425	3919	277	1408
18.4307	3920	277	1408
18.4344	3921	274	208
18.4374	3922	276	1408
18.4465	3923	279	1408
18.4498	3924	275	208
18.4527	3925	277	1408
18.459	3926	277	1408
18.4627	3927	274	208
18.4686	3928	279	1408
18.4743	3929	279	1408
18.478	3930	276	208
18.481	3931	278	1408
18.4868	3932	277	1408
18.4905	3933	274	208
18.4935	3934	276	1408
18.4997	3935	276	1408
18.5058	3936	275	208
18.5088	3937	277	1408
18.515	3938	278	1408
18.5188	3939	274	208
18.5246	3940	279	1408
18.5304	3941	279	1408
18.5341	3942	276	208
18.5371	3943	278	1408
18.5428	3944	277	1408
18.5466	3945	274	208
18.5524	3946	279	1408
18.5586	3947	279	1408
18.5619	3948	275	208
18.5649	3949	277	1408
18.5711	3950	278	1408
18.5748	3951	274	208
18.5807	3952	279	1408
18.5864	3953	279	1408
18.5901	3954	276	208
18.5931	3955	278	1408
18.5993	3956	278	1408
18.6055	3957	277	208
18.6084	3958	279	1408
18.6147	3959	279	1408
18.6179	3960	275	208
18.6214	3961	278	1408
18.63	3962	281	1408
18.6337	3963	275	208
18.6367	3964	278	1408
18.6458	3965	280	1408
18.6491	3966	278	208
18.652	3967	280	1408
18.6583	3968	278	1408
18.6649	3969	278	208
18.6679	3970	280	1408
18.6773	3972	276	208
18.6803	3973	278	1408
18.6894	3974	278	1408
18.6931	3975	276	208
18.6961	3976	278	1408
18.7115	3977	275	1408
18.7118	3978	269	208
18.7177	3979	273	1408
18.7239	3980	273	1408
18.7272	3981	270	208
18.7335	3982	273	1408
18.7392	3983	273	1408
18.743	3984	269	208
18.7459	3985	271	1408
18.755	3986	274	1408
18.7583	3987	270	208
18.7613	3988	272	1408
18.7675	3989	271	1408
18.7741	3990	272	208
18.7771	3991	274	1408
18.7828	3992	272	1408
18.7866	3993	269	208
18.7895	3994	271	1408
18.7953	3995	270	1408
18.799	3996	267	208
18.8049	3997	271	1408
18.8111	3998	271	1408
18.8144	3999	268	208
18.8173	4000	270	1408
18.8264	4001	272	1408
18.8302	4002	269	208
18.8331	4003	271	1408
18.8389	4004	269	1408
18.8455	4005	269	208
18.8485	4006	271	1408
18.8547	4007	270	1408
18.858	4008	267	208
18.8643	4009	273	1408
18.87	4010	272	1408
18.8738	4011	268	208
18.8767	4012	270	1408
18.883	4013	269	1408
18.8891	4014	269	208
18.8921	4015	271	1408
18.8983	4016	270	1408
18.9015	4017	267	208
18.9045	4018	269	1408
18.9136	4019	271	1408
18.9174	4020	268	208
18.9203	4021	270	1408
18.9261	4022	269	1408
18.9327	4023	268	208
18.9357	4024	270	1408
18.9419	4025	269	1408
18.9451	4026	267	208
18.9486	4027	269	1408
18.9572	4028	271	1408
18.961	4029	267	208
18.9639	4030	269	1408
18.9701	4031	269	1408
18.9763	4032	268	208
18.9793	4033	270	1408
18.9884	4034	272	1408
18.9921	4035	270	208
18.9951	4036	272	1408
19.0042	4037	274	1408
19.0074	4038	270	208
19.0109	4039	272	1408
19.0195	4040	274	1408
19.0257	4041	273	1411
19.0295	4042	271	208
19.0353	4043	275	1408
19.0411	4044	275	1408
19.0477	4045	274	208
19.0506	4046	276	1408
19.0569	4047	275	1408
19.0635	4048	275	208
19.0665	4049	277	1408
19.0722	4050	276	1408
19.0759	4051	273	208
19.0789	4052	275	1408
19.088	4053	278	1408
19.0884	4054	272	208
19.0914	4055	275	1408
19.0971	4056	275	1408
19.1008	4057	272	208
19.1067	4058	277	1408
19.1129	4059	278	1408
19.1162	4060	276	208
19.1192	4061	278	1408
19.1254	4062	279	1408
19.1286	4063	276	208
19.1316	4064	278	1408
19.1378	4065	279	1408
19.1411	4066	277	208
19.1441	4067	279	1408
19.1503	4068	280	1408
19.154	4069	278	208
19.1627	4071	280	1408
19.1665	4072	278	208
19.1695	4073	280	1408
19.1752	4074	281	1408
19.1789	4075	278	208
19.1819	4076	280	1408
19.1877	4077	281	1408
19.1914	4078	279	208
19.1944	4079	281	1408
19.2001	4080	281	1408
19.201	4081	276	208
19.2068	4082	281	1408
19.2097	4083	278	1408
19.2134	4084	277	208
19.2164	4085	279	1408
19.2259	4087	277	208
19.2289	4088	279	1408
19.2351	4089	280	1408
19.2383	4090	278	208
19.2413	4091	280	1408
19.2475	4092	280	1408
19.2508	4093	278	208
19.2538	4094	280	1408
19.26	4095	280	1408
19.2633	4096	279	208
19.2667	4097	281	1408
19.2725	4098	281	1408
19.2728	4099	276	208
19.2792	4100	282	1408
19.2849	4101	281	1408
19.2886	4102	279	208
19.2916	4103	282	1408
19.2974	4104	282	1408
19.2982	4105	277	208
19.3012	4106	280	1408
19.3069	4107	279	1408
19.3107	4108	277	208
19.3136	4109	280	1408
19.3199	4110	280	1408
19.3231	4111	278	208
19.3261	4112	280	1408
19.3295	4113	278	1408
19.3327	4114	275	208
19.3357	4115	277	1408
19.3419	4116	278	1408
19.3485	4117	279	208
19.3544	4119	279	1408
19.3581	4120	277	208
19.3611	4121	279	1408
19.3668	4122	279	1408
19.3706	4123	277	208
19.3798	4125	280	1408
19.3801	4126	275	208
19.386	4127	279	1408
19.3889	4128	277	1408
19.3955	4129	278	208
19.3984	4130	280	1408
19.4013	4131	278	1408
19.405	4132	276	208
19.4109	4133	280	1408
19.4175	4135	276	208
19.4205	4136	278	1408
19.4267	4137	278	1408
19.43	4138	276	208
19.4329	4139	278	1408
19.4392	4140	279	1408
19.4395	4141	275	208
19.4454	4142	280	1408
19.4483	4143	279	1408
19.4491	4144	275	208
19.4521	4145	278	1408
19.4578	4146	278	1408
19.4582	4147	275	208
19.4645	4148	280	1408
19.4683	4150	275	208
19.4741	4151	280	1408
19.4807	4153	274	208
19.4837	4154	276	1408
19.4895	4155	275	1408
19.4961	4156	274	208
19.499	4157	276	1408
19.5053	4158	275	1408
19.5139	4159	275	1411
19.5176	4160	272	208
19.5206	4161	274	1408
19.5268	4162	272	1408
19.533	4163	271	208
19.5393	4164	276	1408
19.545	4165	275	1408
19.5488	4166	271	208
19.5518	4167	272	1408
19.5575	4168	271	1408
19.5641	4169	270	208
19.5671	4170	272	1408
19.5887	4171	255	1411
19.5944	4172	258	1408
19.601	4173	258	208
19.604	4174	259	1408
19.6126	4175	260	1408
19.6164	4176	257	208
19.6193	4177	259	1408
19.628	4178	259	1408
19.6566	4179	244	208
19.6596	4180	247	1408
19.6716	4181	247	1411
19.6749	4182	245	1408
19.6782	4183	243	208
19.684	4184	248	1408
19.6903	4185	249	1408
19.696	4186	247	1411
19.6964	4187	242	208
19.6994	4188	244	1408
19.7022	4189	241	1408
19.706	4190	239	208
19.7089	4191	241	1408
19.7147	4192	241	1408
19.7151	4193	236	208
19.718	4194	239	1408
19.7209	4195	235	1408
19.73	4196	239	1411
19.7333	4197	236	208
19.7363	4198	239	1408
19.7425	4199	239	1408
19.7462	4200	237	208
19.7521	4201	242	1408
19.7578	4202	242	1408
19.7616	4203	240	208
19.7645	4204	242	1408
19.7703	4205	243	1408
19.7769	4206	243	208
19.7799	4207	245	1408
19.7861	4208	246	1411
19.7918	4209	246	1408
19.801	4210	249	1411
19.8047	4211	247	208
19.8077	4212	249	1408
19.8134	4213	249	1408
19.8171	4214	247	208
19.823	4215	251	1408
19.8292	4216	252	1408
19.8325	4217	249	208
19.8354	4218	251	1408
19.8446	4219	254	1408
19.8483	4220	252	208
19.8513	4221	254	1408
19.857	4222	254	1408
19.8636	4223	254	208
19.8666	4224	256	1408
19.8728	4225	256	1408
19.8794	4226	257	208
19.8824	4227	260	1408
19.8881	4228	260	1408
19.8919	4229	257	208
19.8949	4230	259	1408
19.9006	4231	259	1408
19.9072	4232	260	208
19.9102	4233	262	1408
19.9164	4234	262	1408
19.923	4235	263	208
19.926	4236	264	1408
19.9317	4237	264	1408
19.9355	4238	262	208
19.9384	4239	264	1408
19.9476	4240	267	1408
19.9508	4241	264	208
19.9538	4242	266	1408
19.96	4243	267	1408
19.9666	4244	267	208
19.9696	4245	269	1408
19.9753	4246	269	1408
19.9791	4247	267	208
19.9849	4248	271	1408
19.9911	4249	272	1408
19.9944	4250	269	208
19.9974	4251	271	1408
