0.0630974	1	54	1404
0.0659696	2	56	1406
0.0663456	3	57	206
0.0693136	4	60	1406
0.0721856	5	63	1406
0.0725616	6	63	206
0.0755296	7	66	1406
0.0784016	8	69	1406
0.0787776	9	69	206
0.0817456	10	72	1406
0.0846176	11	75	1406
0.0849936	12	71	206
0.0879616	13	73	1406
0.0937016	14	74	1406
0.163702	15	50	206
0.167294	16	53	1406
0.177758	17	53	1406
0.18435	18	51	206
0.187814	19	53	1406
0.195158	20	53	1406
0.200306	21	51	206
0.203274	22	54	1406
0.209898	23	53	1406
0.213306	24	51	206
0.216898	25	53	1406
0.222898	26	53	1406
0.227306	27	51	206
0.230898	28	53	1406
0.237898	29	54	1406
0.240306	30	51	206
0.243898	31	53	1406
0.250898	32	53	1406
0.255922	33	52	206
0.25889	34	54	1406
0.263898	35	53	1406
0.267307	36	51	206
0.270491	37	53	1406
0.275491	38	53	1406
0.278739	39	51	206
0.281955	40	53	1406
0.287699	41	54	1406
0.288075	42	51	206
0.292011	43	54	1406
0.298227	44	55	1406
0.298763	45	50	206
0.302355	46	53	1406
0.308099	47	54	1406
0.308879	48	50	206
0.312471	49	53	1406
0.318687	50	54	1406
0.320503	51	51	206
0.326506	52	56	1406
0.329378	53	54	1406
0.329911	54	50	206
0.333503	55	53	1406
0.339247	56	54	1406
0.34301	57	53	206
0.345978	58	54	1406
0.350095	59	54	1406
0.353815	60	53	206
0.356783	61	55	1406
0.359655	62	53	1406
0.36301	63	52	206
0.366087	64	54	1406
0.370504	65	53	1406
0.374226	66	54	207
0.377196	67	56	1407
0.38007	68	56	1407
0.380448	69	53	207
0.38629	70	58	1407
0.389164	71	58	1407
0.389542	72	54	207
0.392512	73	57	1407
0.39873	74	60	1407
0.399108	75	58	207
0.402078	76	60	1407
0.407824	77	62	1407
0.408202	78	60	207
0.411172	79	63	1407
0.414046	80	63	1407
0.417768	81	63	207
0.420738	82	65	1407
0.423612	83	65	1407
0.426862	84	65	207
0.429832	85	68	1407
0.432706	86	68	1407
0.433084	87	66	207
0.436054	88	69	1407
0.442272	89	72	1407
0.44265	90	69	207
0.44562	91	72	1407
0.448494	92	72	1407
0.451744	93	72	207
0.454714	94	75	1407
0.457588	95	75	1407
0.46131	96	76	207
0.46428	97	79	1407
0.467154	98	79	1407
0.467532	99	77	207
0.470502	100	79	1407
0.473376	101	80	1407
0.476626	102	80	207
0.479596	103	83	1407
0.48247	104	83	1407
0.48332	105	82	207
0.489162	106	87	1407
0.492036	107	88	1407
0.492414	108	85	207
0.495384	109	88	1407
0.50113	110	91	1407
0.501508	111	89	207
0.504478	112	91	1407
0.507352	113	92	1407
0.508202	114	90	207
0.511172	115	93	1407
0.516918	116	96	1407
0.517296	117	94	207
0.520266	118	97	1407
0.52314	119	98	1407
0.52639	120	98	207
0.52936	121	101	1407
0.532234	122	101	1407
0.532612	123	99	207
0.535582	124	102	1407
0.5418	125	105	1407
0.542178	126	104	207
0.545148	127	106	1407
0.550894	128	109	1407
0.551272	129	108	207
0.554242	130	110	1407
0.557116	131	111	1407
0.557494	132	109	207
0.560464	133	111	1407
0.566682	134	115	1407
0.56706	135	114	207
0.57003	136	116	1407
0.572904	137	116	1407
0.573282	138	115	207
0.579124	139	120	1407
0.581998	140	120	1407
0.582376	141	118	207
0.585346	142	121	1407
0.588692	143	122	1407
0.591942	144	121	207
0.594912	145	124	1407
0.597786	146	124	1407
0.601036	147	126	207
0.604006	148	129	1407
0.610228	149	131	1407
0.610606	150	128	207
0.613576	151	131	1407
0.619324	152	133	1407
0.62305	153	131	207
0.62602	154	134	1407
0.628894	155	134	1407
0.632146	156	136	207
0.635116	157	138	1407
0.641338	158	142	1407
0.641716	159	140	207
0.644686	160	143	1407
0.650434	161	146	1407
0.650812	162	143	207
0.653782	163	146	1407
0.662878	164	148	1407
0.663256	165	146	207
0.666226	166	149	1407
0.672448	167	152	1407
0.672826	168	150	207
0.675796	169	153	1407
0.681544	170	157	1407
0.681922	171	155	207
0.684892	172	158	1407
0.691114	173	162	1407
0.691492	174	159	207
0.694462	175	161	1407
0.70021	176	161	1407
0.703936	177	161	207
0.706906	178	164	1407
0.70978	179	164	1407
0.713032	180	166	207
0.71935	181	168	1407
0.722224	182	169	1407
0.722602	183	167	207
0.728446	184	171	1407
0.73132	185	173	1407
0.731698	186	171	207
0.734668	187	173	1407
0.74089	188	173	1407
0.741268	189	173	207
0.744238	190	174	1407
0.749986	191	176	1407
0.750364	192	176	207
0.753334	193	178	1407
0.759556	194	180	1407
0.762808	195	180	207
0.765778	196	183	1407
0.768652	197	183	1407
0.772378	198	181	207
0.775348	199	184	1407
0.781096	200	186	1407
0.781474	201	181	207
0.784444	202	184	1407
0.790666	203	186	1407
0.791044	204	184	207
0.794014	205	187	1407
0.796888	206	186	1407
0.80014	207	184	207
0.80311	208	187	1407
0.805984	209	185	1407
0.806362	210	184	207
0.809332	211	187	1407
0.815554	212	186	1407
0.815932	213	183	207
0.818902	214	186	1407
0.821776	215	186	1407
0.825028	216	187	207
0.827998	217	189	1407
0.830872	218	185	1407
0.83125	219	184	207
0.83422	220	187	1407
0.840442	221	186	1407
0.84082	222	180	207
0.84379	223	183	1407
0.846664	224	183	1407
0.849916	225	180	207
0.852886	226	183	1407
0.85576	227	179	1407
0.856138	228	178	207
0.859108	229	181	1407
0.86533	230	180	1407
0.868582	231	177	207
0.871552	232	180	1407
0.874426	233	180	1407
0.878152	234	178	207
0.881122	235	181	1407
0.883996	236	180	1407
0.890596	237	178	207
0.893566	238	181	1407
0.89644	239	180	1407
0.899692	240	177	207
0.902662	241	180	1407
0.905536	242	180	1407
0.909262	243	178	207
0.912232	244	181	1407
0.915106	245	181	1407
0.918358	246	177	207
0.921328	247	180	1407
0.924202	248	180	1407
0.927928	249	177	207
0.930898	250	180	1407
0.936646	251	179	1407
0.940372	252	181	207
0.943342	253	184	1407
0.94909	254	180	1407
0.949468	255	177	207
0.95244	256	180	1408
0.958664	257	180	1408
0.959044	258	178	208
0.962016	259	181	1408
0.964892	260	180	1408
0.968146	261	178	208
0.971118	262	181	1408
0.977342	263	183	1408
0.977722	264	177	208
0.980694	265	180	1408
0.986444	266	183	1408
0.990172	267	181	208
0.993144	268	184	1408
0.998894	269	183	1408
0.999274	270	181	208
1.00225	271	184	1408
1.00512	272	180	1408
1.00885	273	177	208
1.01182	274	180	1408
1.0147	275	180	1408
1.01795	276	177	208
1.02092	277	180	1408
1.0238	278	179	1408
1.02753	279	181	208
1.0305	280	184	1408
1.03625	281	183	1408
1.03663	282	180	208
1.0396	283	183	1408
1.04583	284	186	1408
1.04908	285	184	208
1.05205	286	187	1408
1.05828	287	190	1408
1.05866	288	187	208
1.06163	289	190	1408
1.06738	290	189	1408
1.06776	291	187	208
1.07073	292	190	1408
1.07695	293	192	1408
1.08021	294	190	208
1.08318	295	193	1408
1.08606	296	193	1408
1.08644	297	190	208
1.08941	298	193	1408
1.09563	299	193	1408
1.09601	300	191	208
1.09898	301	193	1408
1.10186	302	192	1408
1.10511	303	190	208
1.10809	304	193	1408
1.11096	305	189	1408
1.11134	306	187	208
1.11431	307	190	1408
1.12054	308	189	1408
1.12092	309	186	208
1.12389	310	189	1408
1.12964	311	186	1408
1.13002	312	184	208
1.13299	313	186	1408
1.13922	314	187	1408
1.1396	315	184	208
1.14257	316	187	1408
1.15167	317	189	1408
1.15205	318	187	208
1.15502	319	190	1408
1.16077	320	189	1408
1.16115	321	187	208
1.16412	322	190	1408
1.17322	323	193	1408
1.1736	324	187	208
1.17657	325	190	1408
1.18279	326	189	1408
1.18605	327	187	208
1.18902	328	190	1408
1.1919	329	189	1408
1.19562	330	187	208
1.1986	331	190	1408
1.20147	332	189	1408
1.20185	333	187	208
1.20482	334	190	1408
1.21057	335	189	1408
1.2143	336	187	208
1.21727	337	190	1408
1.22302	338	193	1408
1.22675	339	190	208
1.22972	340	193	1408
1.2326	341	189	1408
1.23585	342	187	208
1.23883	343	190	1408
1.2417	344	189	1408
1.24208	345	187	208
1.24505	346	190	1408
1.25128	347	190	1408
1.25453	348	190	208
1.2575	349	193	1408
1.26038	350	189	1408
1.26411	351	191	208
1.26708	352	194	1408
1.27283	353	192	1408
1.27656	354	190	208
1.27953	355	193	1408
1.28241	356	193	1408
1.28279	357	187	208
1.28576	358	190	1408
1.29151	359	189	1408
1.29524	360	187	208
1.29821	361	190	1408
1.30108	362	190	1408
1.30434	363	187	208
1.30731	364	190	1408
1.31019	365	190	1408
1.31391	366	186	208
1.31689	367	189	1408
1.32264	368	189	1408
1.32302	369	187	208
1.32599	370	189	1408
1.33221	371	193	1408
1.33547	372	190	208
1.33844	373	193	1408
1.34131	374	192	1408
1.34169	375	190	208
1.34467	376	193	1408
1.35089	377	192	1408
1.35127	378	190	208
1.35424	379	193	1408
1.35999	380	195	1408
1.36372	381	193	208
1.36669	382	196	1408
1.36957	383	196	1408
1.36995	384	190	208
1.37292	385	193	1408
1.37867	386	195	1408
1.37905	387	190	208
1.38202	388	193	1408
1.3849	389	192	1408
1.38863	390	187	208
1.3916	391	190	1408
1.39447	392	189	1408
1.39773	393	187	208
1.4007	394	190	1408
1.40358	395	189	1408
1.41018	396	187	208
1.41315	397	190	1408
1.41937	398	193	1408
1.41975	399	187	208
1.42273	400	190	1408
1.42848	401	189	1408
1.42886	402	187	208
1.43183	403	190	1408
1.4347	404	186	1408
1.43556	405	184	208
1.43853	406	187	1408
1.44428	407	190	1408
1.44466	408	184	208
1.44763	409	187	1408
1.45051	410	183	1408
1.45376	411	180	208
1.45673	412	183	1408
1.45961	413	180	1408
1.45999	414	177	208
1.46296	415	180	1408
1.46919	416	181	1408
1.46957	417	178	208
1.47254	418	181	1408
1.47541	419	180	1408
1.47579	420	174	208
1.47877	421	177	1408
1.48452	422	177	1408
1.4849	423	174	208
1.48787	424	177	1408
1.49074	425	173	1408
1.49447	426	172	208
1.49744	427	175	1408
1.50032	428	171	1408
1.5007	429	168	208
1.50367	430	171	1408
1.50655	431	171	1408
1.5098	432	168	208
1.51277	433	171	1408
1.51565	434	167	1408
1.51603	435	165	208
1.519	436	168	1408
1.52523	437	168	1408
1.52561	438	165	208
1.52858	439	168	1408
1.53145	440	165	1408
1.53471	441	162	208
1.53768	442	165	1408
1.54056	443	164	1408
1.54094	444	158	208
1.54391	445	161	1408
1.55013	446	162	1408
1.55051	447	159	208
1.55348	448	162	1408
1.55636	449	162	1408
1.55674	450	156	208
1.55971	451	159	1408
1.56546	452	161	1408
1.56584	453	155	208
1.56881	454	158	1408
1.57169	455	155	1408
1.57254	456	153	208
1.57552	457	156	1408
1.58127	458	158	1408
1.58165	459	153	208
1.58462	460	156	1408
1.58749	461	155	1408
1.58787	462	153	208
1.59085	463	156	1408
1.5966	464	155	1408
1.59698	465	152	208
1.59995	466	155	1408
1.60282	467	152	1408
1.60368	468	150	208
1.60665	469	153	1408
1.6124	470	149	1408
1.61278	471	143	208
1.61575	472	146	1408
1.6215	473	149	1408
1.62188	474	143	208
1.62485	475	146	1408
1.62773	476	146	1408
1.62811	477	144	208
1.63108	478	147	1408
1.63731	479	149	1408
1.63769	480	143	208
1.64066	481	146	1408
1.64353	482	146	1408
1.64391	483	143	208
1.64689	484	145	1408
1.65264	485	144	1408
1.65636	486	140	208
1.65934	487	142	1408
1.66509	488	140	1408
1.66881	489	135	208
1.67179	490	137	1408
1.67754	491	136	1408
1.68126	492	132	208
1.68424	493	134	1408
1.68999	494	131	1408
1.69371	495	127	208
1.69669	496	129	1408
1.70244	497	128	1408
1.70616	498	124	208
1.70914	499	126	1408
1.71489	500	123	1408
1.71861	501	119	208
1.72159	502	121	1408
1.72734	503	120	1408
1.73106	504	116	208
1.73404	505	118	1408
1.73979	506	115	1408
1.74352	507	111	208
1.74649	508	113	1408
1.75224	509	112	1408
1.75597	510	107	208
1.75894	511	109	1408
1.7647	512	107	1408
1.76843	513	103	208
1.7714	514	105	1408
1.77715	515	104	1408
1.78088	516	99	208
1.78386	517	101	1408
1.78961	518	99	1408
1.79334	519	99	208
1.79631	520	102	1408
1.79919	521	101	1408
1.80244	522	100	208
1.80542	523	102	1408
1.80829	524	101	1408
1.80915	525	99	208
1.815	526	103	1408
1.81787	527	102	1408
1.82113	528	102	208
1.8241	529	105	1408
1.82698	530	103	1408
1.83071	531	103	208
1.83368	532	106	1408
1.83656	533	105	1408
1.83981	534	104	208
1.84278	535	106	1408
1.84566	536	105	1408
1.84652	537	103	208
1.85236	538	108	1408
1.85524	539	107	1408
1.8585	540	106	208
1.86147	541	109	1408
1.86434	542	108	1408
1.86808	543	108	208
1.87105	544	111	1408
1.87392	545	109	1408
1.87718	546	109	208
1.88015	547	111	1408
1.88303	548	110	1408
1.88388	549	107	208
1.88973	550	112	1408
1.89261	551	111	1408
1.89586	552	110	208
1.89884	553	113	1408
1.90171	554	112	1408
1.90544	555	112	208
1.90842	556	114	1408
1.91129	557	114	1408
1.91455	558	113	208
1.91752	559	115	1408
1.9204	560	114	1408
1.92125	561	112	208
1.9271	562	117	1408
1.92998	563	115	1408
1.93323	564	115	208
1.9362	565	118	1408
1.93908	566	117	1408
1.94281	567	116	208
1.94578	568	118	1408
1.94866	569	118	1408
1.95192	570	117	208
1.95489	571	119	1408
1.95776	572	118	1408
1.9615	573	119	208
1.96447	574	121	1408
1.96734	575	120	1408
1.9706	576	119	208
1.97357	577	122	1408
1.97645	578	121	1408
1.98018	579	121	208
1.98315	580	123	1408
1.98603	581	123	1408
1.98928	582	122	208
1.99226	583	124	1408
1.99513	584	123	1408
1.99886	585	122	208
2.00184	586	125	1408
2.00471	587	124	1408
2.00797	588	123	208
2.01094	589	126	1408
2.01382	590	125	1408
2.01755	591	125	208
2.02052	592	127	1408
2.0234	593	127	1408
2.02665	594	126	208
2.02962	595	128	1408
2.0325	596	127	1408
2.03623	597	127	208
2.0392	598	130	1408
2.04208	599	129	1408
2.04534	600	128	208
2.04831	601	131	1408
2.05118	602	130	1408
2.05492	603	129	208
2.05789	604	131	1408
2.06076	605	131	1408
2.06402	606	131	208
2.06699	607	132	1408
2.06987	608	131	1408
2.0736	609	131	208
2.07657	610	134	1408
2.07945	611	133	1408
2.0827	612	132	208
2.08568	613	135	1408
2.08855	614	134	1408
2.09228	615	134	208
2.09526	616	136	1408
2.09813	617	135	1408
2.10139	618	135	208
2.10436	619	137	1408
2.10724	620	136	1408
2.11097	621	135	208
2.11394	622	138	1408
2.11682	623	137	1408
2.12007	624	137	208
2.12304	625	140	1408
2.12592	626	138	1408
2.12965	627	138	208
2.13262	628	140	1408
2.13838	629	142	1408
2.13876	630	139	208
2.14173	631	141	1408
2.1446	632	140	1408
2.14834	633	140	208
2.15131	634	143	1408
2.15418	635	142	1408
2.15744	636	141	208
2.16041	637	144	1408
2.16376	638	143	1408
2.16702	639	143	208
2.16999	640	144	1408
2.17574	641	146	1408
2.17612	642	144	208
2.1791	643	146	1408
2.18245	644	145	1408
2.1857	645	144	208
2.18868	646	147	1408
2.19443	647	149	1408
2.19481	648	145	208
2.19778	649	147	1408
2.20401	650	151	1408
2.20439	651	147	208
2.20736	652	149	1408
2.21311	653	151	1408
2.21349	654	148	208
2.21646	655	150	1408
2.22269	656	152	1408
2.22307	657	149	208
2.22604	658	152	1408
2.2318	659	153	1408
2.23218	660	150	208
2.23515	661	152	1408
2.24138	662	155	1408
2.24176	663	151	208
2.24473	664	153	1408
2.25048	665	155	1408
2.25086	666	152	208
2.25383	667	154	1408
2.26006	668	157	1408
2.26044	669	154	208
2.26341	670	157	1408
2.26916	671	159	1408
2.26954	672	156	208
2.27252	673	159	1408
2.27539	674	159	1408
2.27912	675	160	208
2.2821	676	162	1408
2.28497	677	161	1408
2.28823	678	162	208
2.2912	679	165	1408
2.29408	680	165	1408
2.29446	681	162	208
2.2979	682	164	1408
2.30366	683	167	1408
2.30404	684	165	208
2.30701	685	168	1408
2.31276	686	169	1408
2.31314	687	167	208
2.31611	688	170	1408
2.31946	689	170	1408
2.32272	690	170	208
2.32569	691	172	1408
2.32857	692	172	1408
2.33182	693	172	208
2.3348	694	175	1408
2.33767	695	175	1408
2.33853	696	173	208
2.34438	697	178	1408
2.34725	698	178	1408
2.34763	699	175	208
2.3506	700	178	1408
2.35636	701	180	1408
2.35674	702	177	208
2.35971	703	180	1408
2.36594	704	183	1408
2.36632	705	181	208
2.36929	706	183	1408
2.37504	707	186	1408
2.37542	708	183	208
2.37839	709	186	1408
2.38127	710	186	1408
2.385	711	183	208
2.38797	712	186	1408
2.39085	713	186	1408
2.3941	714	184	208
2.39708	715	187	1408
2.4033	716	188	1408
2.40368	717	182	208
2.40666	718	185	1408
2.41241	719	186	1408
2.41614	720	184	208
2.41911	721	187	1408
2.42486	722	187	1408
2.42524	723	182	208
2.42822	724	185	1408
2.43444	725	186	1408
2.4377	726	183	208
2.44067	727	186	1408
2.44355	728	184	1408
2.44728	729	182	208
2.45025	730	185	1408
2.456	731	186	1408
2.45638	732	180	208
2.45936	733	183	1408
2.46558	734	184	1408
2.46884	735	181	208
2.47181	736	184	1408
2.47469	737	182	1408
2.47842	738	180	208
2.48139	739	183	1408
2.48714	740	184	1408
2.488	741	178	208
2.49097	742	181	1408
2.49672	743	182	1408
2.49998	744	181	208
2.50295	745	183	1408
2.50583	746	182	1408
2.50956	747	182	208
2.51253	748	185	1408
2.51541	749	184	1408
2.51866	750	183	208
2.52164	751	186	1408
2.52451	752	185	1408
2.52824	753	185	208
2.53122	754	187	1408
2.53409	755	187	1408
2.53735	756	186	208
2.54032	757	188	1408
2.5432	758	187	1408
2.54693	759	186	208
2.5499	760	189	1408
2.55278	761	188	1408
2.55603	762	188	208
2.559	763	191	1408
2.56188	764	189	1408
2.56561	765	189	208
2.56858	766	191	1408
2.57146	767	190	1408
2.57472	768	190	208
2.57769	769	192	1408
2.58392	770	194	1408
2.5843	771	191	208
2.58727	772	194	1408
2.59302	773	196	1408
2.59388	774	192	208
2.59685	775	195	1408
2.6026	776	197	1408
2.60586	777	196	208
2.60883	778	198	1408
2.61506	779	201	1408
2.61544	780	198	208
2.61841	781	200	1408
2.62416	782	202	1408
2.62454	783	198	208
2.62799	784	201	1408
2.63374	785	203	1408
2.637	786	202	208
2.63997	787	205	1408
2.64284	788	204	1408
2.64658	789	204	208
2.64955	790	206	1408
2.6553	791	208	1408
2.65568	792	205	208
2.65913	793	208	1408
2.66488	794	209	1408
2.66814	795	209	208
2.67111	796	212	1408
2.67398	797	210	1408
2.67772	798	208	208
2.68069	799	211	1408
2.68644	800	212	1408
2.6873	801	209	208
2.69027	802	212	1408
2.69602	803	212	1408
2.69975	804	209	208
2.70272	805	212	1408
2.70848	806	214	1408
2.71173	807	211	208
2.7147	808	214	1408
2.72093	809	214	1408
2.72131	810	212	208
2.72428	811	214	1408
2.73004	812	215	1408
2.73377	813	212	208
2.73674	814	215	1408
2.74249	815	217	1408
2.74287	816	211	208
2.74584	817	214	1408
2.75207	818	215	1408
2.75245	819	211	208
2.75542	820	214	1408
2.76118	821	215	1408
2.76156	822	208	208
2.76453	823	211	1408
2.77076	824	213	1408
2.77114	825	209	208
2.77411	826	212	1408
2.77986	827	213	1408
2.78024	828	209	208
2.78321	829	212	1408
2.78656	830	211	1408
2.78982	831	208	208
2.79279	832	211	1408
2.79567	833	210	1408
2.79892	834	208	208
2.8019	835	211	1408
2.80477	836	210	1408
2.8085	837	208	208
2.81148	838	211	1408
2.81435	839	210	1408
2.81761	840	208	208
2.82058	841	211	1408
2.82346	842	210	1408
2.82384	843	205	208
2.82681	844	208	1408
2.83304	845	211	1408
2.83342	846	206	208
2.83639	847	209	1408
2.84214	848	208	1408
2.84252	849	205	208
2.84549	850	207	1408
2.85172	851	208	1408
2.8521	852	206	208
2.85507	853	208	1408
2.86082	854	208	1408
2.8612	855	203	208
2.86418	856	206	1408
2.8704	857	205	1408
2.87078	858	202	208
2.87376	859	204	1408
2.87951	860	205	1408
2.87989	861	201	208
2.88286	862	204	1408
2.88909	863	206	1408
2.89234	864	202	208
2.89532	865	205	1408
2.89819	866	204	1408
2.90192	867	202	208
2.9049	868	205	1408
2.91065	869	205	1408
2.91103	870	202	208
2.914	871	204	1408
2.92023	872	206	1408
2.92348	873	202	208
2.92646	874	205	1408
2.92933	875	204	1408
2.93306	876	203	208
2.93604	877	206	1408
2.94179	878	205	1408
2.94217	879	202	208
2.94514	880	205	1408
2.95137	881	205	1408
2.95462	882	202	208
2.9576	883	205	1408
2.96047	884	202	1408
2.9642	885	200	208
2.96718	886	203	1408
2.97293	887	201	1408
2.97331	888	199	208
2.97628	889	201	1408
2.98251	890	202	1408
2.98576	891	199	208
2.98874	892	202	1408
2.99209	893	200	1408
2.99534	894	200	208
2.99832	895	202	1408
3.00407	896	202	1408
3.00445	897	199	208
3.00742	898	201	1408
3.01365	899	202	1408
3.01403	900	200	208
3.017	901	201	1408
3.02275	902	202	1408
3.02313	903	199	208
3.0261	904	202	1408
3.03233	905	203	1408
3.03559	906	202	208
3.03856	907	205	1408
3.04144	908	204	1408
3.04517	909	203	208
3.04814	910	206	1408
3.05102	911	205	1408
3.05427	912	203	208
3.05724	913	206	1408
3.0606	914	205	1408
3.06385	915	202	208
3.06682	916	205	1408
3.07258	917	207	1408
3.07296	918	202	208
3.07593	919	205	1408
3.08216	920	208	1408
3.08254	921	204	208
3.08551	922	207	1408
3.09126	923	208	1408
3.09164	924	205	208
3.09509	925	208	1408
3.10084	926	208	1408
3.1041	927	209	208
3.10707	928	211	1408
3.10994	929	208	1408
3.11368	930	208	208
3.11665	931	211	1408
3.11952	932	209	1408
3.12278	933	208	208
3.12575	934	211	1408
3.13198	935	211	1408
3.13236	936	209	208
3.13533	937	211	1408
3.14108	938	212	1408
3.14146	939	209	208
3.14491	940	211	1408
3.15066	941	211	1408
3.15392	942	208	208
3.15689	943	211	1408
3.15977	944	211	1408
3.1635	945	209	208
3.16647	946	212	1408
3.17845	947	199	1408
3.18218	948	196	208
3.18516	949	199	1408
3.19091	950	199	1408
3.19129	951	196	208
3.19426	952	199	1408
3.20049	953	199	1408
3.20374	954	196	208
3.20672	955	199	1408
3.20959	956	199	1408
3.21332	957	196	208
3.2163	958	199	1408
3.22205	959	199	1408
3.22243	960	196	208
3.2254	961	199	1408
3.23163	962	199	1408
3.23488	963	196	208
3.23786	964	199	1408
3.24121	965	197	1408
3.24446	966	194	208
3.24744	967	197	1408
3.25319	968	197	1408
3.25692	969	194	208
3.25989	970	197	1408
3.26564	971	197	1408
3.26602	972	192	208
3.269	973	194	1408
3.27522	974	195	1408
3.27848	975	192	208
3.28145	976	195	1408
3.28768	977	195	1408
3.28806	978	190	208
3.29103	979	192	1408
3.29678	980	192	1408
3.30052	981	190	208
3.30349	982	192	1408
3.30924	983	193	1408
3.3101	984	188	208
3.31307	985	190	1408
3.31882	986	190	1408
3.32208	987	188	208
3.32505	988	190	1408
3.33128	989	191	1408
3.33166	990	185	208
3.33463	991	188	1408
3.34038	992	189	1408
3.34411	993	189	208
3.34708	994	191	1408
3.34996	995	189	1408
3.35322	996	189	208
3.35619	997	191	1408
3.35954	998	190	1408
3.3628	999	189	208
3.36577	1000	191	1408
3.37152	1001	193	1408
3.3719	1002	189	208
3.37487	1003	191	1408
3.3811	1004	194	1408
3.38148	1005	190	208
3.38445	1006	192	1408
3.3902	1007	194	1408
3.39058	1008	190	208
3.39691	1009	195	1408
3.39978	1010	194	1408
3.40304	1011	194	208
3.40601	1012	196	1408
3.40889	1013	194	1408
3.41262	1014	194	208
3.41559	1015	196	1408
3.41847	1016	195	1408
3.42172	1017	194	208
3.4247	1018	196	1408
3.43092	1019	198	1408
3.4313	1020	195	208
3.43428	1021	197	1408
3.44003	1022	199	1408
3.44041	1023	195	208
3.44338	1024	197	1408
3.44961	1025	199	1408
3.45286	1026	196	208
3.45584	1027	199	1408
3.45871	1028	198	1408
3.46244	1029	196	208
3.46542	1030	199	1408
3.47117	1031	199	1408
3.47155	1032	195	208
3.47452	1033	198	1408
3.48075	1034	199	1408
3.484	1035	197	208
3.48698	1036	199	1408
3.48985	1037	198	1408
3.49358	1038	196	208
3.49656	1039	199	1408
3.50231	1040	199	1408
3.50316	1041	194	208
3.50614	1042	197	1408
3.51189	1043	196	1408
3.51514	1044	196	208
3.51812	1045	199	1408
3.52147	1046	196	1408
3.52472	1047	193	208
3.5277	1048	196	1408
3.53345	1049	196	1408
3.5343	1050	193	208
3.53728	1051	196	1408
3.54303	1052	197	1408
3.54628	1053	193	208
3.54926	1054	196	1408
3.55548	1055	196	1408
3.55586	1056	192	208
3.55884	1057	195	1408
3.56459	1058	196	1408
3.56832	1059	193	208
3.57129	1060	196	1408
3.57704	1061	196	1408
3.57742	1062	192	208
3.5804	1063	195	1408
3.58662	1064	196	1408
3.58988	1065	192	208
3.59285	1066	195	1408
3.59573	1067	194	1408
3.59946	1068	193	208
3.60243	1069	196	1408
3.60818	1070	198	1408
3.60856	1071	193	208
3.61154	1072	196	1408
3.61776	1073	196	1408
3.62102	1074	196	208
3.62399	1075	198	1408
3.62687	1076	195	1408
3.6306	1077	195	208
3.63357	1078	198	1408
3.63645	1079	196	1408
3.6397	1080	192	208
3.64268	1081	195	1408
3.6489	1082	197	1408
3.64928	1083	193	208
3.65226	1084	196	1408
3.65801	1085	198	1408
3.66174	1086	196	208
3.66471	1087	199	1408
3.66759	1088	198	1408
3.67084	1089	196	208
3.67382	1090	199	1408
3.68004	1091	199	1408
3.68042	1092	195	208
3.6834	1093	198	1408
3.68915	1094	199	1408
3.68953	1095	195	208
3.6925	1096	198	1408
3.69873	1097	199	1408
3.70198	1098	196	208
3.70496	1099	199	1408
3.70831	1100	199	1408
3.71156	1101	196	208
3.71454	1102	199	1408
3.72029	1103	199	1408
3.72402	1104	199	208
3.72699	1105	201	1408
3.72987	1106	199	1408
3.73312	1107	196	208
3.7361	1108	199	1408
3.74232	1109	201	1408
3.7427	1110	196	208
3.74855	1111	202	1408
3.7519	1112	199	1408
3.75516	1113	199	208
3.75813	1114	202	1408
3.76388	1115	202	1408
3.76762	1116	199	208
3.77059	1117	202	1408
3.77634	1118	204	1408
3.7772	1119	200	208
3.78304	1120	206	1408
3.7888	1121	205	1408
3.78918	1122	202	208
3.79215	1123	205	1408
3.79838	1124	205	1408
3.80163	1125	202	208
3.8046	1126	205	1408
3.81083	1127	205	1408
3.81409	1128	205	208
3.81706	1129	208	1408
3.82329	1130	209	1408
3.82654	1131	205	208
3.82952	1132	208	1408
3.83574	1133	208	1408
3.83612	1134	205	208
3.8391	1135	208	1408
3.84485	1136	208	1408
3.84858	1137	206	208
3.85155	1138	209	1408
3.8573	1139	211	1408
3.86104	1140	209	208
3.86401	1141	212	1408
3.86976	1142	211	1408
3.87062	1143	208	208
3.87359	1144	211	1408
3.87934	1145	212	1408
3.8826	1146	208	208
3.88557	1147	211	1408
3.8918	1148	213	1408
3.89505	1149	212	208
3.89802	1150	215	1408
3.9009	1151	213	1408
3.90463	1152	212	208
3.9076	1153	215	1408
3.91048	1154	211	1408
3.91374	1155	210	208
3.91671	1156	213	1408
3.91958	1157	211	1408
3.92332	1158	209	208
3.92629	1159	212	1408
3.92916	1160	211	1408
3.93242	1161	209	208
3.93539	1162	212	1408
3.93827	1163	208	1408
3.942	1164	207	208
3.94497	1165	210	1408
3.94785	1166	208	1408
3.9511	1167	208	208
3.95408	1168	211	1408
3.95695	1169	208	1408
3.96068	1170	205	208
3.96366	1171	208	1408
3.96653	1172	207	1408
3.96979	1173	205	208
3.97276	1174	208	1408
3.97564	1175	205	1408
3.97937	1176	202	208
3.98234	1177	205	1408
3.98522	1178	205	1408
3.98847	1179	202	208
3.99144	1180	205	1408
3.99432	1181	202	1408
3.99805	1182	200	208
4.00102	1183	203	1408
4.0039	1184	201	1408
4.00716	1185	199	208
4.01013	1186	202	1408
4.01348	1187	200	1408
4.01674	1188	196	208
4.01971	1189	199	1408
4.02546	1190	199	1408
4.02919	1191	196	208
4.03216	1192	199	1408
4.03504	1193	197	1408
4.0383	1194	196	208
4.04127	1195	199	1408
4.04462	1196	196	1408
4.04788	1197	193	208
4.05085	1198	196	1408
4.0566	1199	196	1408
4.06033	1200	193	208
4.0633	1201	196	1408
4.06906	1202	196	1408
4.07279	1203	193	208
4.07576	1204	196	1408
4.08151	1205	196	1408
4.08189	1206	190	208
4.08486	1207	193	1408
4.09109	1208	194	1408
4.09435	1209	191	208
4.09732	1210	194	1408
4.10355	1211	194	1408
4.10393	1212	188	208
4.1069	1213	191	1408
4.11265	1214	191	1408
4.11638	1215	189	208
4.11936	1216	191	1408
4.12511	1217	192	1408
4.12884	1218	189	208
4.13181	1219	191	1408
4.13756	1220	192	1408
4.13794	1221	186	208
4.14139	1222	189	1408
4.14714	1223	190	1408
4.1504	1224	187	208
4.15337	1225	189	1408
4.1596	1226	190	1408
4.16286	1227	189	208
4.16583	1228	191	1408
4.1687	1229	190	1408
4.17244	1230	189	208
4.17541	1231	192	1408
4.17828	1232	191	1408
4.18154	1233	189	208
4.18451	1234	192	1408
4.19074	1235	194	1408
4.19112	1236	190	208
4.19409	1237	193	1408
4.19984	1238	194	1408
4.20358	1239	193	208
4.20655	1240	196	1408
4.20942	1241	195	1408
4.21268	1242	193	208
4.21565	1243	196	1408
4.219	1244	196	1408
4.22226	1245	194	208
4.22523	1246	197	1408
4.23098	1247	198	1408
4.23136	1248	194	208
4.23434	1249	197	1408
4.24056	1250	198	1408
4.24382	1251	197	208
4.24679	1252	200	1408
4.24967	1253	198	1408
4.2534	1254	198	208
4.25637	1255	201	1408
4.26212	1256	202	1408
4.2625	1257	198	208
4.26548	1258	201	1408
4.2717	1259	202	1408
4.27208	1260	199	208
4.27506	1261	202	1408
4.28081	1262	202	1408
4.28454	1263	202	208
4.28751	1264	205	1408
4.29039	1265	203	1408
4.29364	1266	202	208
4.29662	1267	205	1408
4.29997	1268	203	1408
4.30322	1269	203	208
4.3062	1270	205	1408
4.31195	1271	205	1408
4.31568	1272	202	208
4.31865	1273	205	1408
4.3244	1274	205	1408
4.32526	1275	200	208
4.32823	1276	203	1408
4.33686	1277	205	1408
4.33724	1278	202	208
4.34021	1279	205	1408
4.34644	1280	205	1408
4.3497	1281	202	208
4.35267	1282	205	1408
4.3589	1283	205	1408
4.35928	1284	202	208
4.36225	1285	205	1408
4.368	1286	205	1408
4.37173	1287	202	208
4.3747	1288	205	1408
4.38046	1289	205	1408
4.38131	1290	200	208
4.38428	1291	203	1408
4.39004	1292	203	1408
4.39329	1293	202	208
4.39626	1294	205	1408
4.40249	1295	205	1408
4.40575	1296	202	208
4.40872	1297	205	1408
4.4116	1298	202	1408
4.41533	1299	200	208
4.4183	1300	203	1408
4.42405	1301	205	1408
4.43066	1302	196	208
4.43363	1303	199	1408
4.43986	1304	199	1408
4.44024	1305	196	208
4.44321	1306	199	1408
4.44896	1307	199	1408
4.4527	1308	196	208
4.45567	1309	199	1408
4.45854	1310	198	1408
4.4618	1311	196	208
4.46477	1312	199	1408
4.471	1313	201	1408
4.47138	1314	196	208
4.47435	1315	199	1408
4.4801	1316	199	1408
4.48384	1317	198	208
4.48681	1318	201	1408
4.49256	1319	202	1408
4.49342	1320	197	208
4.49639	1321	200	1408
4.50214	1322	202	1408
4.5054	1323	199	208
4.50837	1324	202	1408
4.5146	1325	202	1408
4.51498	1326	198	208
4.51795	1327	201	1408
4.5237	1328	202	1408
4.52408	1329	199	208
4.52705	1330	202	1408
4.53328	1331	203	1408
4.53654	1332	199	208
4.53951	1333	202	1408
4.54574	1334	204	1408
4.54612	1335	200	208
4.54909	1336	203	1408
4.55484	1337	204	1408
4.55857	1338	202	208
4.56154	1339	205	1408
4.5673	1340	205	1408
4.56815	1341	200	208
4.57112	1342	203	1408
4.57688	1343	202	1408
4.58013	1344	202	208
4.5831	1345	205	1408
4.58933	1346	203	1408
4.59259	1347	202	208
4.59556	1348	205	1408
4.59844	1349	202	1408
4.60217	1350	200	208
4.60514	1351	203	1408
4.61089	1352	202	1408
4.61175	1353	199	208
4.61472	1354	202	1408
4.62047	1355	202	1408
4.62373	1356	199	208
4.6267	1357	202	1408
4.63293	1358	202	1408
4.63618	1359	202	208
4.63916	1360	205	1408
4.64203	1361	202	1408
4.64576	1362	199	208
4.64874	1363	202	1408
4.65449	1364	202	1408
4.65822	1365	200	208
4.66119	1366	203	1408
4.66694	1367	204	1408
4.66732	1368	199	208
4.6703	1369	202	1408
4.67652	1370	202	1408
4.68026	1371	197	208
4.68323	1372	200	1408
4.68898	1373	199	1408
4.69224	1374	199	208
4.69521	1375	202	1408
4.70144	1376	202	1408
4.70469	1377	199	208
4.70766	1378	202	1408
4.71054	1379	201	1408
4.71427	1380	200	208
4.71724	1381	203	1408
4.723	1382	201	1408
4.72338	1383	198	208
4.72635	1384	201	1408
4.73258	1385	202	1408
4.73583	1386	199	208
4.7388	1387	202	1408
4.74503	1388	203	1408
4.74541	1389	199	208
4.74838	1390	202	1408
4.75414	1391	202	1408
4.75787	1392	199	208
4.76084	1393	202	1408
4.76659	1394	202	1408
4.76697	1395	198	208
4.76994	1396	201	1408
4.77617	1397	203	1408
4.77655	1398	199	208
4.77952	1399	202	1408
4.78528	1400	202	1408
4.78901	1401	200	208
4.79198	1402	202	1408
4.79773	1403	202	1408
4.79859	1404	199	208
4.80156	1405	202	1408
4.80731	1406	203	1408
4.81057	1407	199	208
4.81354	1408	202	1408
4.81977	1409	202	1408
4.82302	1410	202	208
4.826	1411	204	1408
4.82887	1412	202	1408
4.8326	1413	199	208
4.83558	1414	202	1408
4.84133	1415	202	1408
4.84506	1416	200	208
4.84803	1417	203	1408
4.85091	1418	202	1408
4.85416	1419	199	208
4.85714	1420	202	1408
4.86336	1421	203	1408
4.86662	1422	202	208
4.86959	1423	205	1408
4.87247	1424	202	1408
4.8762	1425	200	208
4.87917	1426	203	1408
4.88492	1427	201	1408
4.88866	1428	199	208
4.89163	1429	202	1408
4.89738	1430	205	1408
4.89824	1431	200	208
4.90121	1432	203	1408
4.90984	1433	205	1408
4.91357	1434	202	208
4.91654	1435	205	1408
4.92229	1436	205	1408
4.92602	1437	203	208
4.929	1438	205	1408
4.93475	1439	205	1408
4.93848	1440	203	208
4.94145	1441	206	1408
4.9472	1442	206	1408
4.95094	1443	203	208
4.95391	1444	206	1408
4.95966	1445	206	1408
4.96339	1446	204	208
4.96636	1447	207	1408
4.97212	1448	207	1408
4.97585	1449	204	208
4.97882	1450	206	1408
4.98505	1451	208	1408
4.9883	1452	205	208
4.99415	1453	210	1408
5.00038	1454	211	1408
5.00364	1455	208	208
5.00661	1456	210	1408
5.00948	1457	208	1408
5.01322	1458	206	208
5.01619	1459	209	1408
5.02194	1460	209	1408
5.02232	1461	206	208
5.02529	1462	209	1408
5.03152	1463	210	1408
5.0319	1464	206	208
5.03775	1465	211	1408
5.04062	1466	210	1408
5.04436	1467	210	208
5.04733	1468	212	1408
5.0502	1469	211	1408
5.05346	1470	210	208
5.05643	1471	212	1408
5.05931	1472	211	1408
5.06304	1473	211	208
5.06601	1474	213	1408
5.06889	1475	211	1408
5.07214	1476	209	208
5.07512	1477	212	1408
5.08134	1478	212	1408
5.08172	1479	205	208
5.0847	1480	208	1408
5.09045	1481	210	1408
5.09083	1482	205	208
5.0938	1483	208	1408
5.10003	1484	209	1408
5.10328	1485	205	208
5.10626	1486	208	1408
5.10913	1487	207	1408
5.10999	1488	202	208
5.11296	1489	205	1408
5.11871	1490	205	1408
5.12197	1491	202	208
5.12494	1492	205	1408
5.12782	1493	204	1408
5.13155	1494	202	208
5.13452	1495	205	1408
5.14027	1496	205	1408
5.14065	1497	199	208
5.14362	1498	202	1408
5.14985	1499	202	1408
5.15023	1500	199	208
5.1532	1501	202	1408
5.15896	1502	199	1408
5.16269	1503	196	208
5.16566	1504	199	1408
5.17141	1505	199	1408
5.17179	1506	192	208
5.17476	1507	195	1408
5.18099	1508	196	1408
5.19383	1509	177	208
5.1968	1510	180	1408
5.20255	1511	180	1408
5.20628	1512	178	208
5.20926	1513	181	1408
5.21501	1514	180	1408
5.21874	1515	174	208
5.22171	1516	177	1408
5.22746	1517	177	1408
5.2312	1518	175	208
5.23417	1519	178	1408
5.23992	1520	178	1408
5.2403	1521	174	208
5.24327	1522	177	1408
5.2495	1523	177	1408
5.25276	1524	176	208
5.25573	1525	178	1408
5.25908	1526	178	1408
5.26234	1527	175	208
5.26531	1528	178	1408
5.27106	1529	179	1408
5.27479	1530	177	208
5.27776	1531	180	1408
5.28064	1532	178	1408
5.2839	1533	177	208
5.28687	1534	179	1408
5.2931	1535	181	1408
5.29635	1536	180	208
5.29932	1537	182	1408
5.3022	1538	180	1408
5.30593	1539	179	208
5.3089	1540	181	1408
5.31466	1541	182	1408
5.31839	1542	182	208
5.32136	1543	184	1408
5.32424	1544	183	1408
5.32749	1545	181	208
5.33046	1546	183	1408
5.33669	1547	185	1408
5.33707	1548	181	208
5.34292	1549	185	1408
5.3458	1550	184	1408
5.34953	1551	183	208
5.3525	1552	185	1408
5.35825	1553	187	1408
5.35863	1554	182	208
5.36208	1555	185	1408
5.36783	1556	186	1408
5.37109	1557	185	208
5.37406	1558	188	1408
5.38029	1559	189	1408
5.38067	1560	184	208
5.38364	1561	187	1408
5.38939	1562	188	1408
5.39312	1563	187	208
5.3961	1564	190	1408
5.40185	1565	190	1408
5.40223	1566	186	208
5.4052	1567	189	1408
5.41143	1568	190	1408
5.41468	1569	189	208
5.41766	1570	191	1408
5.42101	1571	190	1408
5.42426	1572	189	208
5.43011	1573	187	1408
5.43634	1574	189	1408
5.4396	1575	187	208
5.44257	1576	186	1408
5.4488	1577	188	1408
5.44918	1578	184	208
5.45502	1579	187	1408
5.46125	1580	189	1408
5.46163	1581	184	208
5.46748	1582	186	1408
5.47036	1583	185	1408
5.47409	1584	184	208
5.47706	1585	187	1408
5.48281	1586	187	1408
5.48654	1587	186	208
5.48952	1588	187	1408
5.49527	1589	189	1408
5.49565	1590	184	208
5.4991	1591	187	1408
5.50485	1592	188	1408
5.5081	1593	187	208
5.51108	1594	187	1408
5.5173	1595	189	1408
5.52056	1596	187	208
5.52353	1597	190	1408
5.52641	1598	188	1408
5.53014	1599	187	208
5.53599	1600	189	1408
5.53886	1601	188	1408
5.5426	1602	187	208
5.54557	1603	189	1408
5.54844	1604	188	1408
5.5517	1605	186	208
5.55802	1606	190	1408
5.5609	1607	188	1408
5.56416	1608	187	208
5.56713	1609	190	1408
5.57336	1610	191	1408
5.57661	1611	189	208
5.57958	1612	192	1408
5.58246	1613	189	1408
5.58619	1614	189	208
5.58916	1615	190	1408
5.59492	1616	191	1408
5.59865	1617	190	208
5.60162	1618	193	1408
5.6045	1619	191	1408
5.60775	1620	189	208
5.61072	1621	189	1408
5.61695	1622	191	1408
5.62021	1623	190	208
5.62318	1624	193	1408
5.62653	1625	192	1408
5.62979	1626	190	208
5.63564	1627	192	1408
5.63851	1628	192	1408
5.64224	1629	191	208
5.64522	1630	193	1408
5.65097	1631	195	1408
5.65135	1632	190	208
5.65767	1633	193	1408
5.66055	1634	193	1408
5.6638	1635	192	208
5.66678	1636	192	1408
5.673	1637	193	1408
5.67626	1638	190	208
5.68258	1639	193	1408
5.68546	1640	193	1408
5.68872	1641	190	208
5.69169	1642	192	1408
5.69792	1643	192	1408
5.70117	1644	190	208
5.70414	1645	193	1408
5.71037	1646	193	1408
5.71075	1647	190	208
5.7166	1648	192	1408
5.71948	1649	192	1408
5.72321	1650	190	208
5.72906	1651	193	1408
5.73193	1652	189	1408
5.73566	1653	187	208
5.73864	1654	189	1408
5.74439	1655	189	1408
5.74812	1656	187	208
5.75109	1657	189	1408
5.75684	1658	188	1408
5.76058	1659	186	208
5.76355	1660	188	1408
5.7693	1661	188	1408
5.77303	1662	185	208
5.776	1663	188	1408
5.78176	1664	186	1408
5.78549	1665	184	208
5.78846	1666	186	1408
5.79421	1667	186	1408
5.79794	1668	183	208
5.80092	1669	185	1408
5.80667	1670	185	1408
5.8104	1671	183	208
5.81337	1672	185	1408
5.81912	1673	185	1408
5.81998	1674	180	208
5.82583	1675	185	1408
5.8287	1676	184	1408
5.83196	1677	182	208
5.83493	1678	185	1408
5.84116	1679	187	1408
5.84442	1680	185	208
5.84739	1681	188	1408
5.85026	1682	186	1408
5.854	1683	184	208
5.85697	1684	187	1408
5.86272	1685	188	1408
5.86358	1686	184	208
5.86655	1687	187	1408
5.8723	1688	188	1408
5.87556	1689	186	208
5.87853	1690	189	1408
5.88476	1691	190	1408
5.88514	1692	187	208
5.88811	1693	189	1408
5.89386	1694	189	1408
5.89759	1695	189	208
5.90056	1696	191	1408
5.90632	1697	192	1408
5.9067	1698	188	208
5.91014	1699	191	1408
5.925	1700	183	1408
5.92873	1701	180	208
5.9317	1702	183	1408
5.93458	1703	180	1408
5.93831	1704	178	208
5.94128	1705	181	1408
5.94704	1706	181	1408
5.95029	1707	179	208
5.95326	1708	182	1408
5.95949	1709	180	1408
5.96275	1710	178	208
5.96572	1711	181	1408
5.97195	1712	182	1408
5.97233	1713	178	208
5.97818	1714	183	1408
5.98153	1715	180	1408
5.98478	1716	178	208
5.98776	1717	181	1408
5.99351	1718	180	1408
5.99724	1719	178	208
6.00021	1720	181	1408
6.00596	1721	179	1408
6.0097	1722	178	208
6.01267	1723	181	1408
6.01842	1724	180	1408
6.02215	1725	178	208
6.02512	1726	181	1408
6.03088	1727	179	1408
6.03461	1728	178	208
6.03758	1729	181	1408
6.04333	1730	180	1408
6.04706	1731	178	208
6.05004	1732	181	1408
6.05914	1733	184	1408
6.0624	1734	182	208
6.06537	1735	185	1408
6.06824	1736	183	1408
6.07198	1737	180	208
6.07495	1738	183	1408
6.08405	1739	187	1408
6.08731	1740	185	208
6.09028	1741	188	1408
6.09316	1742	186	1408
6.09689	1743	184	208
6.10274	1744	189	1408
6.10896	1745	190	1408
6.10934	1746	186	208
6.11519	1747	191	1408
6.12142	1748	192	1408
6.12468	1749	190	208
6.12765	1750	192	1408
6.13388	1751	193	1408
6.13713	1752	192	208
6.1401	1753	194	1408
6.14633	1754	195	1408
6.14959	1755	193	208
6.15256	1756	196	1408
6.15591	1757	194	1408
6.1654	1758	190	208
6.16837	1759	193	1408
6.17412	1760	193	1408
6.17498	1761	188	208
6.17795	1762	191	1408
6.1837	1763	192	1408
6.18696	1764	189	208
6.18993	1765	192	1408
6.19616	1766	193	1408
6.19654	1767	187	208
6.19951	1768	190	1408
6.20526	1769	190	1408
6.20899	1770	186	208
6.21196	1771	189	1408
6.21484	1772	186	1408
6.2181	1773	185	208
6.22107	1774	188	1408
6.2273	1775	189	1408
6.22768	1776	184	208
6.23065	1777	186	1408
6.2364	1778	186	1408
6.23726	1779	181	208
6.24023	1780	184	1408
6.24598	1781	183	1408
6.24924	1782	181	208
6.25221	1783	184	1408
6.25844	1784	183	1408
6.25882	1785	178	208
6.26179	1786	181	1408
6.26754	1787	180	1408
6.27127	1788	178	208
6.27424	1789	181	1408
6.28	1790	179	1408
6.28085	1791	171	208
6.28382	1792	174	1408
6.28958	1793	174	1408
6.29283	1794	172	208
6.2958	1795	175	1408
6.29868	1796	173	1408
6.30241	1797	168	208
6.30538	1798	171	1408
6.31114	1799	171	1408
6.31487	1800	169	208
6.31784	1801	172	1408
6.32359	1802	171	1408
6.32732	1803	168	208
6.3303	1804	171	1408
6.33605	1805	171	1408
6.33978	1806	168	208
6.34275	1807	171	1408
6.3485	1808	171	1408
6.35224	1809	169	208
6.35521	1810	172	1408
6.36096	1811	170	1408
6.36469	1812	168	208
6.36766	1813	171	1408
6.37342	1814	171	1408
6.3738	1815	166	208
6.37677	1816	169	1408
6.38587	1817	167	1408
6.3896	1818	165	208
6.39258	1819	168	1408
6.39833	1820	169	1408
6.40206	1821	168	208
6.40503	1822	170	1408
6.40791	1823	167	1408
6.41452	1824	168	208
6.41749	1825	171	1408
6.42036	1826	169	1408
6.42362	1827	168	208
6.42659	1828	170	1408
6.43282	1829	170	1408
6.43608	1830	170	208
6.43905	1831	173	1408
6.4424	1832	171	1408
6.44566	1833	168	208
6.44863	1834	171	1408
6.45438	1835	173	1408
6.45811	1836	172	208
6.46108	1837	175	1408
6.46684	1838	176	1408
6.47057	1839	174	208
6.47354	1840	177	1408
6.47929	1841	177	1408
6.48015	1842	172	208
6.48312	1843	175	1408
6.48887	1844	176	1408
6.49213	1845	176	208
6.4951	1846	178	1408
6.50133	1847	180	1408
6.50171	1848	176	208
6.50756	1849	177	1408
6.51378	1850	179	1408
6.51704	1851	179	208
6.52001	1852	181	1408
6.52336	1853	180	1408
6.52662	1854	179	208
6.52959	1855	181	1408
6.53534	1856	183	1408
6.53908	1857	181	208
6.54205	1858	181	1408
6.5478	1859	180	1408
6.55441	1860	180	208
6.55738	1861	182	1408
6.56361	1862	181	1408
6.56686	1863	178	208
6.56984	1864	180	1408
6.57606	1865	180	1408
6.57932	1866	176	208
6.58229	1867	178	1408
6.58852	1868	177	1408
6.59513	1869	178	208
6.5981	1870	180	1408
6.60385	1871	178	1408
6.60758	1872	175	208
6.61056	1873	177	1408
6.61631	1874	177	1408
6.62004	1875	174	208
6.62301	1876	176	1408
6.62924	1877	175	1408
6.63537	1878	174	208
6.63834	1879	177	1408
6.6417	1880	175	1408
6.64783	1881	176	208
6.6508	1882	178	1408
6.65415	1883	177	1408
6.65741	1884	175	208
6.66038	1885	177	1408
6.66613	1886	178	1408
6.66986	1887	176	208
6.67284	1888	178	1408
6.67859	1889	179	1408
6.68232	1890	178	208
6.68529	1891	180	1408
6.69104	1892	181	1408
6.69478	1893	179	208
6.69775	1894	182	1408
6.7035	1895	183	1408
6.70388	1896	178	208
6.70685	1897	180	1408
6.71308	1898	182	1408
6.71634	1899	180	208
6.71931	1900	182	1408
6.72554	1901	183	1408
6.72879	1902	181	208
6.73176	1903	183	1408
6.73799	1904	184	1408
6.74125	1905	183	208
6.74422	1906	185	1408
6.75045	1907	186	1408
6.75083	1908	181	208
6.75668	1909	186	1408
6.75955	1910	184	1408
6.76328	1911	183	208
6.76626	1912	186	1408
6.77201	1913	187	1408
6.77574	1914	185	208
6.77871	1915	187	1408
6.78446	1916	188	1408
6.7882	1917	187	208
6.79117	1918	189	1408
6.79692	1919	189	1408
6.79778	1920	185	208
6.80362	1921	190	1408
6.80938	1922	191	1408
6.81023	1923	187	208
6.81608	1924	190	1408
6.82183	1925	190	1408
6.82556	1926	189	208
6.82854	1927	190	1408
6.83429	1928	189	1408
6.83802	1929	188	208
6.84099	1930	187	1408
6.84674	1931	188	1408
6.85048	1932	187	208
6.85632	1933	190	1408
6.8592	1934	188	1408
6.86293	1935	186	208
6.86878	1936	189	1408
6.87213	1937	187	1408
6.87539	1938	185	208
6.88124	1939	190	1408
6.88746	1940	190	1408
6.88784	1941	185	208
6.89369	1942	189	1408
6.89704	1943	188	1408
6.9003	1944	186	208
6.90615	1945	190	1408
6.91238	1946	191	1408
6.91276	1947	186	208
6.9186	1948	190	1408
6.92148	1949	188	1408
6.92521	1950	187	208
6.93106	1951	190	1408
6.93729	1952	191	1408
6.94054	1953	189	208
6.94352	1954	190	1408
6.94974	1955	191	1408
6.95012	1956	187	208
6.9531	1957	190	1408
6.95885	1958	190	1408
6.96258	1959	189	208
6.96555	1960	190	1408
6.9713	1961	191	1408
6.97504	1962	190	208
6.97801	1963	190	1408
6.98376	1964	190	1408
6.98749	1965	189	208
6.99334	1966	193	1408
6.99622	1967	191	1408
6.99995	1968	189	208
7.00292	1969	192	1408
7.00867	1970	193	1408
7.0124	1971	192	208
7.01538	1972	193	1408
7.02113	1973	194	1408
7.02486	1974	192	208
7.02783	1975	193	1408
7.03358	1976	194	1408
7.03732	1977	193	208
7.04029	1978	193	1408
7.04604	1979	194	1408
7.04977	1980	192	208
7.05274	1981	193	1408
7.0585	1982	194	1408
7.06223	1983	193	208
7.0652	1984	194	1408
7.07095	1985	194	1408
7.07468	1986	193	208
7.07766	1987	193	1408
7.08341	1988	194	1408
7.08714	1989	193	208
7.09011	1990	194	1408
7.09586	1991	194	1408
7.0996	1992	193	208
7.10257	1993	193	1408
7.10832	1994	194	1408
7.11205	1995	193	208
7.11502	1996	193	1408
7.12078	1997	193	1408
7.12451	1998	192	208
7.13036	1999	193	1408
7.13658	2000	194	1408
7.13984	2001	192	208
7.14281	2002	195	1408
7.14569	2003	193	1408
7.14942	2004	192	208
7.15527	2005	193	1408
7.1615	2006	194	1408
7.16475	2007	192	208
7.16772	2008	195	1408
7.17108	2009	194	1408
7.17433	2010	192	208
7.18018	2011	193	1408
7.18641	2012	194	1408
7.18966	2013	192	208
7.19264	2014	193	1408
7.19886	2015	194	1408
7.20212	2016	193	208
7.20509	2017	196	1408
7.21132	2018	197	1408
7.21458	2019	195	208
7.2209	2020	199	1408
7.22665	2021	200	1408
7.23038	2022	199	208
7.23336	2023	200	1408
7.23911	2024	201	1408
7.24284	2025	199	208
7.24869	2026	202	1408
7.25492	2027	203	1408
7.25817	2028	202	208
7.26114	2029	203	1408
7.26737	2030	204	1408
7.27063	2031	202	208
7.27695	2032	205	1408
7.2827	2033	207	1408
7.28644	2034	207	208
7.28941	2035	206	1408
7.29516	2036	208	1408
7.29889	2037	207	208
7.30474	2038	208	1408
7.30762	2039	207	1408
7.31135	2040	207	208
7.3172	2041	209	1408
7.32007	2042	208	1408
7.3238	2043	207	208
7.32965	2044	208	1408
7.33253	2045	207	1408
7.33626	2046	207	208
7.34211	2047	209	1408
7.34498	2048	207	1408
7.34872	2049	207	208
7.35169	2050	206	1408
7.35744	2051	205	1408
7.36117	2052	203	208
7.36414	2053	206	1408
7.3699	2054	204	1408
7.37028	2055	200	208
7.37325	2056	203	1408
7.37948	2057	199	1408
7.38273	2058	196	208
7.38618	2059	199	1408
7.39193	2060	197	1408
7.39519	2061	194	208
7.39816	2062	196	1408
7.40439	2063	195	1408
7.40764	2064	191	208
7.41062	2065	193	1408
7.41684	2066	193	1408
7.4201	2067	190	208
7.42307	2068	192	1408
7.4293	2069	191	1408
7.43256	2070	187	208
7.43553	2071	189	1408
7.43888	2072	185	1408
7.44214	2073	183	208
7.44511	2074	185	1408
7.45086	2075	183	1408
7.45459	2076	180	208
7.45756	2077	182	1408
7.46332	2078	181	1408
7.46705	2079	180	208
7.47002	2080	182	1408
7.47577	2081	182	1408
7.4795	2082	181	208
7.48248	2083	183	1408
7.48823	2084	184	1408
7.48908	2085	180	208
7.49493	2086	184	1408
7.49781	2087	182	1408
7.50106	2088	181	208
7.50404	2089	184	1408
7.51026	2090	183	1408
7.51352	2091	181	208
7.51649	2092	184	1408
7.52272	2093	183	1408
7.52645	2094	181	208
7.52942	2095	184	1408
7.53805	2096	184	1408
7.54178	2097	182	208
7.54476	2098	185	1408
7.55051	2099	183	1408
7.55424	2100	182	208
7.55721	2101	185	1408
7.56296	2102	183	1408
7.5667	2103	182	208
7.56967	2104	185	1408
7.57542	2105	183	1408
7.57915	2106	182	208
7.58212	2107	185	1408
7.58788	2108	185	1408
7.59161	2109	183	208
7.59458	2110	186	1408
7.60033	2111	186	1408
7.60406	2112	185	208
7.60704	2113	188	1408
7.61279	2114	188	1408
7.61652	2115	186	208
7.61949	2116	189	1408
7.62524	2117	189	1408
7.62898	2118	186	208
7.63195	2119	189	1408
7.6377	2120	189	1408
7.64143	2121	187	208
7.6444	2122	190	1408
7.65016	2123	190	1408
7.65389	2124	187	208
7.65686	2125	190	1408
7.66261	2126	189	1408
7.66634	2127	187	208
7.66932	2128	190	1408
7.67507	2129	190	1408
7.6788	2130	188	208
7.68177	2131	191	1408
7.68752	2132	192	1408
7.69126	2133	190	208
7.69423	2134	193	1408
7.69998	2135	192	1408
7.70371	2136	190	208
7.70668	2137	193	1408
7.71244	2138	192	1408
7.71617	2139	191	208
7.71914	2140	194	1408
7.72489	2141	192	1408
7.72862	2142	190	208
7.7316	2143	193	1408
7.73735	2144	192	1408
7.74108	2145	191	208
7.74405	2146	194	1408
7.7498	2147	194	1408
7.75354	2148	192	208
7.75651	2149	195	1408
7.76226	2150	196	1408
7.76599	2151	193	208
7.76896	2152	196	1408
7.77472	2153	195	1408
7.77845	2154	190	208
7.78142	2155	193	1408
7.78765	2156	193	1408
7.7909	2157	190	208
7.79388	2158	193	1408
7.8001	2159	193	1408
7.80624	2160	193	208
7.80921	2161	196	1408
7.81544	2162	196	1408
7.81869	2163	193	208
7.82166	2164	196	1408
7.82789	2165	195	1408
7.83115	2166	194	208
7.83412	2167	197	1408
7.84322	2168	193	1408
7.84696	2169	189	208
7.84993	2170	192	1408
7.85568	2171	192	1408
7.85941	2172	190	208
7.86238	2173	193	1408
7.86814	2174	193	1408
7.87187	2175	189	208
7.87484	2176	192	1408
7.88059	2177	192	1408
7.88432	2178	190	208
7.8873	2179	193	1408
7.89305	2180	193	1408
7.89678	2181	190	208
7.89975	2182	193	1408
7.90598	2183	193	1408
7.90924	2184	190	208
7.91221	2185	193	1408
7.91844	2186	193	1408
7.92457	2187	193	208
7.92754	2188	196	1408
7.93377	2189	196	1408
7.93702	2190	193	208
7.94	2191	195	1408
7.94622	2192	196	1408
7.94948	2193	193	208
7.95245	2194	196	1408
7.95868	2195	196	1408
7.96194	2196	192	208
7.96491	2197	195	1408
7.97114	2198	196	1408
7.97439	2199	193	208
7.97736	2200	196	1408
7.98359	2201	196	1408
7.98685	2202	192	208
7.98982	2203	195	1408
7.99605	2204	196	1408
7.9993	2205	193	208
8.00228	2206	196	1408
8.0085	2207	196	1408
8.01176	2208	192	208
8.01473	2209	195	1408
8.02384	2210	198	1408
8.02422	2211	193	208
8.02719	2212	196	1408
8.03629	2213	199	1408
8.04002	2214	197	208
8.043	2215	199	1408
8.04875	2216	198	1408
8.05248	2217	193	208
8.05545	2218	196	1408
8.0612	2219	196	1408
8.06494	2220	193	208
8.06791	2221	196	1408
8.07366	2222	196	1408
8.07739	2223	193	208
8.08036	2224	196	1408
8.08947	2225	196	1408
8.09272	2226	192	208
8.0957	2227	195	1408
8.10192	2228	196	1408
8.10518	2229	193	208
8.10815	2230	196	1408
8.11438	2231	196	1408
8.11764	2232	193	208
8.12061	2233	196	1408
8.12684	2234	196	1408
8.13009	2235	193	208
8.13306	2236	196	1408
8.13929	2237	196	1408
8.14302	2238	194	208
8.146	2239	196	1408
8.15462	2240	198	1408
8.15548	2241	193	208
8.15845	2242	196	1408
8.16708	2243	199	1408
8.17081	2244	193	208
8.17378	2245	196	1408
8.17954	2246	196	1408
8.18327	2247	193	208
8.18624	2248	196	1408
8.19247	2249	196	1408
8.19572	2250	193	208
8.1987	2251	195	1408
8.2078	2252	197	1408
8.21106	2253	194	208
8.21403	2254	196	1408
8.22026	2255	195	1408
8.22351	2256	191	208
8.22984	2257	196	1408
8.23559	2258	195	1408
8.23932	2259	192	208
8.24229	2260	194	1408
8.24804	2261	193	1408
8.25465	2262	192	208
8.25762	2263	194	1408
8.26385	2264	193	1408
8.26711	2265	190	208
8.27008	2266	192	1408
8.27631	2267	191	1408
8.28292	2268	190	208
8.28589	2269	192	1408
8.29164	2270	191	1408
8.29537	2271	188	208
8.29834	2272	191	1408
8.3041	2273	191	1408
8.30783	2274	189	208
8.3108	2275	191	1408
8.31655	2276	192	1408
8.32028	2277	191	208
8.32326	2278	193	1408
8.32901	2279	194	1408
8.33274	2280	191	208
8.33571	2281	194	1408
8.34146	2282	194	1408
8.3452	2283	193	208
8.34817	2284	195	1408
8.35392	2285	195	1408
8.35765	2286	194	208
8.3635	2287	199	1408
8.36973	2288	200	1408
8.37298	2289	198	208
8.37596	2290	200	1408
8.38218	2291	202	1408
8.38544	2292	199	208
8.38841	2293	202	1408
8.39752	2294	205	1408
8.39837	2295	201	208
8.40422	2296	206	1408
8.40997	2297	205	1408
8.4137	2298	204	208
8.41668	2299	206	1408
8.42243	2300	205	1408
8.42616	2301	203	208
8.42913	2302	206	1408
8.43488	2303	205	1408
8.43862	2304	202	208
8.44159	2305	205	1408
8.44734	2306	205	1408
8.45107	2307	203	208
8.45404	2308	206	1408
8.46315	2309	206	1408
8.4664	2310	202	208
8.46938	2311	205	1408
8.4756	2312	205	1408
8.48221	2313	203	208
8.48518	2314	206	1408
8.49094	2315	205	1408
8.49179	2316	199	208
8.49476	2317	202	1408
8.50052	2318	202	1408
8.50377	2319	196	208
8.50674	2320	199	1408
8.51297	2321	199	1408
8.51623	2322	196	208
8.5192	2323	199	1408
8.52543	2324	199	1408
8.52868	2325	193	208
8.53166	2326	196	1408
8.53788	2327	196	1408
8.54114	2328	193	208
8.54411	2329	196	1408
8.54699	2330	192	1408
8.55072	2331	190	208
8.55369	2332	193	1408
8.55944	2333	193	1408
8.56318	2334	190	208
8.56615	2335	193	1408
8.56902	2336	190	1408
8.58186	2337	177	208
8.58483	2338	180	1408
8.59058	2339	177	1408
8.59432	2340	175	208
8.59729	2341	178	1408
8.60304	2342	177	1408
8.60342	2343	171	208
8.60639	2344	174	1408
8.61262	2345	174	1408
8.61923	2346	172	208
8.6222	2347	175	1408
8.62795	2348	173	1408
8.63168	2349	171	208
8.63466	2350	174	1408
8.64041	2351	174	1408
8.64414	2352	172	208
8.64999	2353	176	1408
8.65334	2354	174	1408
8.6566	2355	172	208
8.66244	2356	177	1408
8.66867	2357	177	1408
8.67193	2358	174	208
8.6749	2359	177	1408
8.68113	2360	177	1408
8.68438	2361	171	208
8.68736	2362	174	1408
8.69358	2363	174	1408
8.70019	2364	175	208
8.70316	2365	177	1408
8.70892	2366	173	1408
8.71265	2367	171	208
8.71562	2368	174	1408
8.72185	2369	174	1408
8.72798	2370	174	208
8.73095	2371	176	1408
8.7343	2372	175	1408
8.73756	2373	172	208
8.74341	2374	177	1408
8.74964	2375	177	1408
8.75289	2376	175	208
8.75586	2377	177	1408
8.76209	2378	178	1408
8.76535	2379	175	208
8.76832	2380	177	1408
8.77455	2381	178	1408
8.7778	2382	175	208
8.78078	2383	177	1408
8.787	2384	178	1408
8.79026	2385	176	208
8.79323	2386	178	1408
8.79946	2387	178	1408
8.80319	2388	176	208
8.80616	2389	179	1408
8.81479	2390	180	1408
8.81852	2391	178	208
8.8215	2392	181	1408
8.82725	2393	180	1408
8.83098	2394	177	208
8.83395	2395	180	1408
8.8397	2396	180	1408
8.84344	2397	178	208
8.84641	2398	180	1408
8.85216	2399	180	1408
8.85589	2400	177	208
8.85886	2401	180	1408
8.86462	2402	180	1408
8.86835	2403	178	208
8.8742	2404	183	1408
8.88042	2405	180	1408
8.88368	2406	178	208
8.88665	2407	180	1408
8.89288	2408	180	1408
8.89614	2409	178	208
8.89911	2410	181	1408
8.90534	2411	180	1408
8.90907	2412	178	208
8.91204	2413	181	1408
8.92067	2414	183	1408
8.9244	2415	181	208
8.92737	2416	184	1408
8.93312	2417	180	1408
8.93686	2418	177	208
8.93983	2419	180	1408
8.94893	2420	183	1408
8.95219	2421	181	208
8.95516	2422	184	1408
8.96139	2423	180	1408
8.96464	2424	179	208
8.96762	2425	181	1408
8.97384	2426	180	1408
8.97758	2427	178	208
8.98055	2428	181	1408
8.98918	2429	184	1408
8.99291	2430	180	208
8.99588	2431	183	1408
9.00163	2432	183	1408
9.00536	2433	181	208
9.00834	2434	183	1408
9.01409	2435	182	1408
9.0207	2436	180	208
9.02367	2437	182	1408
9.0299	2438	180	1408
9.03363	2439	177	208
9.03948	2440	182	1408
9.04523	2441	180	1408
9.04896	2442	175	208
9.05481	2443	180	1408
9.06104	2444	180	1408
9.06429	2445	175	208
9.06774	2446	177	1408
9.07637	2447	178	1408
9.0801	2448	175	208
9.08307	2449	176	1408
9.09218	2450	178	1408
9.09543	2451	173	208
9.0984	2452	175	1408
9.10751	2453	176	1408
9.10836	2454	172	208
9.11421	2455	177	1408
9.11996	2456	176	1408
9.1237	2457	174	208
9.12667	2458	177	1408
9.13242	2459	177	1408
9.13615	2460	175	208
9.13912	2461	177	1408
9.14488	2462	177	1408
9.14861	2463	175	208
9.15158	2464	177	1408
9.15733	2465	177	1408
9.16106	2466	176	208
9.16404	2467	178	1408
9.16979	2468	177	1408
9.17352	2469	175	208
9.17649	2470	177	1408
9.18224	2471	178	1408
9.18598	2472	175	208
9.19182	2473	180	1408
9.19805	2474	181	1408
9.20131	2475	179	208
9.20428	2476	181	1408
9.21051	2477	181	1408
9.21376	2478	178	208
9.21674	2479	181	1408
9.22296	2480	181	1408
9.22622	2481	179	208
9.22919	2482	181	1408
9.23542	2483	181	1408
9.23868	2484	179	208
9.24165	2485	181	1408
9.24788	2486	181	1408
9.25113	2487	179	208
9.2541	2488	182	1408
9.26033	2489	182	1408
9.26359	2490	179	208
9.26704	2491	182	1408
9.27279	2492	182	1408
9.27652	2493	180	208
9.28237	2494	185	1408
9.28812	2495	184	1408
9.29185	2496	180	208
9.29482	2497	183	1408
9.30058	2498	183	1408
9.30718	2499	181	208
9.31016	2500	184	1408
9.31638	2501	183	1408
9.32012	2502	178	208
9.32309	2503	181	1408
9.33172	2504	183	1408
9.33545	2505	178	208
9.33842	2506	181	1408
9.34417	2507	180	1408
9.3479	2508	177	208
9.35088	2509	180	1408
9.3571	2510	181	1408
9.36324	2511	181	208
9.36621	2512	183	1408
9.37244	2513	183	1408
9.37569	2514	181	208
9.37866	2515	183	1408
9.38489	2516	183	1408
9.38815	2517	181	208
9.39112	2518	184	1408
9.39735	2519	183	1408
9.4006	2520	181	208
9.40358	2521	183	1408
9.4098	2522	183	1408
9.41354	2523	181	208
9.41651	2524	184	1408
9.42514	2525	184	1408
9.42887	2526	180	208
9.43184	2527	183	1408
9.43759	2528	183	1408
9.44132	2529	181	208
9.44717	2530	186	1408
9.45052	2531	184	1408
9.45666	2532	183	208
9.45963	2533	186	1408
9.46586	2534	186	1408
9.46911	2535	184	208
9.47208	2536	186	1408
9.47831	2537	187	1408
9.48157	2538	184	208
9.48454	2539	186	1408
9.49077	2540	186	1408
9.49738	2541	187	208
9.50035	2542	190	1408
9.5061	2543	189	1408
9.51271	2544	190	208
9.51568	2545	192	1408
9.52478	2546	192	1408
9.52852	2547	190	208
9.53149	2548	193	1408
9.54059	2549	196	1408
9.54385	2550	193	208
9.54682	2551	195	1408
9.55592	2552	195	1408
9.56253	2553	196	208
9.5655	2554	199	1408
9.57173	2555	198	1408
9.57834	2556	197	208
9.58131	2557	200	1408
9.58706	2558	199	1408
9.59367	2559	199	208
9.59664	2560	202	1408
9.60287	2561	202	1408
9.60613	2562	199	208
9.6091	2563	202	1408
9.6182	2564	202	1408
9.62194	2565	199	208
9.62491	2566	202	1408
9.63066	2567	202	1408
9.63439	2568	200	208
9.63736	2569	202	1408
9.64312	2570	202	1408
9.64685	2571	199	208
9.64982	2572	202	1408
9.65557	2573	202	1408
9.6593	2574	200	208
9.66228	2575	202	1408
9.66803	2576	202	1408
9.67176	2577	196	208
9.67473	2578	199	1408
9.68048	2579	199	1408
9.68086	2580	193	208
9.68431	2581	196	1408
9.69294	2582	195	1408
9.69332	2583	191	208
9.69677	2584	193	1408
9.70252	2585	193	1408
9.70578	2586	190	208
9.70875	2587	193	1408
9.71498	2588	192	1408
9.71823	2589	190	208
9.7212	2590	193	1408
9.72743	2591	193	1408
9.72781	2592	187	208
9.73366	2593	192	1408
9.73989	2594	189	1408
9.74314	2595	187	208
9.74612	2596	190	1408
9.75234	2597	187	1408
9.7556	2598	181	208
9.75857	2599	184	1408
9.7648	2600	183	1408
9.77141	2601	181	208
9.77438	2602	184	1408
9.78013	2603	184	1408
9.78386	2604	177	208
9.78684	2605	180	1408
9.79594	2606	180	1408
9.7992	2607	178	208
9.80217	2608	181	1408
9.81127	2609	180	1408
9.815	2610	178	208
9.81798	2611	180	1408
9.82708	2612	181	1408
9.83034	2613	178	208
9.83331	2614	181	1408
9.83954	2615	180	1408
9.84614	2616	178	208
9.84912	2617	180	1408
9.85487	2618	178	1408
9.8586	2619	174	208
9.86445	2620	179	1408
9.87068	2621	177	1408
9.87393	2622	173	208
9.88026	2623	179	1408
9.88601	2624	177	1408
9.88974	2625	172	208
9.89559	2626	177	1408
9.90182	2627	176	1408
9.90555	2628	172	208
9.90852	2629	174	1408
9.91715	2630	175	1408
9.92088	2631	171	208
9.92673	2632	175	1408
9.93296	2633	174	1408
9.93621	2634	170	208
9.93966	2635	172	1408
9.94541	2636	173	1408
9.95202	2637	174	208
9.95499	2638	175	1408
9.96074	2639	175	1408
9.96448	2640	174	208
9.96745	2641	176	1408
9.9732	2642	176	1408
9.97693	2643	173	208
9.9799	2644	175	1408
9.98566	2645	176	1408
9.98939	2646	174	208
9.99524	2647	179	1408
10.0015	2648	179	1408
10.0047	2649	177	208
10.0077	2650	179	1408
10.0139	2651	179	1408
10.0172	2652	177	208
10.0201	2653	179	1408
10.0264	2654	180	1408
10.0296	2655	177	208
10.0331	2656	180	1408
10.0417	2657	182	1408
10.0426	2658	178	208
10.0455	2659	180	1408
10.0542	2660	183	1408
10.0579	2661	180	208
10.0609	2662	182	1408
10.0666	2663	183	1408
10.0704	2664	181	208
10.0733	2665	183	1408
10.0791	2666	183	1408
10.0828	2667	181	208
10.0858	2668	183	1408
10.092	2669	184	1408
10.0981	2670	184	208
10.1011	2671	187	1408
10.1073	2672	187	1408
10.1106	2673	184	208
10.1136	2674	186	1408
10.1198	2675	186	1408
10.1231	2676	185	208
10.126	2677	187	1408
10.1323	2678	187	1408
10.1355	2679	184	208
10.1385	2680	187	1408
10.1476	2681	189	1408
10.1513	2682	184	208
10.1543	2683	187	1408
10.1634	2684	187	1408
10.1666	2685	183	208
10.1696	2686	186	1408
10.1758	2687	186	1408
10.1796	2688	184	208
10.1854	2689	189	1408
10.1912	2690	186	1408
10.1949	2691	184	208
10.1979	2692	186	1408
10.2041	2693	187	1408
10.2102	2694	187	208
10.2132	2695	190	1408
10.2194	2696	189	1408
10.2227	2697	187	208
10.2257	2698	189	1408
10.2319	2699	186	1408
10.2385	2700	187	208
10.2415	2701	190	1408
10.2472	2702	190	1408
10.251	2703	186	208
10.2539	2704	189	1408
10.2597	2705	189	1408
10.2634	2706	187	208
10.2664	2707	189	1408
10.2721	2708	189	1408
10.2788	2709	187	208
10.2817	2710	190	1408
10.288	2711	190	1408
10.2912	2712	187	208
10.2942	2713	190	1408
10.3033	2714	193	1408
10.307	2715	191	208
10.31	2716	192	1408
10.3157	2717	192	1408
10.3195	2718	190	208
10.3224	2719	193	1408
10.3282	2720	193	1408
10.3319	2721	189	208
10.3349	2722	192	1408
10.344	2723	193	1408
10.3473	2724	190	208
10.3502	2725	193	1408
10.3565	2726	193	1408
10.3597	2727	190	208
10.366	2728	196	1408
10.3689	2729	192	1408
10.3755	2730	193	208
10.3785	2731	196	1408
10.3842	2732	196	1408
10.3909	2733	193	208
10.3938	2734	196	1408
10.4001	2735	196	1408
10.4033	2736	190	208
10.4063	2737	193	1408
10.4875	2738	53	1408
10.4944	2739	51	208
10.4974	2740	54	1408
10.5033	2741	53	1408
10.5069	2742	50	208
10.5099	2743	53	1408
10.5907	2744	53	1408
10.598	2745	51	208
10.601	2746	54	1408
10.6084	2747	55	1408
10.6122	2748	53	208
10.618	2749	57	1408
10.6939	2750	53	1408
10.6963	2751	51	208
10.6999	2752	53	1408
10.7052	2753	53	1408
10.7086	2754	50	208
10.7126	2755	53	1408
10.7184	2756	53	1408
10.7216	2757	50	208
10.7252	2758	53	1408
10.7312	2759	53	1408
10.7346	2760	50	208
10.7382	2761	53	1408
10.7442	2762	53	1408
10.7491	2763	52	208
10.7521	2764	55	1408
10.7583	2765	55	1408
10.7616	2766	52	208
10.7646	2767	54	1408
10.7708	2768	54	1408
10.7726	2769	50	208
10.7762	2770	53	1408
10.7822	2771	53	1408
10.7856	2772	50	208
10.7892	2773	53	1408
10.7952	2774	53	1408
10.7989	2775	50	208
10.8019	2776	53	1408
10.8071	2777	54	1408
10.8088	2778	50	208
10.8128	2779	53	1408
10.8168	2780	53	1408
10.819	2781	50	208
10.8226	2782	53	1408
10.8278	2783	53	1408
10.8288	2784	50	208
10.8324	2785	53	1408
10.8374	2786	53	1408
10.8398	2787	50	208
10.8428	2788	53	1408
10.8474	2789	53	1408
10.8497	2790	50	208
10.8533	2791	53	1408
10.8573	2792	53	1408
10.8599	2793	50	208
10.8635	2794	53	1408
10.8688	2795	53	1408
10.8702	2796	51	208
10.8738	2797	53	1408
10.8788	2798	53	1408
10.8808	2799	50	208
10.8838	2800	53	1408
10.8884	2801	53	1408
10.8923	2802	52	208
10.8953	2803	54	1408
10.9015	2804	56	1408
10.9053	2805	52	208
10.9111	2806	57	1408
10.9169	2807	54	1408
10.9206	2808	50	208
10.9265	2809	55	1408
10.9327	2810	54	1408
10.9395	2811	53	208
10.9425	2812	55	1408
10.9482	2813	56	1408
10.952	2814	53	208
10.9549	2815	55	1408
10.9607	2816	56	1408
10.9644	2817	55	208
10.9674	2818	57	1408
10.9731	2819	58	1408
10.9769	2820	56	208
10.9798	2821	58	1408
10.9856	2822	59	1408
10.9893	2823	58	208
10.9923	2824	60	1408
10.998	2825	61	1408
11.0018	2826	59	208
11.0048	2827	62	1408
11.0105	2828	63	1408
11.0142	2829	62	208
11.0172	2830	64	1408
11.023	2831	64	1408
11.0267	2832	63	208
11.0297	2833	65	1408
11.0354	2834	67	1408
11.0391	2835	66	208
11.0421	2836	68	1408
11.0479	2837	68	1408
11.0516	2838	67	208
11.0546	2839	69	1408
11.0603	2840	70	1408
11.0641	2841	69	208
11.067	2842	72	1408
11.0728	2843	72	1408
11.0765	2844	71	208
11.0795	2845	73	1408
11.0852	2846	74	1408
11.089	2847	72	208
11.0919	2848	74	1408
11.0977	2849	76	1408
11.1014	2850	75	208
11.1044	2851	77	1408
11.1102	2852	78	1408
11.1139	2853	76	208
11.1169	2854	78	1408
11.1226	2855	79	1408
11.1263	2856	78	208
11.1293	2857	81	1408
11.1351	2858	82	1408
11.1388	2859	80	208
11.1418	2860	82	1408
11.1475	2861	83	1408
11.1513	2862	82	208
11.1542	2863	84	1408
11.16	2864	85	1408
11.1637	2865	84	208
11.1667	2866	86	1408
11.1724	2867	87	1408
11.1762	2868	86	208
11.1791	2869	88	1408
11.1849	2870	88	1408
11.1886	2871	87	208
11.1916	2872	90	1408
11.1973	2873	91	1408
11.2011	2874	90	208
11.204	2875	92	1408
11.2098	2876	92	1408
11.2135	2877	91	208
11.2165	2878	93	1408
11.2223	2879	95	1408
11.226	2880	93	208
11.229	2881	95	1408
11.2352	2882	97	1408
11.2384	2883	95	208
11.2443	2884	100	1408
11.2505	2885	101	1408
11.2538	2886	99	208
11.2567	2887	102	1408
11.263	2888	103	1408
11.2667	2889	102	208
11.2726	2890	107	1408
11.2783	2891	108	1408
11.282	2892	107	208
11.285	2893	109	1408
11.2908	2894	110	1408
11.2945	2895	109	208
11.2975	2896	111	1408
11.3066	2897	115	1408
11.3098	2898	113	208
11.3128	2899	115	1408
11.319	2900	117	1408
11.3223	2901	115	208
11.3253	2902	118	1408
11.3344	2903	122	1408
11.3381	2904	121	208
11.3411	2905	123	1408
11.3468	2906	123	1408
11.3505	2907	122	208
11.3564	2908	127	1408
11.3597	2909	126	1408
11.3659	2910	127	208
11.3689	2911	129	1408
11.3751	2912	131	1408
11.3788	2913	129	208
11.3847	2914	134	1408
11.3904	2915	135	1408
11.3941	2916	134	208
11.3971	2917	137	1408
11.4029	2918	137	1408
11.4066	2919	136	208
11.4096	2920	138	1408
11.4158	2921	139	1408
11.4191	2922	138	208
11.422	2923	140	1408
11.4278	2924	141	1408
11.4315	2925	140	208
11.4345	2926	142	1408
11.4402	2927	143	1408
11.4406	2928	138	208
11.4436	2929	140	1408
11.4498	2930	141	1408
11.4531	2931	140	208
11.456	2932	143	1408
11.4594	2933	141	1408
11.4627	2934	139	208
11.4656	2935	141	1408
11.4714	2936	142	1408
11.4751	2937	141	208
11.4781	2938	143	1408
11.481	2939	141	1408
11.4842	2940	140	208
11.4872	2941	142	1408
11.4934	2942	143	1408
11.4967	2943	141	208
11.4996	2944	143	1408
11.5059	2945	144	1408
11.5062	2946	140	208
11.5092	2947	143	1408
11.515	2948	143	1408
11.5158	2949	139	208
11.5217	2950	144	1408
11.5274	2951	145	1408
11.5278	2952	140	208
11.5308	2953	142	1408
11.537	2954	145	1408
11.5403	2955	143	208
11.5432	2956	145	1408
11.5466	2957	143	1408
11.5498	2958	141	208
11.5528	2959	143	1408
11.5586	2960	144	1408
11.5623	2961	143	208
11.5653	2962	146	1408
11.571	2963	147	1408
11.5748	2964	145	208
11.5777	2965	147	1408
11.5835	2966	148	1408
11.5872	2967	147	208
11.5902	2968	149	1408
11.5931	2969	148	1408
11.5963	2970	146	208
11.6026	2971	151	1408
11.6084	2972	152	1408
11.6121	2973	151	208
11.6151	2974	153	1408
11.6208	2975	153	1408
11.6217	2976	149	208
11.6247	2977	152	1408
11.6304	2978	153	1408
11.6337	2979	151	208
11.64	2980	157	1408
11.6458	2981	157	1408
11.6495	2982	156	208
11.6525	2983	159	1408
11.6582	2984	160	1408
11.6586	2985	155	208
11.662	2986	158	1408
11.6678	2987	158	1408
11.6711	2988	157	208
11.6774	2989	162	1408
11.6803	2990	162	1408
11.6835	2991	161	208
11.6865	2992	163	1408
11.6927	2993	165	1408
11.696	2994	164	208
11.6989	2995	166	1408
11.7023	2996	167	1408
11.7055	2997	166	208
11.7085	2998	168	1408
11.7143	2999	170	1408
11.718	3000	169	208
11.721	3001	172	1408
11.7267	3002	174	1408
11.7271	3003	171	208
11.7306	3004	173	1408
11.7363	3005	175	1408
11.7396	3006	174	208
11.7425	3007	177	1408
11.7488	3008	179	1408
11.7491	3009	176	208
11.755	3010	180	1408
11.7612	3011	183	1408
11.7616	3012	179	208
11.7646	3013	182	1408
11.7703	3014	183	1408
11.7741	3015	181	208
11.777	3016	184	1408
11.7828	3017	185	1408
11.7865	3018	184	208
11.7895	3019	187	1408
11.7952	3020	187	1408
11.799	3021	183	208
11.8019	3022	186	1408
11.811	3023	189	1408
11.8143	3024	185	208
11.8173	3025	187	1408
11.8235	3026	187	1408
11.8301	3027	187	208
11.8331	3028	189	1408
11.8388	3029	188	1408
11.8426	3030	185	208
11.8484	3031	190	1408
11.8518	3032	187	1408
11.8579	3033	186	208
11.8609	3034	188	1408
11.8671	3035	188	1408
11.8708	3036	185	208
11.8767	3037	190	1408
11.8824	3038	189	1408
11.8862	3039	187	208
11.8891	3040	189	1408
11.8954	3041	188	1408
11.9015	3042	188	208
11.9045	3043	190	1408
11.9107	3044	189	1408
11.9139	3045	187	208
11.9174	3046	190	1408
11.9231	3047	191	1408
11.9264	3048	189	208
11.9294	3049	192	1408
11.9356	3050	193	1408
11.9389	3051	191	208
11.9418	3052	193	1408
11.9481	3053	195	1408
11.9513	3054	193	208
11.9543	3055	196	1408
11.9605	3056	197	1408
11.9638	3057	195	208
11.9667	3058	197	1408
11.973	3059	198	1408
11.9762	3060	197	208
11.9792	3061	199	1408
11.9854	3062	200	1408
11.9887	3063	198	208
11.9917	3064	201	1408
11.9979	3065	202	1408
12.0011	3066	201	208
12.0041	3067	203	1408
12.0103	3068	204	1408
12.0136	3069	202	208
12.0166	3070	205	1408
12.0228	3071	206	1408
12.026	3072	205	208
12.029	3073	207	1408
12.0352	3074	208	1408
12.0385	3075	206	208
12.0415	3076	208	1408
12.0477	3077	209	1408
12.051	3078	207	208
12.0539	3079	210	1408
12.0602	3080	212	1408
12.0634	3081	210	208
12.0664	3082	212	1408
12.0726	3083	211	1408
12.0763	3084	209	208
12.0793	3085	212	1408
12.0879	3086	214	1408
12.0946	3087	211	208
12.0975	3088	214	1408
12.1038	3089	215	1408
12.1075	3090	209	208
12.1105	3091	212	1408
12.1162	3092	213	1408
12.1228	3093	212	208
12.1258	3094	215	1408
12.1315	3095	214	1408
12.1382	3096	212	208
12.1411	3097	215	1408
12.1474	3098	215	1408
12.1506	3099	211	208
12.1536	3100	214	1408
12.1598	3101	214	1408
12.1664	3102	212	208
12.1694	3103	215	1408
12.1751	3104	215	1408
12.1789	3105	211	208
12.1818	3106	214	1408
12.1876	3107	214	1408
12.1913	3108	212	208
12.1943	3109	215	1408
12.2034	3110	218	1408
12.2067	3111	215	208
12.2096	3112	218	1408
12.2159	3113	217	1408
12.2191	3114	215	208
12.2221	3115	218	1408
12.2283	3116	218	1408
12.2349	3117	218	208
12.2379	3118	221	1408
12.2436	3119	220	1408
12.2474	3120	218	208
12.2503	3121	221	1408
12.2561	3122	221	1408
12.2598	3123	218	208
12.2628	3124	221	1408
12.2686	3125	221	1408
12.2752	3126	221	208
12.2781	3127	224	1408
12.2844	3128	224	1408
12.2876	3129	221	208
12.2906	3130	224	1408
12.2968	3131	224	1408
12.3001	3132	221	208
12.3031	3133	224	1408
12.3122	3134	227	1408
12.313	3135	222	208
12.316	3136	224	1408
12.3246	3137	227	1408
12.3283	3138	224	208
12.3313	3139	227	1408
12.3371	3140	227	1408
12.3408	3141	224	208
12.3438	3142	227	1408
12.35	3143	227	1408
12.3561	3144	227	208
12.3591	3145	230	1408
12.3653	3146	227	1408
12.3719	3147	224	208
12.3749	3148	227	1408
12.3807	3149	227	1408
12.3844	3150	224	208
12.3874	3151	227	1408
12.3936	3152	227	1408
12.3997	3153	224	208
12.4027	3154	227	1408
12.4118	3155	230	1408
12.4155	3156	224	208
12.4185	3157	227	1408
12.4247	3158	227	1408
12.4309	3159	227	208
12.4338	3160	230	1408
12.4401	3161	231	1408
12.4438	3162	224	208
12.4468	3163	227	1408
12.4554	3164	230	1408
12.4591	3165	228	208
12.4621	3166	231	1408
12.4679	3167	230	1408
12.4716	3168	227	208
12.4746	3169	230	1408
12.4837	3170	230	1408
12.4869	3171	227	208
12.4899	3172	230	1408
12.4961	3173	231	1408
12.4994	3174	227	208
12.5023	3175	230	1408
12.5115	3176	233	1408
12.5181	3177	231	208
12.521	3178	234	1408
12.5273	3179	234	1408
12.5339	3180	233	208
12.5368	3181	236	1408
12.5426	3182	236	1408
12.5492	3183	237	208
12.5522	3184	240	1408
12.5584	3185	240	1408
12.565	3186	237	208
12.568	3187	239	1408
12.5771	3188	243	1408
12.5803	3189	240	208
12.5833	3190	243	1408
12.5924	3191	246	1408
12.5961	3192	243	208
12.5991	3193	246	1408
12.6082	3194	246	1408
12.6115	3195	245	208
12.6145	3196	248	1408
12.6207	3197	246	1408
12.6244	3198	243	208
12.6274	3199	246	1408
12.6331	3200	246	1408
12.6369	3201	243	208
12.6398	3202	246	1408
12.6485	3203	248	1408
12.6522	3204	243	208
12.6552	3205	246	1408
12.6614	3206	246	1408
12.6675	3207	242	208
12.6705	3208	245	1408
12.6734	3209	243	1408
12.6771	3210	240	208
12.6801	3211	243	1408
12.6858	3212	242	1408
12.6896	3213	237	208
12.6925	3214	240	1408
12.7016	3215	240	1408
12.7049	3216	236	208
12.7079	3217	239	1408
12.7141	3218	239	1408
12.7174	3219	234	208
12.7203	3220	237	1408
12.7266	3221	236	1408
12.7298	3222	232	208
12.7328	3223	234	1408
12.739	3224	234	1408
12.7423	3225	230	208
12.7452	3226	233	1408
12.7515	3227	232	1408
12.7547	3228	228	208
12.7577	3229	230	1408
12.7639	3230	230	1408
12.7672	3231	227	208
12.7702	3232	229	1408
12.7764	3233	229	1408
12.7796	3234	225	208
12.7826	3235	227	1408
12.7888	3236	227	1408
12.7921	3237	221	208
12.7951	3238	224	1408
12.8013	3239	224	1408
12.8079	3240	221	208
12.8109	3241	224	1408
12.8166	3242	224	1408
12.8232	3243	221	208
12.8262	3244	224	1408
12.8324	3245	224	1408
12.839	3246	221	208
12.842	3247	224	1408
12.8511	3248	224	1408
12.8544	3249	221	208
12.8573	3250	224	1408
12.8664	3251	224	1408
12.8702	3252	221	208
12.8732	3253	224	1408
12.8794	3254	221	1408
12.8855	3255	221	208
12.8885	3256	224	1408
12.8947	3257	224	1408
12.898	3258	220	208
12.9009	3259	223	1408
12.9072	3260	224	1408
12.9109	3261	221	208
12.9139	3262	224	1408
12.9225	3263	224	1408
12.9262	3264	221	208
12.9292	3265	224	1408
12.9354	3266	224	1408
12.9416	3267	221	208
12.9445	3268	224	1408
12.9508	3269	225	1408
12.954	3270	224	208
12.957	3271	225	1408
12.9632	3272	227	1408
12.9665	3273	224	208
12.9694	3274	227	1408
12.9785	3275	227	1408
12.9823	3276	225	208
12.9853	3277	228	1408
12.991	3278	227	1408
12.9976	3279	227	208
13.0006	3280	230	1408
13.0068	3281	230	1408
13.0101	3282	228	208
13.013	3283	231	1408
13.0193	3284	230	1408
13.0225	3285	227	208
13.0255	3286	230	1408
13.0317	3287	230	1408
13.0383	3288	231	208
13.0413	3289	234	1408
13.0471	3290	233	1408
13.0508	3291	230	208
13.0538	3292	233	1408
13.0595	3293	233	1408
13.0632	3294	231	208
13.0662	3295	234	1408
13.072	3296	233	1408
13.0786	3297	233	208
13.0816	3298	236	1408
13.0878	3299	236	1408
13.0915	3300	231	208
13.0945	3301	234	1408
13.1031	3302	237	1408
13.1097	3303	233	208
13.1127	3304	236	1408
13.116	3305	234	1408
13.1222	3306	230	208
13.1251	3307	233	1408
13.1343	3308	233	1408
13.138	3309	230	208
13.141	3310	233	1408
13.1501	3311	234	1408
13.1533	3312	230	208
13.1563	3313	233	1408
13.1625	3314	233	1408
13.1691	3315	231	208
13.1721	3316	234	1408
13.1778	3317	233	1408
13.1816	3318	230	208
13.1846	3319	233	1408
13.1908	3320	233	1408
13.1969	3321	233	208
13.1999	3322	236	1408
13.209	3323	236	1408
13.2127	3324	233	208
13.2157	3325	236	1408
13.2214	3326	236	1408
13.2281	3327	234	208
13.231	3328	237	1408
13.2373	3329	237	1408
13.2405	3330	233	208
13.2435	3331	236	1408
13.2497	3332	236	1408
13.253	3333	233	208
13.2559	3334	236	1408
13.265	3335	237	1408
13.2688	3336	233	208
13.2717	3337	236	1408
13.2775	3338	236	1408
13.2841	3339	234	208
13.2871	3340	237	1408
13.2933	3341	237	1408
13.2966	3342	233	208
13.2995	3343	236	1408
13.3086	3344	239	1408
13.3124	3345	237	208
13.3153	3346	240	1408
13.3211	3347	240	1408
13.3277	3348	236	208
13.3307	3349	239	1408
13.3369	3350	239	1408
13.3402	3351	237	208
13.3431	3352	240	1408
13.3494	3353	240	1408
13.3526	3354	236	208
13.3556	3355	239	1408
13.3618	3356	239	1408
13.3651	3357	234	208
13.368	3358	237	1408
13.3709	3359	233	1408
13.3713	3360	227	208
13.3743	3361	230	1408
13.3771	3362	224	1408
13.3809	3363	218	208
13.3838	3364	221	1408
13.3896	3365	222	1408
13.3962	3366	221	208
13.3992	3367	224	1408
13.4054	3368	221	1408
13.4087	3369	217	208
13.4116	3370	220	1408
13.427	3371	214	1408
13.4336	3372	211	208
13.4365	3373	214	1408
13.4428	3374	215	1408
13.446	3375	212	208
13.449	3376	215	1408
13.4552	3377	215	1408
13.4618	3378	212	208
13.4648	3379	215	1408
13.4739	3380	214	1408
13.4772	3381	212	208
13.4801	3382	215	1408
13.4864	3383	215	1408
13.493	3384	211	208
13.496	3385	214	1408
13.5017	3386	214	1408
13.5054	3387	212	208
13.5113	3388	217	1408
13.5175	3389	216	1408
13.5208	3390	212	208
13.5237	3391	214	1408
13.53	3392	213	1408
13.5366	3393	213	208
13.5395	3394	215	1408
13.5453	3395	214	1408
13.5519	3396	213	208
13.5549	3397	215	1408
13.5611	3398	215	1408
13.5644	3399	211	208
13.5707	3400	216	1408
13.5764	3401	216	1408
13.5802	3402	213	208
13.5831	3403	215	1408
13.5889	3404	213	1408
13.5955	3405	213	208
13.5985	3406	215	1408
13.6047	3407	214	1408
13.608	3408	212	208
13.6109	3409	214	1408
13.6172	3410	216	1408
13.6204	3411	214	208
13.6234	3412	216	1408
13.6296	3413	217	1408
13.6329	3414	214	208
13.6358	3415	217	1408
13.6421	3416	219	1408
13.6453	3417	216	208
13.6483	3418	219	1408
13.6545	3419	219	1408
13.6578	3420	217	208
13.6608	3421	220	1408
13.667	3422	220	1408
13.6702	3423	219	208
13.6732	3424	221	1408
13.6794	3425	222	1408
13.6798	3426	217	208
13.6828	3427	219	1408
13.6857	3428	217	1408
13.6923	3429	215	208
13.6952	3430	218	1408
13.701	3431	214	1408
13.7076	3432	215	208
13.7106	3433	218	1408
13.7168	3434	217	1408
13.7201	3435	215	208
13.723	3436	218	1408
13.7321	3437	218	1408
13.7387	3438	214	208
13.7417	3439	217	1408
13.7479	3440	217	1408
13.7546	3441	218	208
13.7575	3442	221	1408
13.7638	3443	217	1408
13.767	3444	216	208
13.77	3445	218	1408
13.782	3446	220	1408
13.7857	3447	218	208
13.7887	3448	221	1408
13.7944	3449	221	1408
13.7953	3450	215	208
13.7982	3451	218	1408
13.8069	3452	217	1408
13.8106	3453	215	208
13.8136	3454	218	1408
13.8193	3455	215	1408
13.8231	3456	212	208
13.826	3457	215	1408
13.8318	3458	211	1408
13.8355	3459	209	208
13.8385	3460	212	1408
13.8442	3461	211	1408
13.848	3462	209	208
13.8509	3463	212	1408
13.8567	3464	208	1408
13.8604	3465	206	208
13.8634	3466	209	1408
13.8692	3467	208	1408
13.8729	3468	205	208
13.8759	3469	208	1408
13.8816	3470	208	1408
13.8825	3471	203	208
13.8854	3472	206	1408
13.8912	3473	206	1408
13.8944	3474	202	208
13.8974	3475	205	1408
13.9036	3476	205	1408
13.9069	3477	202	208
13.9099	3478	205	1408
13.9161	3479	206	1408
13.9194	3480	202	208
13.9223	3481	205	1408
13.9286	3482	205	1408
13.9318	3483	202	208
13.9348	3484	205	1408
13.941	3485	207	1408
13.9443	3486	204	208
13.9472	3487	207	1408
13.9535	3488	207	1408
13.9567	3489	205	208
13.9597	3490	208	1408
13.9688	3491	208	1408
13.9725	3492	206	208
13.9755	3493	209	1408
13.9813	3494	208	1408
13.9879	3495	205	208
13.9908	3496	208	1408
13.9999	3497	208	1408
14.0037	3498	205	208
14.0066	3499	208	1408
14.0157	3500	208	1408
14.019	3501	206	208
14.022	3502	208	1408
14.0282	3503	208	1408
14.0348	3504	202	208
14.0378	3505	205	1408
14.0435	3506	205	1408
14.0501	3507	206	208
14.0531	3508	209	1408
14.0565	3509	207	1408
14.0626	3510	206	208
14.0656	3511	209	1408
14.0718	3512	208	1408
14.0751	3513	206	208
14.078	3514	209	1408
14.0843	3515	208	1408
14.088	3516	206	208
14.091	3517	209	1408
14.0996	3518	211	1408
14.1033	3519	209	208
14.1063	3520	212	1408
14.112	3521	211	1408
14.1158	3522	209	208
14.1188	3523	212	1408
14.1245	3524	211	1408
14.1311	3525	212	208
14.1341	3526	215	1408
14.1403	3527	215	1408
14.1436	3528	212	208
14.1465	3529	215	1408
14.1499	3530	213	1408
14.156	3531	214	208
14.159	3532	216	1408
14.1652	3533	217	1408
14.1685	3534	215	208
14.1715	3535	218	1408
14.1777	3536	218	1408
14.1809	3537	214	208
14.1839	3538	217	1408
14.1901	3539	218	1408
14.1939	3540	215	208
14.1968	3541	218	1408
14.2055	3542	221	1408
14.2092	3543	218	208
14.2122	3544	221	1408
14.2179	3545	220	1408
14.2217	3546	218	208
14.2246	3547	221	1408
14.2304	3548	221	1408
14.237	3549	218	208
14.24	3550	221	1408
14.2462	3551	221	1408
14.2494	3552	218	208
14.2524	3553	221	1408
14.2615	3554	221	1408
14.2681	3555	218	208
14.2711	3556	221	1408
14.2773	3557	221	1408
14.2839	3558	218	208
14.2869	3559	221	1408
14.2927	3560	220	1408
14.2964	3561	218	208
14.2994	3562	221	1408
14.3085	3563	221	1408
14.3117	3564	218	208
14.3147	3565	221	1408
14.3238	3566	220	1408
14.3242	3567	217	208
14.3272	3568	220	1408
14.3363	3569	221	1408
14.34	3570	218	208
14.343	3571	220	1408
14.3492	3572	220	1408
14.3553	3573	219	208
14.3583	3574	221	1408
14.3645	3575	220	1408
14.3711	3576	220	208
14.3741	3577	222	1408
14.3799	3578	220	1408
14.3865	3579	220	208
14.3894	3580	222	1408
14.3957	3581	221	1408
14.3989	3582	217	208
14.4019	3583	219	1408
14.4081	3584	220	1408
14.4147	3585	219	208
14.4177	3586	221	1408
14.4234	3587	220	1408
14.4272	3588	217	208
14.4302	3589	219	1408
14.4393	3590	221	1408
14.4425	3591	219	208
14.4455	3592	221	1408
14.4517	3593	222	1408
14.455	3594	220	208
14.4579	3595	222	1408
14.4608	3596	220	1408
14.4645	3597	219	208
14.4675	3598	221	1408
14.4733	3599	222	1408
14.477	3600	220	208
14.48	3601	222	1408
14.4857	3602	223	1408
14.4895	3603	221	208
14.4924	3604	224	1408
14.4982	3605	224	1408
14.5019	3606	221	208
14.5049	3607	224	1408
14.514	3608	223	1408
14.5172	3609	221	208
14.5202	3610	224	1408
14.5264	3611	224	1408
14.5331	3612	222	208
14.536	3613	225	1408
14.5418	3614	220	1408
14.5455	3615	218	208
14.5485	3616	221	1408
14.5576	3617	220	1408
14.5608	3618	218	208
14.5638	3619	221	1408
14.57	3620	221	1408
14.5767	3621	218	208
14.5796	3622	221	1408
14.5854	3623	221	1408
14.592	3624	218	208
14.595	3625	221	1408
14.6012	3626	223	1408
14.6044	3627	218	208
14.6074	3628	221	1408
14.6136	3629	220	1408
14.6174	3630	218	208
14.6203	3631	221	1408
14.629	3632	220	1408
14.6327	3633	218	208
14.6357	3634	221	1408
14.6448	3635	220	1408
14.648	3636	219	208
14.651	3637	222	1408
14.6601	3638	221	1408
14.6638	3639	218	208
14.6668	3640	221	1408
14.6726	3641	221	1408
14.6763	3642	218	208
14.6793	3643	221	1408
14.6884	3644	221	1408
14.6916	3645	218	208
14.6946	3646	221	1408
14.7037	3647	223	1408
14.7074	3648	218	208
14.7104	3649	221	1408
14.7166	3650	221	1408
14.7228	3651	221	208
14.7257	3652	224	1408
14.732	3653	223	1408
14.7352	3654	222	208
14.7382	3655	225	1408
14.7444	3656	225	1408
14.7477	3657	223	208
14.7507	3658	225	1408
14.7569	3659	226	1408
14.7601	3660	225	208
14.7631	3661	227	1408
14.7693	3662	227	1408
14.7946	3663	203	208
14.7976	3664	206	1408
14.8034	3665	205	1408
14.81	3666	202	208
14.8129	3667	205	1408
14.8192	3668	205	1408
14.8224	3669	202	208
14.8254	3670	204	1408
14.8345	3671	205	1408
14.8382	3672	203	208
14.8412	3673	205	1408
14.847	3674	201	1408
14.8536	3675	202	208
14.8565	3676	204	1408
14.8628	3677	204	1408
14.866	3678	202	208
14.869	3679	203	1408
14.8752	3680	204	1408
14.8818	3681	202	208
14.8848	3682	205	1408
14.8905	3683	204	1408
14.8972	3684	203	208
14.9001	3685	206	1408
14.9064	3686	205	1408
14.9096	3687	199	208
14.9126	3688	202	1408
14.9217	3689	204	1408
14.9254	3690	202	208
14.9284	3691	204	1408
14.9341	3692	204	1408
14.9379	3693	199	208
14.9408	3694	202	1408
14.9466	3695	201	1408
14.9503	3696	197	208
14.9533	3697	200	1408
14.9591	3698	199	1408
14.9628	3699	196	208
14.9658	3700	198	1408
14.9715	3701	196	1408
14.9752	3702	193	208
14.9782	3703	196	1408
14.984	3704	194	1408
14.9877	3705	192	208
14.9907	3706	194	1408
14.9964	3707	194	1408
15.0002	3708	192	208
15.0031	3709	194	1408
15.006	3710	191	1408
15.0097	3711	187	208
15.0156	3712	192	1408
15.0276	3713	180	1408
15.0313	3714	178	208
15.0343	3715	181	1408
15.04	3716	177	1408
15.0438	3717	174	208
15.0467	3718	177	1408
15.0529	3719	177	1408
15.0591	3720	175	208
15.0621	3721	178	1408
15.0683	3722	177	1408
15.0715	3723	174	208
15.0745	3724	177	1408
15.0836	3725	177	1408
15.0873	3726	175	208
15.0903	3727	178	1408
15.0965	3728	177	1408
15.1027	3729	177	208
15.1056	3730	180	1408
15.1119	3731	177	1408
15.1156	3732	175	208
15.1186	3733	178	1408
15.1272	3734	177	1408
15.1338	3735	175	208
15.1368	3736	177	1408
15.1459	3737	178	1408
15.1496	3738	173	208
15.1526	3739	175	1408
15.1617	3740	176	1408
15.165	3741	171	208
15.1713	3742	176	1408
15.177	3743	174	1408
15.1836	3744	172	208
15.1866	3745	174	1408
15.1957	3746	174	1408
15.1995	3747	170	208
15.2024	3748	172	1408
15.2115	3749	172	1408
15.2153	3750	168	208
15.2211	3751	173	1408
15.2269	3752	170	1408
15.2306	3753	167	208
15.2336	3754	169	1408
15.2398	3755	169	1408
15.2459	3756	169	208
15.2489	3757	171	1408
15.2551	3758	172	1408
15.2584	3759	169	208
15.2614	3760	171	1408
15.2676	3761	171	1408
15.2742	3762	171	208
15.2772	3763	173	1408
15.2829	3764	172	1408
15.2866	3765	170	208
15.2896	3766	172	1408
15.2987	3767	175	1408
15.302	3768	172	208
15.3049	3769	174	1408
15.3112	3770	174	1408
15.3144	3771	171	208
15.3179	3772	173	1408
15.3236	3773	173	1408
15.3302	3774	174	208
15.3332	3775	176	1408
15.339	3776	175	1408
15.3427	3777	173	208
15.3457	3778	175	1408
15.3548	3779	177	1408
15.358	3780	175	208
15.361	3781	176	1408
15.3672	3782	177	1408
15.3705	3783	174	208
15.3735	3784	176	1408
15.3826	3785	179	1408
15.3863	3786	176	208
15.3893	3787	179	1408
15.395	3788	178	1408
15.3987	3789	175	208
15.4017	3790	177	1408
15.4075	3791	177	1408
15.4141	3792	178	208
15.4171	3793	180	1408
15.4233	3794	180	1408
15.4265	3795	176	208
15.4295	3796	178	1408
15.4357	3797	178	1408
15.4423	3798	179	208
15.4453	3799	181	1408
15.4511	3800	180	1408
15.4548	3801	177	208
15.4578	3802	179	1408
15.4635	3803	179	1408
15.4701	3804	180	208
15.4731	3805	182	1408
15.4793	3806	181	1408
15.4826	3807	177	208
15.4856	3808	180	1408
15.4947	3809	182	1408
15.4984	3810	180	208
15.5014	3811	182	1408
15.5071	3812	180	1408
15.5137	3813	180	208
15.5167	3814	182	1408
15.5229	3815	182	1408
15.5267	3816	178	208
15.5296	3817	181	1408
15.5383	3818	183	1408
15.542	3819	180	208
15.545	3820	182	1408
15.5507	3821	182	1408
15.5544	3822	180	208
15.5603	3823	185	1408
15.5665	3824	183	1408
15.5698	3825	180	208
15.5728	3826	182	1408
15.579	3827	182	1408
15.5856	3828	181	208
15.5886	3829	184	1408
15.5943	3830	183	1408
15.598	3831	181	208
15.601	3832	183	1408
15.6072	3833	183	1408
15.6134	3834	181	208
15.6163	3835	184	1408
15.6255	3836	186	1408
15.6263	3837	181	208
15.6322	3838	186	1408
15.6379	3839	185	1408
15.6416	3840	183	208
15.6446	3841	185	1408
15.6537	3842	186	1408
15.657	3843	183	208
15.6599	3844	185	1408
15.6662	3845	186	1408
15.6699	3846	183	208
15.6758	3847	188	1408
15.6815	3848	186	1408
15.6852	3849	184	208
15.6882	3850	186	1408
15.6973	3851	189	1408
15.7006	3852	186	208
15.7035	3853	188	1408
15.7098	3854	186	1408
15.7164	3855	187	208
15.7193	3856	189	1408
15.7251	3857	189	1408
15.7288	3858	184	208
15.7318	3859	187	1408
15.738	3860	187	1408
15.7442	3861	187	208
15.7471	3862	189	1408
15.7562	3863	190	1408
15.76	3864	186	208
15.7629	3865	189	1408
15.7687	3866	188	1408
15.7753	3867	187	208
15.7783	3868	190	1408
15.7845	3869	189	1408
15.7878	3870	186	208
15.7907	3871	188	1408
15.7998	3872	189	1408
15.8036	3873	187	208
15.8065	3874	189	1408
15.8123	3875	189	1408
15.816	3876	187	208
15.8219	3877	191	1408
15.8281	3878	190	1408
15.8314	3879	187	208
15.8348	3880	189	1408
15.8406	3881	189	1408
15.8472	3882	190	208
15.8501	3883	192	1408
15.8564	3884	190	1408
15.8625	3885	187	208
15.8655	3886	190	1408
15.8717	3887	189	1408
15.8754	3888	187	208
15.8784	3889	190	1408
15.887	3890	193	1408
15.8936	3891	190	208
15.8966	3892	193	1408
15.9028	3893	192	1408
15.9061	3894	190	208
15.9091	3895	193	1408
15.9182	3896	193	1408
15.9219	3897	190	208
15.9249	3898	193	1408
15.9306	3899	192	1408
15.9377	3900	190	208
15.9407	3901	193	1408
15.9493	3902	196	1408
15.9559	3903	196	208
15.9589	3904	199	1408
15.968	3905	198	1408
15.9717	3906	196	208
15.9747	3907	199	1408
15.9838	3908	202	1408
15.9871	3909	198	208
15.9934	3910	203	1408
15.9996	3911	201	1408
16.0091	3912	202	208
16.0121	3913	204	1408
16.0212	3914	205	1408
16.0278	3915	203	208
16.0307	3916	204	1408
16.0399	3917	205	1408
16.0465	3918	204	208
16.0494	3919	206	1408
16.0585	3920	206	1408
16.0618	3921	201	208
16.0648	3922	203	1408
16.0739	3923	203	1408
16.0776	3924	199	208
16.0834	3925	204	1408
16.0897	3926	202	1408
16.0929	3927	198	208
16.0959	3928	200	1408
16.1021	3929	201	1408
16.1054	3930	198	208
16.1084	3931	200	1408
16.1146	3932	200	1408
16.1178	3933	197	208
16.1208	3934	199	1408
16.1237	3935	196	1408
16.1274	3936	193	208
16.1333	3937	198	1408
16.1361	3938	195	1408
16.1399	3939	192	208
16.1457	3940	197	1408
16.1486	3941	194	1408
16.1523	3942	192	208
16.1553	3943	194	1408
16.1611	3944	193	1408
16.1648	3945	190	208
16.1678	3946	192	1408
16.1735	3947	192	1408
16.1772	3948	190	208
16.1802	3949	192	1408
16.186	3950	191	1408
16.1897	3951	189	208
16.1927	3952	191	1408
16.1984	3953	190	1408
16.205	3954	187	208
16.208	3955	190	1408
16.2142	3956	189	1408
16.2208	3957	187	208
16.2238	3958	190	1408
16.2296	3959	186	1408
16.2362	3960	187	208
16.2391	3961	189	1408
16.2483	3962	186	1408
16.2549	3963	183	208
16.2578	3964	186	1408
16.2669	3965	186	1408
16.2707	3966	181	208
16.2736	3967	184	1408
16.2827	3968	183	1408
16.2894	3969	181	208
16.2923	3970	184	1408
16.2981	3971	183	1408
16.3047	3972	181	208
16.3077	3973	184	1408
16.3168	3974	183	1408
16.3205	3975	181	208
16.3235	3976	183	1408
16.3292	3977	183	1408
16.3329	3978	180	208
16.3359	3979	182	1408
16.345	3980	186	1408
16.3483	3981	183	208
16.3512	3982	185	1408
16.3604	3983	187	1408
16.3612	3984	182	208
16.3671	3985	187	1408
16.3728	3986	186	1408
16.3765	3987	184	208
16.3824	3988	189	1408
16.3857	3989	186	1408
16.3919	3990	185	208
16.3948	3991	188	1408
16.4011	3992	188	1408
16.4077	3993	188	208
16.4107	3994	190	1408
16.4164	3995	190	1408
16.4201	3996	188	208
16.4231	3997	190	1408
16.4293	3998	190	1408
16.4355	3999	189	208
16.4384	4000	191	1408
16.4447	4001	191	1408
16.4484	4002	189	208
16.4543	4003	194	1408
16.46	4004	194	1408
16.4637	4005	191	208
16.4667	4006	193	1408
16.4758	4007	196	1408
16.4791	4008	193	208
16.482	4009	195	1408
16.4883	4010	195	1408
16.4915	4011	192	208
16.4978	4012	197	1408
16.5036	4013	196	1408
16.5102	4014	193	208
16.5132	4015	196	1408
16.5223	4016	198	1408
16.526	4017	194	208
16.529	4018	196	1408
16.5381	4019	196	1408
16.5413	4020	193	208
16.5443	4021	195	1408
16.5534	4022	196	1408
16.56	4023	194	208
16.563	4024	197	1408
16.5692	4025	196	1408
16.573	4026	193	208
16.5788	4027	198	1408
16.5846	4028	198	1408
16.5883	4029	193	208
16.5913	4030	196	1408
16.6004	4031	198	1408
16.607	4032	196	208
16.61	4033	199	1408
16.6157	4034	198	1408
16.6194	4035	196	208
16.6224	4036	198	1408
16.6315	4037	199	1408
16.6348	4038	196	208
16.6377	4039	198	1408
16.6468	4040	201	1408
16.6506	4041	199	208
16.6535	4042	201	1408
16.6627	4043	202	1408
16.6659	4044	199	208
16.6689	4045	201	1408
16.6751	4046	202	1408
16.6784	4047	199	208
16.6813	4048	201	1408
16.6904	4049	202	1408
16.6942	4050	200	208
16.7	4051	205	1408
16.7062	4052	202	1408
16.7095	4053	199	208
16.7125	4054	202	1408
16.7216	4055	205	1408
16.7253	4056	200	208
16.7283	4057	203	1408
16.7374	4058	205	1408
16.7406	4059	202	208
16.7436	4060	205	1408
16.7527	4061	205	1408
16.7565	4062	203	208
16.7594	4063	206	1408
16.7685	4064	205	1408
16.7751	4065	203	208
16.7781	4066	206	1408
16.7839	4067	204	1408
16.7905	4068	202	208
16.7934	4069	205	1408
16.7997	4070	205	1408
16.8063	4071	203	208
16.8092	4072	206	1408
16.8183	4073	205	1408
16.8216	4074	200	208
16.8251	4075	203	1408
16.8337	4076	203	1408
16.8403	4077	201	208
16.8433	4078	203	1408
16.8524	4079	204	1408
16.8561	4080	200	208
16.8619	4081	203	1408
16.8682	4082	202	1408
16.8748	4083	200	208
16.8778	4084	202	1408
16.8869	4085	202	1408
16.8935	4086	201	208
16.8964	4087	203	1408
16.9027	4088	200	1408
16.9088	4089	198	208
16.9122	4090	201	1408
16.9209	4091	201	1408
16.9246	4092	198	208
16.9276	4093	200	1408
16.9367	4094	203	1408
16.9399	4095	200	208
16.9429	4096	202	1408
16.9491	4097	203	1408
16.9524	4098	200	208
16.9587	4099	205	1408
16.9645	4100	205	1408
16.9682	4101	202	208
16.9741	4102	207	1408
16.9774	4103	204	1408
16.9835	4104	203	208
16.9865	4105	205	1408
16.9956	4106	208	1408
16.9993	4107	205	208
17.0023	4108	207	1408
17.0085	4109	206	1408
17.0147	4110	205	208
17.0176	4111	208	1408
17.0268	4112	208	1408
17.0305	4113	202	208
17.0335	4114	205	1408
17.0426	4115	207	1408
17.0492	4116	206	208
17.0521	4117	209	1408
17.0579	4118	207	1408
17.0645	4119	205	208
17.0675	4120	208	1408
17.0737	4121	205	1408
17.0803	4122	205	208
17.0833	4123	208	1408
17.0924	4124	209	1408
17.1019	4125	208	208
17.1048	4126	211	1408
17.1139	4127	211	1408
17.1206	4128	208	208
17.1235	4129	211	1408
17.1326	4130	213	1408
17.1392	4131	212	208
17.1422	4132	215	1408
17.1513	4133	215	1408
17.1579	4134	211	208
17.1609	4135	214	1408
17.1671	4136	214	1408
17.1737	4137	211	208
17.1767	4138	214	1408
17.1829	4139	212	1408
17.1891	4140	212	208
17.192	4141	215	1408
17.2011	4142	215	1408
17.2049	4143	211	208
17.2078	4144	214	1408
17.2169	4145	216	1408
17.2207	4146	212	208
17.2236	4147	215	1408
17.2323	4148	217	1408
17.236	4149	212	208
17.239	4150	214	1408
17.2447	4151	213	1408
17.2485	4152	211	208
17.2514	4153	213	1408
17.2572	4154	212	1408
17.2609	4155	208	208
17.2639	4156	211	1408
17.2696	4157	210	1408
17.2734	4158	206	208
17.2763	4159	209	1408
17.2854	4160	209	1408
17.2887	4161	205	208
17.2917	4162	208	1408
17.2979	4163	205	1408
17.3016	4164	199	208
17.3046	4165	202	1408
17.3132	4166	204	1408
17.317	4167	199	208
17.3199	4168	202	1408
17.3257	4169	201	1408
17.3294	4170	196	208
17.3324	4171	199	1408
17.3386	4172	196	1408
17.3448	4173	190	208
17.3477	4174	193	1408
17.3568	4175	192	1408
17.3634	4176	190	208
17.3664	4177	193	1408
17.3755	4178	193	1408
17.3792	4179	187	208
17.3822	4180	190	1408
17.3913	4181	190	1408
17.3979	4182	187	208
17.4009	4183	190	1408
17.4071	4184	190	1408
17.4137	4185	187	208
17.4167	4186	190	1408
17.4253	4187	192	1408
17.4319	4188	189	208
17.4349	4189	192	1408
17.4412	4190	190	1408
17.4478	4191	190	208
17.4507	4192	192	1408
17.4598	4193	192	1408
17.4631	4194	190	208
17.4661	4195	192	1408
17.4752	4196	193	1408
17.4789	4197	189	208
17.4819	4198	192	1408
17.491	4199	194	1408
17.4942	4200	192	208
17.4972	4201	194	1408
17.5034	4202	193	1408
17.51	4203	194	208
17.513	4204	196	1408
17.5188	4205	194	1408
17.5225	4206	192	208
17.5283	4207	197	1408
17.5346	4208	196	1408
17.5378	4209	194	208
17.5408	4210	196	1408
17.547	4211	198	1408
17.5503	4212	196	208
17.5566	4213	201	1408
17.5624	4214	199	1408
17.5661	4215	196	208
17.5691	4216	199	1408
17.5782	4217	203	1408
17.5814	4218	199	208
17.5844	4219	202	1408
17.5906	4220	202	1408
17.5972	4221	200	208
17.6002	4222	203	1408
17.6093	4223	203	1408
17.6159	4224	199	208
17.6189	4225	202	1408
17.628	4226	202	1408
17.6312	4227	199	208
17.6342	4228	202	1408
17.6433	4229	202	1408
17.6499	4230	198	208
17.6529	4231	200	1408
17.662	4232	202	1408
17.6657	4233	196	208
17.6716	4234	201	1408
17.6778	4235	198	1408
17.6844	4236	196	208
17.6903	4237	201	1408
17.6994	4238	201	1408
17.7031	4239	197	208
17.7061	4240	199	1408
17.7152	4241	199	1408
17.7218	4242	196	208
17.7248	4243	198	1408
17.7339	4244	198	1408
17.7376	4245	194	208
17.7434	4246	198	1408
17.7492	4247	198	1408
17.7529	4248	195	208
17.7559	4249	197	1408
17.765	4250	200	1408
17.7683	4251	197	208
17.7717	4252	199	1408
17.7803	4253	201	1408
17.7841	4254	199	208
17.787	4255	201	1408
17.7961	4256	203	1408
17.7994	4257	200	208
17.8024	4258	202	1408
17.8086	4259	201	1408
17.8152	4260	202	208
17.8182	4261	204	1408
17.8239	4262	202	1408
17.8277	4263	200	208
17.8335	4264	205	1408
17.8397	4265	205	1408
17.843	4266	201	208
17.8464	4267	204	1408
17.8551	4268	207	1408
17.8588	4269	203	208
17.8618	4270	205	1408
17.8709	4271	208	1408
17.8741	4272	205	208
17.8771	4273	207	1408
17.8862	4274	208	1408
17.8899	4275	205	208
17.8929	4276	207	1408
17.902	4277	209	1408
17.9086	4278	205	208
17.9116	4279	208	1408
17.9207	4280	208	1408
17.9244	4281	203	208
17.9274	4282	206	1408
17.936	4283	208	1408
17.9426	4284	202	208
17.9456	4285	205	1408
17.9547	4286	205	1408
17.9613	4287	205	208
17.9643	4288	208	1408
17.9734	4289	208	1408
17.9771	4290	203	208
17.9801	4291	206	1408
17.9892	4292	206	1408
17.9958	4293	202	208
17.9988	4294	205	1408
18.005	4295	205	1408
18.0112	4296	205	208
18.0141	4297	207	1408
18.0232	4298	208	1408
18.027	4299	205	208
18.0299	4300	207	1408
18.039	4301	209	1408
18.0423	4302	205	208
18.0453	4303	208	1408
18.0544	4304	208	1408
18.0581	4305	206	208
18.0611	4306	208	1408
18.0668	4307	207	1408
18.0734	4308	205	208
18.0764	4309	208	1408
18.0855	4310	210	1408
18.0892	4311	206	208
18.0922	4312	209	1408
18.1013	4313	211	1408
18.1046	4314	208	208
18.1075	4315	210	1408
18.1166	4316	211	1408
18.1204	4317	209	208
18.1234	4318	211	1408
18.1325	4319	212	1408
18.1357	4320	208	208
18.1387	4321	211	1408
18.1478	4322	211	1408
18.1515	4323	208	208
18.1545	4324	211	1408
18.1636	4325	211	1408
18.1702	4326	209	208
18.1732	4327	212	1408
18.1823	4328	212	1408
18.1855	4329	208	208
18.1885	4330	211	1408
18.1976	4331	211	1408
18.2042	4332	209	208
18.2072	4333	212	1408
18.2163	4334	212	1408
18.2229	4335	208	208
18.2259	4336	211	1408
18.235	4337	211	1408
18.2387	4338	208	208
18.2417	4339	211	1408
18.2537	4340	214	1408
18.2603	4341	212	208
18.2632	4342	215	1408
18.2695	4343	214	1408
18.2761	4344	212	208
18.2791	4345	215	1408
18.2882	4346	215	1408
18.2914	4347	211	208
18.2944	4348	214	1408
18.3035	4349	214	1408
18.3072	4350	212	208
18.3102	4351	214	1408
18.3193	4352	215	1408
18.323	4353	212	208
18.326	4354	215	1408
18.3346	4355	216	1408
18.3412	4356	215	208
18.3442	4357	218	1408
18.3504	4358	215	1408
18.3542	4359	212	208
18.3571	4360	215	1408
18.3658	4361	214	1408
18.3695	4362	212	208
18.3725	4363	214	1408
18.3816	4364	215	1408
18.3848	4365	211	208
18.3878	4366	214	1408
18.394	4367	212	1408
18.3973	4368	209	208
18.4003	4369	212	1408
18.4094	4370	212	1408
18.4102	4371	206	208
18.4132	4372	209	1408
18.4218	4373	208	1408
18.4256	4374	202	208
18.4285	4375	205	1408
18.4376	4376	205	1408
18.4409	4377	202	208
18.4439	4378	205	1408
18.4501	4379	203	1408
18.4567	4380	199	208
18.4597	4381	202	1408
18.4654	4382	199	1408
18.4692	4383	194	208
18.475	4384	198	1408
18.4812	4385	196	1408
18.5003	4386	181	208
18.5033	4387	183	1408
18.5095	4388	180	1408
18.519	4389	179	208
18.5219	4390	181	1408
18.531	4391	181	1408
18.5377	4392	178	208
18.5406	4393	179	1408
18.5497	4394	179	1408
18.5563	4395	177	208
18.5593	4396	178	1408
18.5655	4397	177	1408
18.5717	4398	176	208
18.5746	4399	178	1408
18.5837	4400	180	1408
18.5875	4401	177	208
18.5905	4402	179	1408
18.5996	4403	181	1408
18.6028	4404	177	208
18.6058	4405	179	1408
18.6149	4406	181	1408
18.6186	4407	178	208
18.6216	4408	180	1408
18.6307	4409	181	1408
18.6344	4410	178	208
18.6403	4411	183	1408
18.646	4412	182	1408
18.6498	4413	178	208
18.6556	4414	183	1408
18.6618	4415	182	1408
18.6656	4416	179	208
18.6714	4417	184	1408
18.6772	4418	183	1408
18.6809	4419	179	208
18.6868	4420	184	1408
18.693	4421	182	1408
18.6996	4422	182	208
18.7026	4423	184	1408
18.7083	4424	183	1408
18.7149	4425	182	208
18.7179	4426	184	1408
18.7241	4427	184	1408
18.7307	4428	183	208
18.7337	4429	185	1408
18.7395	4430	184	1408
18.7461	4431	184	208
18.749	4432	186	1408
18.7581	4433	186	1408
18.7647	4434	183	208
18.7677	4435	185	1408
18.7768	4436	186	1408
18.7806	4437	181	208
18.7864	4438	186	1408
18.7926	4439	183	1408
18.7992	4440	183	208
18.8022	4441	185	1408
18.8084	4442	184	1408
18.8146	4443	181	208
18.8175	4444	183	1408
18.8266	4445	185	1408
18.8333	4446	184	208
18.8362	4447	186	1408
18.8425	4448	185	1408
18.8491	4449	185	208
18.852	4450	187	1408
18.8578	4451	185	1408
18.8644	4452	184	208
18.8674	4453	186	1408
18.8765	4454	186	1408
18.8802	4455	183	208
18.8832	4456	185	1408
18.8923	4457	187	1408
18.8955	4458	183	208
18.899	4459	185	1408
18.9076	4460	186	1408
18.9113	4461	183	208
18.9172	4462	188	1408
18.9234	4463	187	1408
18.9267	4464	183	208
18.933	4465	188	1408
18.9387	4466	186	1408
18.9454	4467	186	208
18.9483	4468	188	1408
18.9546	4469	187	1408
18.9612	4470	187	208
18.9641	4471	189	1408
18.9732	4472	190	1408
18.9765	4473	186	208
18.9795	4474	188	1408
18.9886	4475	189	1408
18.9952	4476	187	208
18.9981	4477	189	1408
19.0073	4478	190	1408
19.011	4479	184	208
19.0168	4480	189	1408
19.0231	4481	187	1408
19.0297	4482	186	208
19.0326	4483	188	1408
19.0389	4484	186	1408
19.045	4485	186	208
19.048	4486	187	1408
19.0571	4487	190	1408
19.0637	4488	187	208
19.0667	4489	189	1408
19.0729	4490	186	1408
19.0795	4491	186	208
19.0825	4492	188	1408
19.0916	4493	189	1408
19.0948	4494	185	208
19.0983	4495	188	1408
19.1069	4496	189	1408
19.1106	4497	184	208
19.1165	4498	189	1408
19.1227	4499	188	1408
19.1293	4500	187	208
19.1323	4501	189	1408
19.138	4502	188	1408
19.1446	4503	187	208
19.1476	4504	189	1408
19.1567	4505	189	1408
19.1605	4506	186	208
19.1634	4507	188	1408
19.1725	4508	189	1408
19.1791	4509	189	208
19.1821	4510	191	1408
19.1879	4511	189	1408
19.1945	4512	190	208
19.1974	4513	193	1408
19.2037	4514	189	1408
19.2103	4515	187	208
19.2133	4516	190	1408
19.2224	4517	193	1408
19.2261	4518	188	208
19.2291	4519	191	1408
19.2377	4520	189	1408
19.2443	4521	187	208
19.2473	4522	190	1408
19.2564	4523	190	1408
19.2601	4524	187	208
19.2631	4525	190	1408
19.2722	4526	190	1408
19.2788	4527	190	208
19.2818	4528	193	1408
19.288	4529	189	1408
19.2946	4530	187	208
19.2976	4531	189	1408
19.3096	4532	191	1408
19.3128	4533	185	208
19.3191	4534	190	1408
19.3282	4535	190	1408
19.3348	4536	186	208
19.3378	4537	188	1408
19.3469	4538	188	1408
19.3535	4539	185	208
19.3565	4540	187	1408
19.3656	4541	186	1408
19.3722	4542	184	208
19.3781	4543	188	1408
19.3872	4544	188	1408
19.3971	4545	188	208
19.4001	4546	190	1408
19.4092	4547	192	1408
19.4158	4548	191	208
19.4188	4549	193	1408
19.425	4550	193	1408
19.4345	4551	195	208
19.4375	4552	197	1408
19.4466	4553	199	1408
19.4498	4554	195	208
19.4528	4555	197	1408
19.4619	4556	199	1408
19.4685	4557	198	208
19.4715	4558	200	1408
19.4777	4559	199	1408
19.4814	4560	196	208
19.4873	4561	201	1408
19.493	4562	200	1408
19.4996	4563	199	208
19.5026	4564	201	1408
19.5088	4565	200	1408
19.5121	4566	197	208
19.5184	4567	202	1408
19.5242	4568	201	1408
19.5279	4569	197	208
19.5309	4570	198	1408
19.5366	4571	197	1408
19.5404	4572	194	208
19.5433	4573	196	1408
19.5491	4574	195	1408
19.5557	4575	194	208
19.5587	4576	196	1408
19.5649	4577	195	1408
19.5682	4578	190	208
19.5711	4579	192	1408
19.5802	4580	193	1408
19.584	4581	186	208
19.5869	4582	188	1408
19.5932	4583	187	1408
19.5993	4584	184	208
19.6023	4585	186	1408
19.6114	4586	183	1408
19.6151	4587	178	208
19.6181	4588	180	1408
19.6272	4589	177	1408
19.6304	4590	171	208
19.6368	4591	176	1408
19.6425	4592	174	1408
19.6462	4593	171	208
19.6521	4594	176	1408
19.6612	4595	174	1408
19.6678	4596	171	208
19.6708	4597	173	1408
19.6799	4598	175	1408
19.6836	4599	172	208
19.6866	4600	174	1408
19.6957	4601	174	1408
19.7114	4602	168	208
19.7144	4603	170	1408
19.7235	4604	171	1408
19.7272	4605	168	208
19.7331	4606	173	1408
19.7393	4607	171	1408
19.743	4608	168	208
19.7489	4609	172	1408
19.758	4610	173	1408
19.7612	4611	170	208
19.7642	4612	172	1408
19.7733	4613	173	1408
19.7799	4614	172	208
19.7829	4615	174	1408
19.7891	4616	173	1408
19.7957	4617	172	208
19.7987	4618	174	1408
19.8078	4619	175	1408
19.811	4620	172	208
19.8174	4621	176	1408
19.8231	4622	175	1408
19.8297	4623	173	208
19.8327	4624	175	1408
19.8389	4625	174	1408
19.8455	4626	173	208
19.8485	4627	175	1408
19.8576	4628	177	1408
19.8642	4629	176	208
19.8672	4630	178	1408
19.8729	4631	176	1408
19.8796	4632	175	208
19.8825	4633	177	1408
19.8916	4634	179	1408
19.8982	4635	178	208
19.9012	4636	180	1408
19.9103	4637	181	1408
19.914	4638	178	208
19.917	4639	180	1408
19.9261	4640	181	1408
19.9299	4641	177	208
19.9357	4642	182	1408
19.9415	4643	180	1408
19.9481	4644	180	208
19.951	4645	182	1408
19.9601	4646	183	1408
19.9639	4647	179	208
19.9668	4648	181	1408
19.9759	4649	182	1408
19.9826	4650	182	208
19.9855	4651	183	1408
19.9913	4652	182	1408
19.9979	4653	180	208
