0.01	0
0.01	0
0.01	0
0.01	0
0.01	0
0.01	0
0.01	0
0.01	0
0.01	0
0.01	0
0.01	0
0.014	0
0.015	0
0.02	0
0.170924	69
0.171924	69
0.181013	206
0.190477	402
0.192445	457
0.201533	620
0.210533	620
0.212533	620
0.221533	620
0.230533	620
0.231533	620
0.240533	620
0.249533	620
0.251533	620
0.260533	620
0.269533	620
0.270533	620
0.279533	620
0.288533	620
0.289533	620
0.299533	620
0.308533	620
0.309533	620
0.318121	745
0.326121	745
0.327865	745
0.334369	745
0.342674	745
0.343674	745
0.350865	745
0.358137	745
0.359458	745
0.367922	745
0.374482	745
0.37545	745
0.38345	745
0.390322	745
0.391322	745
0.39991	745
0.407729	745
0.408729	745
0.415478	745
0.423729	745
0.424729	745
0.431566	745
0.439534	745
0.440534	745
0.448729	745
0.455943	745
0.456943	745
0.464511	1217
0.468511	1217
0.469511	1217
0.474983	1217
0.478951	1220
0.479951	1220
0.484951	1220
0.488045	1243
0.489045	1243
0.493045	1243
0.498485	1243
0.499485	1243
0.503485	1243
0.508579	1243
0.508579	1243
0.513579	1243
0.519493	1243
0.519493	1243
0.524493	1243
0.531461	1243
0.531461	1243
0.536461	1243
0.541027	1243
0.541027	1243
0.546027	1243
0.556343	1243
0.556343	1243
0.561343	1243
0.566383	1243
0.566383	1243
0.571383	1243
0.578351	1243
0.578351	1243
0.583351	1243
0.594139	1243
0.594139	1243
0.606107	1243
0.619021	1243
0.619021	1243
0.628115	1243
0.643903	1243
0.643903	1243
0.656345	1243
0.671659	1243
0.671659	1243
0.680753	1243
0.687449	1243
0.687449	1243
0.696545	1243
0.702767	1243
0.702767	1243
0.711863	1243
0.718559	1243
0.718559	1243
0.727655	1243
0.737225	1243
0.737225	1243
0.742099	1243
0.749669	1243
0.749669	1243
0.758765	1243
0.768335	1243
0.768335	1243
0.777431	1243
0.783653	1243
0.783653	1243
0.792749	1243
0.796571	1243
0.797571	1243
0.805667	1243
0.818111	1248
0.818111	1248
0.827207	1248
0.836777	1252
0.836777	1252
0.842525	1266
0.846525	1266
0.847525	1266
0.852095	1281
0.858317	1294
0.858317	1294
0.867887	1327
0.871887	1327
0.871887	1327
0.879857	1327
0.892775	1327
0.892775	1327
0.904745	1327
0.917663	1327
0.917663	1327
0.929633	1327
0.942551	1337
0.942551	1337
0.948299	1352
0.952299	1352
0.952299	1352
0.957869	1352
0.966965	1352
0.966965	1352
0.970313	1352
0.979409	1352
0.979409	1352
0.988979	1352
0.998075	1352
0.998075	1352
1.00764	1352
1.01387	1352
1.01387	1352
1.02009	1352
1.02631	1352
1.02631	1352
1.03588	1357
1.04786	1357
1.04786	1357
1.05456	1357
1.06366	1357
1.06366	1357
1.06989	1357
1.07611	1357
1.07611	1357
1.08856	1357
1.09767	1357
1.09767	1357
1.10724	1357
1.11347	1357
1.11347	1357
1.12304	1357
1.12879	1357
1.12879	1357
1.13549	1357
1.1446	1357
1.1446	1357
1.15417	1357
1.15992	1381
1.15992	1381
1.17285	1381
1.18483	1381
1.18483	1381
1.19776	1381
1.20686	1395
1.20686	1395
1.21086	1395
1.21643	1411
1.21643	1411
1.22554	1411
1.24099	1427
1.24399	1427
1.25904	1427
1.27437	1436
1.27734	1442
1.29205	1442
1.30847	1442
1.31047	1442
1.32653	1442
1.34185	1442
1.34482	1442
1.35927	1442
1.37595	1442
1.37795	1442
1.39363	1442
1.40846	1442
1.41143	1442
1.42614	1442
1.44246	1442
1.44443	1442
1.46089	1442
1.47534	1442
1.47844	1442
1.49362	1451
1.50159	1467
1.50259	1467
1.51069	1467
1.51718	1467
1.51918	1467
1.5265	1467
1.53448	1467
1.53548	1467
1.54343	1467
1.5504	1467
1.5524	1467
1.5594	1467
1.56773	1467
1.56873	1467
1.57619	1467
1.58319	1467
1.58419	1467
1.59252	1467
1.60047	1467
1.60147	1467
1.60944	1467
1.61642	1467
1.61742	1467
1.62538	1467
1.63335	1467
1.63435	1467
1.64235	1467
1.64968	1467
1.65068	1467
1.65816	1467
1.66648	1467
1.66748	1467
1.67581	1467
1.68281	1467
1.6833	1467
1.69162	1467
1.69972	1467
1.70072	1467
1.70872	1467
1.71552	1467
1.71652	1467
1.72452	1467
1.73285	1467
1.73311	1467
1.74108	1467
1.74853	1467
1.74953	1467
1.75775	1467
1.76598	1467
1.76698	1467
1.77343	1467
1.78165	1467
1.78265	1467
1.79088	1467
1.79833	1467
1.79933	1467
1.80655	1467
1.81478	1467
1.81578	1467
1.82324	1467
1.83147	1467
1.83247	1467
1.83969	1467
1.84718	1467
1.84815	1467
1.85638	1467
1.86461	1467
1.86561	1467
1.87209	1467
1.88006	1467
1.88106	1467
1.88977	1467
1.89722	1467
1.89822	1467
1.90585	1467
1.91343	1467
1.91443	1467
1.92253	1467
1.93059	1507
1.93159	1507
1.93822	1507
1.94683	1507
1.9478	1507
1.9548	1507
1.9629	1507
1.96351	1507
1.97096	1507
1.97859	1507
1.97959	1507
1.98617	1507
1.99417	1507
1.99527	1507
2.00288	1507
2.01033	1507
2.01133	1507
2.01895	1507
2.02653	1507
2.02753	1507
2.03464	1507
2.04222	1507
2.04322	1507
2.05022	1507
2.05893	1507
2.0599	1507
2.0669	1507
2.07401	1507
2.07501	1507
2.08359	1507
2.09069	1507
2.09169	1507
2.09927	1507
2.10627	1507
2.10737	1507
2.11595	1507
2.12295	1507
2.12395	1507
2.13106	1507
2.13864	1507
2.13964	1507
2.14774	1507
2.15432	1507
2.15532	1507
2.16343	1507
2.17003	1507
2.17103	1507
2.17901	1507
2.18611	1507
2.18711	1507
2.19569	1507
2.20279	1507
2.20379	1507
2.21137	1507
2.2186	1507
2.2196	1507
2.22709	1507
2.23406	1507
2.23506	1507
2.24389	1507
2.25074	1507
2.25274	1507
2.25958	1507
2.26643	1507
2.26842	1507
2.27565	1507
2.28323	1507
2.28423	1507
2.29134	1507
2.29992	1507
2.30092	1507
2.30792	1507
2.31502	1507
2.31663	1507
2.3236	1507
2.33171	1507
2.33271	1507
2.33929	1507
2.34739	1507
2.34839	1507
2.35539	1507
2.36385	1507
2.36485	1507
2.37195	1507
2.37703	1507
2.37803	1507
2.38488	1507
2.39099	1507
2.39199	1507
2.39759	1507
2.40344	1507
2.40444	1507
2.41044	1507
2.41655	1507
2.41755	1507
2.4236	1507
2.4296	1507
2.4306	1507
2.43558	1507
2.44119	1507
2.44219	1507
2.44816	1507
2.45427	1507
2.45527	1507
2.46127	1507
2.46772	1507
2.46872	1507
2.47483	1507
2.48053	1507
2.48153	1507
2.48753	1507
2.49389	1507
2.49489	1507
2.50086	1507
2.50609	1507
2.50709	1507
2.51267	1507
2.52242	1507
2.52403	1507
2.53423	1507
2.54481	1507
2.54581	1507
2.55517	1507
2.56537	1507
2.56737	1507
2.57795	1507
2.58731	1507
2.58831	1507
2.59828	1507
2.60897	1507
2.60997	1507
2.61907	1507
2.62965	1507
2.63165	1507
2.64175	1507
2.65133	1507
2.65233	1507
2.66214	1507
2.67014	1507
2.67125	1507
2.6785	1507
2.68658	1507
2.68758	1507
2.69428	1507
2.70239	1507
2.70339	1507
2.71012	1507
2.71872	1507
2.71972	1507
2.7263	1507
2.73453	1507
2.73553	1507
2.74211	1507
2.75086	1507
2.75186	1507
2.75944	1507
2.76666	1507
2.76792	1507
2.77525	1507
2.78238	1507
2.78338	1507
2.79145	1514
2.79816	1538
2.79916	1538
2.80616	1538
2.81449	1538
2.81549	1538
2.82272	1538
2.8293	1543
2.8313	1543
2.8383	1543
2.84501	1543
2.84601	1543
2.85498	1543
2.86109	1543
2.86209	1543
2.86954	1543
2.87654	1543
2.87854	1543
2.88525	1543
2.89223	1543
2.89323	1543
2.90133	1543
2.90829	1543
2.90929	1543
2.91626	1543
2.92337	1543
2.92537	1543
2.93295	1543
2.93905	1543
2.94005	1543
2.94863	1543
2.95563	1543
2.95663	1543
2.96334	1543
2.97031	1543
2.97207	1543
2.97967	1543
2.98664	1543
2.98765	1543
2.99548	1543
3.00245	1543
3.00321	1543
3.01081	1543
3.01779	1543
3.01901	1543
3.02662	1543
3.03359	1543
3.03435	1543
3.04295	1543
3.04993	1543
3.05015	1543
3.05776	1543
3.06473	1543
3.06649	1543
3.07322	1543
3.08007	1543
3.08107	1543
3.0899	1543
3.09687	1543
3.09787	1543
3.10498	1543
3.11156	1543
3.11356	1543
3.12031	1543
3.12789	1543
3.12889	1543
3.13699	1543
3.14357	1543
3.14457	1543
3.1518	1543
3.15841	1543
3.16038	1543
3.16738	1543
3.17422	1543
3.17522	1543
3.18307	1543
3.19043	1543
3.19143	1543
3.1984	1543
3.2055	1543
3.20723	1543
3.21421	1543
3.22131	1543
3.22204	1543
3.23089	1543
3.23764	1543
3.23864	1543
3.24522	1543
3.2528	1543
3.2548	1543
3.26191	1563
3.26813	1563
3.26913	1563
3.27674	1563
3.28447	1563
3.28547	1563
3.29207	1563
3.29905	1563
3.30027	1568
3.30788	1568
3.3146	1568
3.31661	1568
3.32334	1568
3.33019	1568
3.33141	1568
3.33864	1568
3.34587	1573
3.34687	1573
3.35445	1573
3.3612	1573
3.36293	1573
3.3699	1573
3.37601	1573
3.37701	1573
3.38424	1573
3.39172	1573
3.39272	1573
3.40005	1573
3.40753	1573
3.4085	1573
3.4155	1573
3.42286	1573
3.42383	1573
3.43083	1573
3.43867	1573
3.43967	1573
3.44652	1573
3.45375	1573
3.45475	1573
3.46133	1574
3.46843	1574
3.46943	1574
3.47613	1574
3.48476	1574
3.48576	1574
3.49234	1574
3.49934	1574
3.50034	1574
3.50718	1574
3.51415	1574
3.51515	1574
3.52325	1574
3.53083	1574
3.53183	1574
3.53659	1574
3.54217	1574
3.54317	1574
3.54939	1574
3.55439	1574
3.555	1574
3.56197	1574
3.56773	1579
3.56773	1579
3.57331	1579
3.57931	1579
3.58053	1579
3.58579	1579
3.59111	1579
3.59211	1579
3.5986	1579
3.6036	1579
3.60445	1579
3.61045	1579
3.61693	1579
3.61693	1579
3.62225	1579
3.62801	1579
3.62901	1579
3.63471	1579
3.64071	1579
3.64171	1579
3.64707	1579
3.65204	1579
3.65304	1579
3.65927	1579
3.66585	1579
3.66585	1579
3.6716	1579
3.68118	1579
3.68218	1579
3.69202	1579
3.70174	1579
3.70274	1579
3.71232	1579
3.72143	1579
3.72316	1579
3.73213	1579
3.74246	1579
3.74346	1579
3.75357	1579
3.76227	1579
3.76427	1579
3.77398	1579
3.7837	1579
3.78471	1579
3.79429	1579
3.80374	1579
3.80574	1579
3.81485	1579
3.82155	1579
3.82255	1579
3.82903	1579
3.83788	1579
3.83888	1579
3.84537	1579
3.85234	1612
3.85334	1612
3.86027	1612
3.86702	1612
3.86802	1612
3.8756	1612
3.88235	1612
3.88335	1612
3.89006	1618
3.89754	1634
3.89854	1634
3.90551	1634
3.91297	1655
3.91397	1655
3.91997	1655
3.92633	1655
3.92733	1655
3.9343	1655
3.94176	1655
3.94276	1655
3.94999	1682
3.95524	1682
3.95624	1682
3.96332	1682
3.97002	1682
3.97102	1682
3.97777	1682
3.98435	1682
3.98535	1682
3.99235	1682
3.99846	1682
3.99946	1682
4.00604	1682
4.01314	1682
4.01414	1682
4.02172	1682
4.02772	1682
4.02872	1682
4.03583	1682
4.04241	1682
4.04341	1682
4.04941	1682
4.05612	1682
4.05712	1682
4.06409	1682
4.07019	1682
4.07119	1682
4.07877	1682
4.08577	1682
4.08677	1682
4.09261	1682
4.09946	1682
4.10046	1682
4.10794	1682
4.11491	1682
4.11591	1682
4.12102	1682
4.1286	1682
4.1296	1682
4.13683	1682
4.14205	1682
4.14305	1682
4.15054	1682
4.15751	1682
4.15851	1682
4.16474	1682
4.17132	1682
4.17232	1682
4.1798	1682
4.18577	1682
4.18677	1682
4.19313	1682
4.20011	1682
4.20111	1682
4.20759	1682
4.21456	1682
4.21579	1682
4.22252	1682
4.22937	1682
4.23012	1682
4.23682	1682
4.24358	1682
4.24458	1682
4.25118	1682
4.25716	1682
4.25816	1682
4.26599	1682
4.27296	1682
4.27396	1682
4.27907	1682
4.2863	1682
4.2873	1682
4.2944	1682
4.30013	1682
4.30113	1682
4.30821	1682
4.31582	1682
4.31682	1682
4.32354	1682
4.32954	1682
4.33015	1682
4.33712	1682
4.34435	1682
4.34535	1682
4.35193	1682
4.35803	1682
4.35903	1682
4.36626	1682
4.37226	1682
4.37326	1682
4.3801	1682
4.38795	1682
4.38895	1682
4.39443	1682
4.4014	1682
4.40263	1682
4.40988	1682
4.41509	1682
4.41609	1682
4.42367	1682
4.43042	1682
4.43142	1682
4.43812	1682
4.44412	1682
4.44512	1682
4.45245	1682
4.45968	1682
4.46068	1682
4.46694	1682
4.47301	1682
4.47401	1682
4.48172	1682
4.48747	1682
4.48847	1682
4.49505	1682
4.50228	1682
4.50328	1682
4.50951	1682
4.51611	1682
4.51709	1682
4.52409	1682
4.53145	1682
4.53145	1682
4.53842	1682
4.54525	1682
4.54625	1682
4.55323	1682
4.55933	1682
4.56033	1682
4.56756	1682
4.57404	1682
4.57504	1682
4.58137	1682
4.58812	1682
4.58985	1682
4.59682	1682
4.60293	1682
4.60393	1682
4.61051	1682
4.61726	1682
4.61826	1682
4.62496	1695
4.63196	1695
4.63207	1695
4.63929	1695
4.64552	1695
4.64652	1695
4.65378	1695
4.66085	1695
4.66185	1695
4.66756	1695
4.67431	1716
4.67531	1716
4.68189	1716
4.68812	1716
4.68912	1716
4.69437	1716
4.6997	1716
4.7007	1716
4.70545	1716
4.71115	1716
4.71115	1716
4.71791	1716
4.72251	1716
4.72351	1716
4.72849	1716
4.73371	1716
4.73471	1716
4.73994	1716
4.74417	1716
4.74517	1716
4.75017	1716
4.75675	1716
4.75675	1716
4.76288	1716
4.76721	1716
4.76821	1716
4.77396	1716
4.77866	1716
4.77966	1716
4.78441	1716
4.79399	1716
4.79399	1716
4.80022	1716
4.8098	1716
4.8098	1716
4.81555	1716
4.82226	1716
4.82226	1716
4.83136	1716
4.83959	1716
4.84159	1716
4.84982	1716
4.8584	1716
4.8594	1716
4.86873	1716
4.87796	1716
4.87821	1716
4.88754	1716
4.89602	1716
4.89799	1716
4.90674	1716
4.91433	1716
4.91633	1716
4.92478	1716
4.93378	1716
4.93489	1716
4.94359	1716
4.95234	1716
4.95395	1716
4.96215	1716
4.97138	1716
4.97238	1716
4.98186	1716
4.98706	1716
4.98806	1716
4.99529	1716
5.00152	1716
5.00252	1716
5.00975	1722
5.01623	1733
5.01723	1733
5.0232	1754
5.02969	1754
5.03066	1754
5.03789	1754
5.04311	1754
5.04411	1754
5.05134	1754
5.05757	1762
5.05857	1762
5.06418	1762
5.07102	1762
5.07238	1774
5.07861	1780
5.08436	1780
5.08536	1780
5.09294	1780
5.09894	1780
5.09916	1780
5.10517	1780
5.11275	1780
5.11275	1780
5.11997	1780
5.12508	1780
5.12608	1780
5.13208	1780
5.13918	1780
5.14079	1780
5.14676	1780
5.15286	1780
5.15387	1780
5.16057	1780
5.16657	1780
5.16757	1780
5.17367	1780
5.17925	1780
5.18025	1780
5.18701	1780
5.19361	1780
5.19461	1780
5.20094	1780
5.20769	1780
5.2083	1780
5.21427	1780
5.2205	1780
5.2215	1780
5.22808	1780
5.23408	1780
5.23508	1780
5.24144	1780
5.24741	1780
5.24841	1780
5.25525	1780
5.26122	1780
5.26222	1780
5.26832	1780
5.27555	1780
5.27655	1780
5.28278	1780
5.288	1780
5.28901	1780
5.29523	1780
5.30246	1780
5.30346	1780
5.30995	1780
5.31592	1780
5.31692	1780
5.32314	1780
5.32973	1780
5.33073	1780
5.33621	1780
5.34306	1780
5.34306	1780
5.35029	1780
5.35651	1780
5.35751	1780
5.36351	1780
5.37032	1780
5.37132	1780
5.37707	1780
5.38368	1780
5.38468	1780
5.39165	1780
5.39714	1780
5.39811	1780
5.40411	1780
5.41194	1780
5.41194	1780
5.41892	1780
5.42415	1780
5.42515	1780
5.43125	1780
5.43848	1780
5.43921	1780
5.44506	1780
5.45181	1780
5.45281	1780
5.45951	1780
5.46551	1780
5.46651	1780
5.47285	1780
5.47885	1780
5.47907	1780
5.48668	1780
5.49265	1780
5.49365	1780
5.49914	1780
5.50699	1780
5.50734	1780
5.51357	1780
5.51932	1780
5.52032	1780
5.52602	1780
5.53325	1782
5.53425	1782
5.54048	1782
5.54671	1782
5.54771	1782
5.55481	1782
5.56004	1782
5.56104	1782
5.56727	1782
5.57449	1782
5.57449	1782
5.58122	1782
5.58707	1782
5.58883	1782
5.59453	1782
5.60128	1782
5.60228	1782
5.60889	1782
5.61421	1782
5.61521	1782
5.62135	1782
5.62832	1782
5.62932	1782
5.63525	1782
5.64125	1782
5.64225	1782
5.64961	1782
5.65558	1782
5.65633	1782
5.66233	1782
5.66891	1782
5.66991	1782
5.6764	1782
5.68237	1782
5.68337	1782
5.68947	1782
5.69618	1782
5.69718	1782
5.70366	1782
5.70951	1782
5.71051	1782
5.71686	1782
5.72397	1782
5.72497	1782
5.73019	1782
5.7369	1782
5.7379	1782
5.74452	1782
5.75023	1782
5.75123	1782
5.75784	1782
5.76381	1782
5.76481	1782
5.77144	1789
5.77714	1789
5.77814	1789
5.78463	1795
5.7906	1795
5.7916	1795
5.79883	1795
5.80493	1795
5.80593	1795
5.81128	1795
5.81739	1795
5.81839	1795
5.82587	1795
5.83184	1795
5.83284	1795
5.83833	1795
5.8433	1795
5.8443	1795
5.84952	1795
5.85475	1795
5.85575	1795
5.86098	1795
5.86521	1795
5.86521	1795
5.87021	1795
5.87569	1795
5.87669	1795
5.88167	1795
5.88689	1814
5.88715	1814
5.89212	1814
5.89735	1821
5.89835	1821
5.90305	1821
5.90805	1821
5.90805	1821
5.91368	1821
5.91839	1821
5.91938	1821
5.92414	1821
5.92914	1821
5.93014	1821
5.93472	1821
5.93972	1821
5.94095	1821
5.9452	1821
5.95053	1821
5.95153	1821
5.95628	1821
5.96101	1821
5.96198	1821
5.97109	1821
5.97534	1821
5.97731	1821
5.98354	1821
5.99127	1821
5.99312	1821
6.00135	1821
6.00945	1821
6.01045	1821
6.01894	1821
6.02726	1821
6.02826	1821
6.03672	1821
6.04447	1821
6.0462	1821
6.05417	1821
6.06266	1821
6.06366	1821
6.07273	1821
6.08096	1821
6.08196	1821
6.08942	1821
6.09865	1821
6.0999	1821
6.10787	1821
6.11533	1821
6.11633	1821
6.12581	1821
6.13301	1821
6.13439	1821
6.14037	1834
6.14612	1841
6.14712	1841
6.1537	1874
6.15931	1874
6.16031	1874
6.16628	1895
6.17203	1895
6.17303	1895
6.17961	1895
6.18522	1895
6.18619	1895
6.19219	1895
6.19865	1900
6.19865	1900
6.2044	1900
6.21013	1900
6.2111	1900
6.21785	1920
6.22356	1920
6.22456	1920
6.23031	1939
6.23604	1939
6.23604	1939
6.24215	1966
6.24812	1966
6.24912	1966
6.25434	1973
6.2606	1987
6.26193	1987
6.26768	1987
6.27241	1987
6.27338	1987
6.27938	1987
6.28549	1987
6.28549	1987
6.29171	1987
6.29771	1987
6.29882	1987
6.30355	1987
6.30952	1987
6.31052	1987
6.31563	1987
6.32188	1987
6.32288	1987
6.32821	1987
6.33369	1987
6.33469	1987
6.34066	1987
6.34577	1987
6.34677	1987
6.35299	1987
6.35822	1987
6.35822	1987
6.36448	1987
6.3708	1987
6.3718	1987
6.37655	1987
6.38213	1987
6.38313	1987
6.38813	1987
6.39459	1987
6.39559	1987
6.40182	1987
6.40607	1987
6.40704	1987
6.41304	1987
6.41853	1987
6.4195	1987
6.4255	1987
6.43196	1987
6.43196	1987
6.43796	1987
6.44344	1987
6.44441	1987
6.44941	1987
6.45564	1987
6.45664	1987
6.46122	1987
6.46735	1987
6.46835	1987
6.47433	1987
6.47981	1987
6.48081	1987
6.48678	1987
6.49127	1987
6.49227	1987
6.49824	1987
6.50434	1987
6.50434	1987
6.51005	1987
6.5168	1987
6.5178	1987
6.52253	1987
6.52838	1987
6.52938	1987
6.53461	1987
6.54083	1987
6.54183	1987
6.54706	1987
6.55229	1987
6.55329	1987
6.55952	1987
6.56577	1987
6.56577	1987
6.5711	1987
6.57758	1987
6.57855	1987
6.58355	1987
6.58904	1987
6.59004	1987
6.59501	1987
6.60149	1987
6.60249	1987
6.60834	1987
6.61357	1987
6.61457	1987
6.6208	1987
6.62503	1987
6.62603	1987
6.63225	1987
6.63886	1987
6.63886	1987
6.64483	1987
6.65032	1987
6.65132	1987
6.65629	1987
6.66204	1987
6.66377	1987
6.66875	1987
6.67485	1987
6.67585	1987
6.68108	1987
6.68633	1987
6.6873	1987
6.69331	1987
6.69879	1987
6.69976	1987
6.70576	1987
6.71137	1987
6.71137	1987
6.71709	1987
6.72382	1987
6.72467	1987
6.72955	1987
6.73528	1987
6.73628	1987
6.74113	1987
6.74761	1987
6.74861	1987
6.75459	1987
6.75907	1987
6.76007	1987
6.76604	1987
6.77127	1987
6.77253	1987
6.7785	1987
6.78473	1987
6.78473	1987
6.79031	1987
6.79606	1987
6.79706	1987
6.80276	1987
6.80851	1987
6.80951	1987
6.81425	1987
6.82022	1987
6.82197	1987
6.82767	1987
6.83267	1987
6.83367	1987
6.8399	1987
6.84401	1987
6.84501	1987
6.85123	1987
6.85746	1987
6.85746	1987
6.86369	1987
6.86992	1987
6.87092	1987
6.87514	1987
6.88185	1987
6.88285	1987
6.8886	1987
6.89331	1987
6.89431	1987
6.90006	1987
6.90528	1987
6.90629	1987
6.91251	1987
6.91874	1987
6.91874	1987
6.92497	1987
6.9302	1987
6.9312	1987
6.93655	1987
6.94265	1987
6.94365	1987
6.94801	1987
6.95426	1987
6.95511	1987
6.96146	1987
6.96669	1987
6.96769	1987
6.97392	1987
6.97817	1987
6.97917	1987
6.98537	1987
6.9916	1987
6.9916	1987
6.99683	1987
7.00083	1987
7.00183	1987
7.00593	1987
7.01028	1987
7.01129	1987
7.01551	1987
7.02027	1987
7.02027	1987
7.026	1987
7.03097	1987
7.03097	1987
7.03597	1987
7.03907	1987
7.04033	1987
7.0443	1987
7.04953	1987
7.05053	1987
7.05476	1987
7.05976	1987
7.05976	1987
7.06424	1987
7.06821	1987
7.06921	1987
7.07456	1987
7.07967	1987
7.07967	1987
7.0859	1987
7.09212	1987
7.09212	1987
7.09835	1987
7.10458	1987
7.10458	1987
7.11081	1987
7.11704	1987
7.11704	1987
7.12327	1987
7.12949	1987
7.13049	1987
7.13772	1987
7.14595	1987
7.14695	1987
7.15343	1987
7.16163	1987
7.16263	1987
7.17086	1987
7.17735	1987
7.17835	1987
7.18654	1987
7.19377	1987
7.19577	1987
7.20226	1987
7.21058	1987
7.21184	1987
7.21881	1987
7.22617	1987
7.22717	1987
7.23549	1987
7.24272	1987
7.24372	1987
7.2512	1987
7.25841	1987
7.25941	1987
7.26763	1987
7.27512	1987
7.27512	1987
7.28109	1987
7.28757	1987
7.28855	1987
7.29355	1987
7.29913	1987
7.30013	1987
7.30588	1987
7.31111	1987
7.31211	1987
7.31833	1987
7.32356	1987
7.32456	1987
7.33017	1987
7.33514	2020
7.33614	2020
7.34263	2020
7.3476	2020
7.3486	2020
7.35418	2020
7.35918	2020
7.36093	2044
7.36616	2044
7.37116	2044
7.37216	2044
7.37861	2044
7.38397	2044
7.38496	2044
7.3891	2044
7.39542	2044
7.39642	2044
7.40155	2044
7.40788	2044
7.40888	2044
7.41301	2044
7.41933	2044
7.41933	2044
7.42533	2044
7.43044	2044
7.43144	2044
7.43766	2044
7.44289	2044
7.44389	2044
7.44912	2044
7.45473	2044
7.45573	2044
7.4607	2044
7.46631	2044
7.46731	2044
7.47216	2044
7.47864	2044
7.47964	2044
7.48461	2044
7.49037	2044
7.49037	2044
7.49607	2044
7.50182	2044
7.50282	2044
7.50852	2044
7.51328	2044
7.51428	2044
7.52001	2044
7.52586	2044
7.52686	2044
7.53109	2044
7.53731	2044
7.53831	2044
7.54354	2044
7.54977	2044
7.55077	2044
7.556	2044
7.56122	2044
7.56122	2044
7.56745	2044
7.57216	2044
7.57316	2044
7.57916	2044
7.58452	2044
7.58552	2044
7.59149	2044
7.59624	2044
7.59797	2044
7.60295	2044
7.60808	2044
7.60908	2044
7.6144	2044
7.62053	2044
7.62053	2044
7.6265	2044
7.63299	2044
7.63299	2044
7.63896	2044
7.64319	2044
7.64444	2044
7.65042	2044
7.65564	2044
7.6569	2044
7.66187	2044
7.6671	2044
7.6681	2044
7.67333	2044
7.67956	2044
7.68056	2044
7.68579	2044
7.69101	2044
7.69101	2044
7.69724	2044
7.70224	2044
7.70347	2044
7.7097	2044
7.7147	2044
7.71593	2044
7.72115	2044
7.72615	2044
7.72715	2044
7.73264	2044
7.73861	2044
7.73961	2044
7.74409	2044
7.75007	2044
7.75107	2044
7.75655	2044
7.76252	2044
7.76252	2044
7.768	2044
7.77398	2044
7.77498	2044
7.78021	2044
7.78543	2044
7.78643	2044
7.79266	2044
7.79789	2044
7.79889	2044
7.80312	2044
7.80935	2044
7.81035	2044
7.81557	2044
7.8218	2044
7.8228	2044
7.82703	2044
7.83326	2044
7.83326	2044
7.83926	2044
7.84474	2044
7.84571	2044
7.85171	2044
7.8562	2044
7.8572	2044
7.86317	2044
7.86878	2044
7.86978	2044
7.87463	2044
7.88023	2044
7.88123	2044
7.88696	2044
7.89266	2044
7.89366	2044
7.89841	2044
7.90415	2044
7.90415	2044
7.91012	2044
7.9156	2044
7.9166	2044
7.92245	2044
7.92768	2044
7.92868	2044
7.93491	2044
7.93913	2044
7.94013	2044
7.94513	2044
7.95159	2044
7.95259	2044
7.95759	2044
7.96307	2044
7.96405	2044
7.96905	2044
7.97553	2044
7.97553	2044
7.9815	2044
7.98611	2044
7.98711	2044
7.99396	2044
7.99857	2044
7.99957	2044
8.00529	2044
8.01002	2044
8.01199	2044
8.01675	2044
8.02248	2044
8.02345	2044
8.02845	2044
8.03493	2044
8.0359	2044
8.0409	2044
8.04639	2044
8.04639	2044
8.05236	2044
8.05711	2044
8.05885	2044
8.06482	2044
8.06957	2044
8.0703	2044
8.07627	2044
8.08103	2044
8.08203	2044
8.08773	2044
8.09348	2044
8.09448	2044
8.09918	2044
8.10506	2044
8.10606	2044
8.11164	2044
8.11777	2044
8.11777	2044
8.12374	2044
8.12897	2044
8.12923	2044
8.1352	2044
8.13943	2044
8.14043	2044
8.14466	2048
8.14966	2048
8.14966	2048
8.15414	2048
8.15811	2048
8.15911	2048
8.16311	2048
8.16769	2048
8.16869	2048
8.17344	2048
8.17718	2048
8.17818	2048
8.18215	2048
8.1869	2048
8.1879	2048
8.19161	2048
8.19736	2048
8.19736	2048
8.20406	2048
8.20981	2048
8.20981	2048
8.21652	2048
8.22227	2048
8.22227	2048
8.22897	2048
8.23285	2048
8.23385	2048
8.24143	2048
8.24531	2048
8.24631	2048
8.25053	2048
8.25676	2048
8.25676	2048
8.26299	2048
8.26922	2048
8.26922	2048
8.27544	2048
8.28205	2048
8.28305	2048
8.29002	2048
8.29848	2048
8.29948	2048
8.30609	2048
8.31381	2048
8.31481	2048
8.32204	2048
8.32952	2048
8.33053	2048
8.33737	2069
8.34508	2076
8.34608	2076
8.35353	2076
8.36067	2076
8.36166	2076
8.36987	2076
8.37609	2076
8.37709	2076
8.38432	2076
8.39155	2076
8.39255	2076
8.40001	2084
8.40723	2084
8.40823	2084
8.41546	2084
8.42295	2084
8.42395	2084
8.42992	2084
8.43414	2084
8.4354	2084
8.44037	2084
8.44695	2108
8.44695	2108
8.45271	2108
8.45744	2108
8.45844	2108
8.46341	2108
8.46816	2108
8.46989	2108
8.47574	2108
8.481	2108
8.48145	2108
8.48645	2108
8.49145	2108
8.49245	2108
8.49843	2108
8.50391	2108
8.50491	2108
8.50988	2108
8.51411	2108
8.51511	2108
8.52034	2108
8.52657	2108
8.52757	2108
8.53279	2108
8.53702	2108
8.5384	2108
8.54337	2108
8.54912	2108
8.55086	2108
8.55583	2108
8.56096	2108
8.56193	2115
8.56693	2115
8.57242	2115
8.57242	2115
8.57874	2115
8.58349	2115
8.58449	2115
8.58922	2115
8.5952	2115
8.5952	2115
8.60168	2115
8.60665	2115
8.60765	2115
8.61214	2115
8.61711	2115
8.61811	2115
8.62486	2115
8.62947	2115
8.63044	2115
8.63544	2115
8.64093	2115
8.64192	2115
8.6469	2115
8.652	2115
8.65338	2115
8.65823	2115
8.66358	2115
8.66458	2115
8.66981	2115
8.67504	2115
8.67504	2115
8.68126	2115
8.68626	2115
8.68787	2115
8.69285	2115
8.69798	2115
8.69895	2115
8.70495	2115
8.70943	2115
8.71043	2115
8.71541	2115
8.72063	2115
8.72189	2115
8.72686	2115
8.73247	2115
8.73347	2115
8.73832	2115
8.74393	2115
8.74493	2115
8.7499	2115
8.75538	2115
8.75538	2115
8.76135	2115
8.7661	2115
8.76711	2115
8.77281	2115
8.77794	2115
8.77894	2115
8.78491	2115
8.78914	2115
8.7904	2115
8.79537	2115
8.80098	2115
8.80198	2115
8.80682	2115
8.81243	2115
8.81343	2115
8.81828	2115
8.82363	2115
8.82489	2115
8.82986	2115
8.83561	2115
8.83561	2115
8.84132	2115
8.84607	2115
8.84707	2115
8.85277	2115
8.85853	2115
8.85853	2115
8.86423	2115
8.86923	2115
8.87098	2115
8.87571	2115
8.88068	2115
8.88169	2115
8.88782	2115
8.89202	2115
8.89302	2115
8.89824	2115
8.90324	2115
8.90425	2115
8.90973	2115
8.9157	2115
8.9157	2115
8.92119	2115
8.92616	2115
8.92716	2115
8.93239	2115
8.93861	2115
8.93861	2115
8.94484	2115
8.94907	2115
8.95007	2115
8.95568	2115
8.96065	2115
8.96165	2115
8.96713	2115
8.97211	2115
8.97311	2115
8.97886	2115
8.98356	2115
8.98456	2115
8.98969	2115
8.99502	2115
8.99602	2115
9.00115	2115
9.00612	2115
9.00712	2115
9.01235	2115
9.01858	2115
9.01858	2115
9.02419	2115
9.02916	2115
9.03016	2115
9.03564	2115
9.04061	2115
9.04161	2115
9.04737	2115
9.05207	2115
9.05307	2115
9.0582	2115
9.0632	2115
9.06452	2115
9.0694	2115
9.07563	2115
9.07663	2115
9.08186	2115
9.08609	2115
9.08708	2115
9.09231	2115
9.09854	2115
9.09854	2115
9.10415	2115
9.10912	2115
9.11012	2115
9.11525	2115
9.1217	2115
9.1217	2115
9.12771	2115
9.13203	2115
9.13303	2115
9.13826	2116
9.14326	2116
9.14401	2136
9.14987	2136
9.15559	2136
9.15559	2136
9.16182	2136
9.16605	2136
9.16743	2136
9.1724	2136
9.17715	2152
9.17815	2152
9.18386	2152
9.18999	2152
9.18999	2152
9.19544	2152
9.20019	2152
9.20144	2152
9.20642	2152
9.21165	2152
9.21265	2152
9.21787	2152
9.2221	2152
9.2231	2152
9.22833	2152
9.23433	2152
9.23433	2152
9.24078	2152
9.24578	2152
9.24679	2152
9.25127	2152
9.25624	2152
9.25724	2152
9.26247	2152
9.2677	2152
9.2687	2152
9.2733	2152
9.27928	2152
9.27928	2152
9.28576	2152
9.28973	2152
9.28973	2152
9.29449	2152
9.29822	2152
9.29822	2152
9.30219	2152
9.30794	2152
9.30794	2152
9.31167	2152
9.31664	2152
9.31664	2152
9.3204	2152
9.3251	2152
9.3251	2152
9.3291	2152
9.33459	2152
9.33459	2152
9.33856	2152
9.34331	2152
9.34331	2152
9.34717	2152
9.35201	2152
9.35201	2152
9.35614	2152
9.36159	2152
9.36159	2152
9.36535	2152
9.3706	2152
9.3706	2152
9.37457	2152
9.3798	2152
9.3798	2152
9.38403	2152
9.38891	2152
9.38891	2152
9.39361	2152
9.39936	2152
9.39936	2152
9.40606	2152
9.41094	2152
9.41094	2152
9.41517	2152
9.4214	2152
9.4214	2152
9.42762	2152
9.43385	2152
9.43523	2152
9.44108	2152
9.44869	2152
9.44966	2152
9.45641	2152
9.46312	2152
9.46412	2152
9.4716	2152
9.47857	2152
9.47957	2152
9.48606	2152
9.49316	2152
9.49416	2152
9.50148	2152
9.50859	2152
9.50959	2152
9.51682	2152
9.52305	2152
9.52404	2152
9.53165	2152
9.53838	2152
9.53938	2152
9.54608	2152
9.55357	2152
9.55457	2152
9.56129	2152
9.56899	2152
9.56999	2152
9.57413	2152
9.5801	2152
9.5801	2152
9.58632	2152
9.59155	2152
9.59243	2152
9.59716	2152
9.60201	2152
9.60301	2152
9.60824	2152
9.61324	2152
9.61424	2152
9.61982	2176
9.62457	2176
9.62557	2176
9.63027	2176
9.63615	2176
9.63615	2176
9.64225	2193
9.64799	2193
9.64799	2193
9.65396	2193
9.65806	2207
9.65806	2207
9.66406	2207
9.66955	2207
9.66955	2207
9.67539	2215
9.6801	2215
9.6801	2215
9.6851	2215
9.69158	2215
9.69158	2215
9.69643	2215
9.70166	2215
9.70266	2215
9.70766	2215
9.71214	2215
9.71314	2215
9.71811	2215
9.72334	2215
9.7246	2215
9.72957	2215
9.7348	2215
9.7358	2215
9.74003	2215
9.74502	2215
9.74625	2215
9.75148	2215
9.75648	2215
9.75748	2215
9.76244	2215
9.76729	2215
9.76829	2215
9.77316	2215
9.7789	2215
9.77975	2215
9.78475	2215
9.78923	2215
9.79023	2215
9.7952	2215
9.80095	2215
9.80095	2215
9.80666	2215
9.81188	2215
9.81188	2215
9.81614	2215
9.82211	2215
9.82211	2215
9.8276	2215
9.83257	2215
9.83357	2215
9.83832	2215
9.84303	2215
9.84402	2215
9.84916	2215
9.85413	2215
9.85513	2215
9.86036	2215
9.86559	2215
9.86658	2215
9.87119	2215
9.87617	2215
9.87716	2215
9.88265	2215
9.88762	2215
9.8885	2215
9.89375	2215
9.89873	2215
9.89972	2215
9.90431	2215
9.90931	2215
9.91006	2215
9.91579	2215
9.92076	2215
9.92176	2215
9.92686	2215
9.93186	2215
9.93186	2215
9.93735	2215
9.94267	2215
9.94267	2215
9.9479	2215
9.95365	2215
9.95365	2215
9.95848	2215
9.96323	2215
9.96423	2215
9.96946	2215
9.97481	2215
9.97581	2215
9.98004	2215
9.98517	2215
9.98617	2215
9.99117	2215
9.99637	2215
9.99737	2215
10.0026	2215
10.0072	2215
10.0082	2215
10.0132	2215
10.0188	2215
10.0198	2215
10.0246	2215
10.0298	2215
10.0308	2215
10.0357	2215
10.041	2215
10.0412	2215
10.0462	2215
10.0514	2215
10.0524	2215
10.0577	2215
10.0627	2215
10.0639	2215
10.0681	2215
10.0735	2215
10.0735	2215
10.0797	2215
10.0844	2215
10.0844	2215
10.0892	2215
10.0951	2215
10.0951	2215
10.1006	2215
10.1056	2215
10.1066	2215
10.1112	2215
10.1161	2215
10.1171	2215
10.1222	2233
10.1272	2233
10.1282	2233
10.1334	2233
10.1386	2233
10.1396	2233
10.1448	2233
10.1491	2233
10.1501	2233
10.1551	2233
10.1606	2233
10.1606	2233
10.1665	2233
10.1711	2233
10.1711	2233
10.177	2233
10.1816	2233
10.1826	2233
10.1876	2233
10.1923	2233
10.1933	2233
10.198	2233
10.2038	2233
10.2048	2233
10.2095	2233
10.2145	2233
10.2152	2233
10.221	2233
10.2258	2233
10.2258	2233
10.2301	2233
10.236	2233
10.236	2233
10.2416	2233
10.2464	2233
10.2474	2233
10.2521	2233
10.2571	2233
10.2581	2233
10.2637	2233
10.2684	2233
10.2694	2233
10.2746	2233
10.2796	2233
10.2806	2233
10.2852	2233
10.291	2233
10.291	2233
10.2957	2233
10.3007	2233
10.3017	2233
10.3062	2233
10.3111	2233
10.3121	2233
10.5424	2264
10.5458	2264
10.5458	2264
10.55	2264
10.555	2264
10.556	2264
10.6856	2264
10.6919	2264
10.6919	2264
10.6962	2264
10.7015	2264
10.7025	2264
10.8289	2264
10.8326	2264
10.8336	2264
10.8386	2264
10.8433	2264
10.8443	2264
10.849	2264
10.854	2264
10.855	2264
10.86	2264
10.865	2264
10.865	2264
10.87	2264
10.875	2264
10.876	2264
10.881	2264
10.886	2264
10.887	2264
10.892	2264
10.897	2264
10.897	2264
10.902	2264
10.907	2264
10.908	2264
10.913	2264
10.918	2264
10.919	2264
10.924	2264
10.929	2264
10.929	2264
10.934	2264
10.939	2264
10.94	2264
10.945	2264
10.95	2264
10.951	2264
10.956	2264
10.961	2264
10.961	2264
10.966	2264
10.971	2264
10.972	2264
10.9778	2264
10.9828	2264
10.9838	2264
10.9883	2264
10.9933	2264
10.9933	2264
10.9984	2264
11.0033	2264
11.0047	2264
11.0099	2264
11.0149	2264
11.0157	2264
11.0202	2264
11.0252	2264
11.0252	2264
11.0307	2264
11.0357	2264
11.0367	2264
11.0412	2264
11.0461	2264
11.0471	2264
11.0524	2264
11.0576	2264
11.0576	2264
11.0626	2264
11.0671	2264
11.0681	2264
11.073	2264
11.0783	2264
11.0795	2264
11.0845	2264
11.0897	2264
11.0907	2264
11.096	2264
11.1	2264
11.1002	2264
11.1054	2264
11.1104	2264
11.1114	2264
11.1169	2264
11.1209	2264
11.1209	2264
11.1249	2264
11.1281	2264
11.1294	2264
11.1333	2264
11.1373	2264
11.1386	2264
11.1418	2264
11.1458	2264
11.1468	2264
11.15	2264
11.1543	2264
11.1553	2264
11.1592	2264
11.1635	2264
11.1635	2264
11.1677	2264
11.1717	2264
11.1727	2264
11.1769	2264
11.1802	2264
11.1802	2264
11.1841	2264
11.1884	2264
11.1894	2264
11.1936	2264
11.1976	2264
11.1976	2264
11.2018	2264
11.2051	2264
11.2061	2264
11.2101	2264
11.2143	2264
11.2143	2264
11.2185	2264
11.2225	2264
11.2235	2264
11.2277	2264
11.232	2264
11.232	2264
11.236	2264
11.2392	2264
11.2402	2264
11.2444	2264
11.2484	2264
11.2494	2264
11.2539	2264
11.2579	2264
11.2579	2264
11.2619	2264
11.2651	2264
11.2664	2264
11.2733	2264
11.2798	2264
11.2808	2264
11.287	2264
11.2943	2264
11.2953	2264
11.3015	2264
11.3087	2264
11.3097	2264
11.3153	2264
11.3225	2264
11.3235	2264
11.3307	2264
11.3365	2264
11.3372	2264
11.3442	2264
11.3518	2264
11.3518	2264
11.3585	2264
11.3658	2264
11.3668	2264
11.3722	2264
11.3792	2264
11.3802	2264
11.3878	2264
11.3933	2264
11.3943	2264
11.4013	2264
11.4077	2264
11.4087	2264
11.4136	2264
11.4188	2264
11.4198	2264
11.424	2264
11.4293	2264
11.4303	2264
11.4356	2264
11.4409	2264
11.4409	2264
11.4456	2264
11.4503	2264
11.4513	2264
11.4563	2264
11.4614	2264
11.4629	2264
11.4676	2264
11.4729	2264
11.4729	2264
11.4779	2264
11.4821	2264
11.4831	2264
11.4883	2264
11.4939	2264
11.4949	2264
11.4998	2264
11.5048	2264
11.5048	2264
11.5093	2264
11.5142	2264
11.5152	2264
11.5205	2264
11.5251	2264
11.5261	2264
11.531	2264
11.5365	2264
11.5365	2264
11.5415	2264
11.5464	2264
11.5474	2264
11.5529	2264
11.5578	2264
11.5588	2264
11.5638	2264
11.5687	2264
11.5687	2264
11.5736	2264
11.5784	2264
11.5794	2264
11.5841	2264
11.5891	2264
11.5901	2264
11.5952	2264
11.6009	2264
11.6009	2264
11.6057	2264
11.6107	2264
11.6113	2264
11.6162	2264
11.622	2264
11.623	2264
11.6277	2264
11.6326	2264
11.6326	2264
11.6378	2264
11.642	2264
11.643	2264
11.648	2264
11.6535	2264
11.6545	2264
11.6595	2264
11.665	2264
11.666	2264
11.6709	2264
11.6749	2264
11.6759	2264
11.6809	2264
11.6856	2264
11.6866	2264
11.6918	2264
11.6968	2264
11.6978	2264
11.7023	2264
11.7073	2264
11.7073	2264
11.7127	2264
11.7172	2264
11.7182	2264
11.724	2264
11.7282	2264
11.7292	2264
11.7342	2264
11.7392	2264
11.7392	2264
11.7442	2264
11.749	2264
11.75	2264
11.7556	2264
11.7606	2264
11.7616	2264
11.7662	2264
11.7719	2264
11.7719	2264
11.7767	2264
11.7814	2264
11.7824	2264
11.7873	2264
11.7925	2264
11.7935	2264
11.7987	2264
11.8037	2264
11.8037	2264
11.8087	2264
11.8135	2264
11.8145	2264
11.8193	2264
11.824	2264
11.825	2264
11.831	2264
11.8352	2264
11.8352	2264
11.8404	2264
11.8454	2264
11.8464	2264
11.8518	2264
11.8568	2264
11.8578	2264
11.863	2264
11.8672	2264
11.8672	2264
11.8722	2264
11.8777	2264
11.8787	2264
11.8837	2264
11.8883	2264
11.8893	2264
11.894	2264
11.8997	2264
11.8997	2264
11.9047	2264
11.9098	2264
11.9108	2264
11.9158	2264
11.9203	2264
11.9213	2264
11.9266	2264
11.9319	2264
11.9329	2264
11.9376	2264
11.9413	2264
11.9423	2264
11.9473	2264
11.9524	2264
11.9534	2264
11.9589	2264
11.9639	2264
11.9649	2264
11.9699	2264
11.9745	2264
11.9745	2264
11.9793	2264
11.9842	2264
11.9859	2264
11.9909	2264
11.9955	2264
11.9965	2264
12.0014	2264
12.0061	2264
12.0061	2264
12.0119	2264
12.0168	2264
12.0178	2264
12.0223	2264
12.0273	2264
12.0283	2264
12.033	2264
12.0387	2264
12.0387	2264
12.0435	2264
12.0482	2264
12.0492	2264
12.0542	2264
12.0597	2264
12.0607	2264
12.0656	2264
12.0704	2264
12.0704	2264
12.0751	2264
12.0801	2264
12.0819	2264
12.0866	2264
12.0916	2264
12.0926	2264
12.097	2264
12.102	2264
12.102	2264
12.1078	2264
12.1125	2264
12.1135	2264
12.1182	2264
12.124	2264
12.1249	2264
12.1299	2264
12.1344	2264
12.1344	2264
12.1394	2264
12.1441	2264
12.1451	2264
12.1508	2264
12.1556	2264
12.157	2264
12.162	2264
12.1662	2264
12.1662	2264
12.1714	2264
12.1763	2264
12.1773	2264
12.183	2264
12.1871	2264
12.1881	2264
12.1931	2264
12.1984	2264
12.1992	2264
12.2045	2264
12.2085	2264
12.2098	2264
12.214	2264
12.2199	2264
12.2209	2264
12.2256	2264
12.2303	2264
12.2313	2264
12.2361	2264
12.241	2264
12.241	2264
12.2461	2264
12.2511	2264
12.2521	2264
12.2576	2264
12.2626	2264
12.2636	2264
12.2681	2264
12.272	2264
12.272	2264
12.276	2264
12.2806	2264
12.2816	2264
12.2856	2264
12.2894	2264
12.2894	2264
12.2931	2264
12.2971	2264
12.2981	2264
12.3026	2264
12.3065	2264
12.3065	2264
12.3105	2264
12.3146	2264
12.3156	2264
12.3196	2264
12.3239	2264
12.3239	2264
12.3271	2264
12.3311	2264
12.3321	2264
12.3363	2264
12.3406	2264
12.3406	2264
12.3458	2264
12.349	2264
12.352	2264
12.3559	2264
12.3596	2264
12.3616	2264
12.3673	2264
12.3711	2264
12.374	2264
12.3798	2264
12.3835	2264
12.3865	2264
12.3894	2264
12.3936	2264
12.399	2264
12.4018	2264
12.4051	2264
12.4081	2264
12.4143	2264
12.4215	2264
12.4225	2264
12.4281	2264
12.4359	2264
12.4369	2264
12.4436	2264
12.4497	2264
12.4507	2264
12.4577	2264
12.4631	2264
12.4641	2264
12.4717	2264
12.4786	2264
12.4794	2264
12.4852	2264
12.492	2264
12.4933	2264
12.5003	2264
12.5069	2264
12.5077	2264
12.5143	2264
12.5203	2264
12.5213	2264
12.5284	2264
12.5356	2264
12.5369	2264
12.5429	2264
12.5493	2264
12.5503	2264
12.5573	2264
12.5629	2264
12.5629	2264
12.5676	2264
12.5724	2264
12.5733	2264
12.5783	2264
12.5838	2264
12.5848	2264
12.5897	2264
12.5949	2264
12.5949	2264
12.5998	2264
12.6045	2264
12.6055	2264
12.6102	2264
12.6156	2264
12.6166	2264
12.6218	2264
12.626	2264
12.626	2264
12.6319	2264
12.6366	2264
12.6376	2264
12.6428	2264
12.6477	2264
12.6487	2264
12.6533	2264
12.6583	2264
12.6583	2264
12.6631	2264
12.6688	2264
12.6696	2264
12.6749	2264
12.6799	2264
12.6809	2264
12.6854	2264
12.6904	2264
12.6904	2264
12.6959	2264
12.7009	2264
12.7019	2264
12.706	2264
12.7114	2264
12.7124	2264
12.7175	2264
12.7225	2264
12.7225	2264
12.7277	2264
12.7329	2264
12.7339	2264
12.7381	2264
12.7435	2264
12.7444	2264
12.7493	2264
12.7549	2264
12.7549	2264
12.7598	2264
12.7641	2264
12.7651	2264
12.7703	2264
12.7753	2264
12.7769	2264
12.7819	2264
12.7866	2264
12.7876	2264
12.7923	2264
12.7963	2264
12.7971	2264
12.8028	2264
12.8078	2264
12.8088	2264
12.8133	2264
12.8182	2264
12.8192	2264
12.825	2264
12.8297	2264
12.8297	2264
12.8344	2264
12.8392	2264
12.8402	2264
12.8451	2264
12.8506	2264
12.8516	2264
12.8566	2264
12.8614	2264
12.8614	2264
12.8661	2264
12.8711	2264
12.8728	2264
12.8775	2264
12.8825	2264
12.8835	2264
12.8886	2264
12.8936	2264
12.8936	2264
12.8981	2264
12.904	2264
12.905	2264
12.9097	2264
12.9147	2264
12.9154	2264
12.9208	2264
12.9254	2264
12.9254	2264
12.9303	2264
12.9351	2264
12.9361	2264
12.9418	2264
12.9467	2264
12.9479	2264
12.9529	2264
12.9575	2264
12.9575	2264
12.9624	2264
12.9672	2264
12.9682	2264
12.9739	2264
12.9787	2264
12.9797	2264
12.9844	2264
12.9894	2264
12.9894	2264
12.9945	2264
12.9997	2264
13.0007	2264
13.006	2264
13.011	2264
13.012	2264
13.0166	2264
13.0213	2264
13.0213	2264
13.026	2264
13.032	2264
13.033	2264
13.0375	2264
13.0424	2264
13.0434	2264
13.0482	2264
13.0539	2264
13.0549	2264
13.059	2264
13.063	2264
13.064	2264
13.0692	2264
13.0745	2264
13.0755	2264
13.0803	2264
13.085	2264
13.086	2264
13.0918	2264
13.0965	2264
13.0965	2264
13.1015	2264
13.107	2264
13.108	2264
13.113	2264
13.1492	2252
13.1492	2252
13.1554	2252
13.1603	2252
13.1603	2252
13.165	2252
13.1708	2252
13.1711	2252
13.1775	2252
13.1823	2252
13.1823	2252
13.1876	2252
13.1924	2252
13.1932	2252
13.199	2252
13.2049	2252
13.2049	2252
13.2096	2252
13.2145	2252
13.2157	2252
13.2207	2252
13.2253	2252
13.2263	2252
13.2313	2252
13.236	2252
13.236	2252
13.2417	2252
13.2469	2252
13.2479	2252
13.2528	2252
13.2571	2252
13.2581	2252
13.2633	2252
13.2689	2252
13.2699	2252
13.2748	2252
13.2796	2252
13.2796	2252
13.2843	2252
13.2892	2252
13.2905	2252
13.2954	2252
13.3007	2252
13.3017	2252
13.3069	2252
13.3115	2252
13.3125	2252
13.3175	2252
13.3222	2252
13.3222	2252
13.3279	2252
13.3327	2252
13.3337	2252
13.3394	2252
13.3443	2252
13.3443	2252
13.3495	2252
13.3547	2252
13.3557	2252
13.3609	2252
13.3658	2252
13.3668	2252
13.3715	2252
13.3763	2252
13.3763	2252
13.383	2252
13.3879	2252
13.3879	2252
13.3921	2252
13.3983	2252
13.3983	2252
13.4045	2252
13.4094	2252
13.4094	2252
13.4141	2252
13.4199	2252
13.4199	2252
13.4266	2252
13.4323	2252
13.4323	2252
13.439	2252
13.4448	2252
13.4448	2252
13.4606	2252
13.4668	2252
13.4668	2252
13.4731	2252
13.4779	2252
13.4779	2252
13.4826	2252
13.4884	2252
13.4884	2252
13.4951	2252
13.4993	2252
13.4993	2252
13.5033	2252
13.5072	2252
13.5084	2252
13.5124	2252
13.5163	2252
13.5163	2252
13.521	2252
13.525	2252
13.5258	2252
13.5295	2252
13.5335	2252
13.5382	2252
13.5426	2252
13.5466	2252
13.5478	2252
13.5511	2252
13.5551	2252
13.5569	2252
13.5626	2252
13.5693	2252
13.5707	2252
13.5767	2252
13.5832	2252
13.5842	2252
13.5915	2252
13.5977	2252
13.5987	2252
13.6052	2252
13.6122	2252
13.6133	2252
13.6193	2252
13.6268	2252
13.6278	2252
13.6346	2252
13.6403	2252
13.6413	2252
13.6489	2252
13.6557	2252
13.6567	2252
13.6629	2252
13.6691	2252
13.6704	2252
13.6772	2252
13.6839	2252
13.6849	2252
13.6914	2252
13.6984	2252
13.6994	2252
13.7059	2252
13.7108	2252
13.7118	2252
13.7163	2252
13.7213	2252
13.7223	2252
13.727	2252
13.7328	2252
13.7338	2252
13.7385	2252
13.7432	2252
13.7432	2252
13.7482	2252
13.7537	2252
13.7547	2252
13.7597	2252
13.7647	2252
13.7657	2252
13.77	2252
13.776	2252
13.777	2252
13.7812	2252
13.7865	2252
13.7865	2252
13.7911	2252
13.796	2252
13.797	2252
13.8028	2252
13.8075	2252
13.8085	2252
13.8136	2252
13.8185	2252
13.8195	2252
13.8242	2252
13.8292	2252
13.8292	2252
13.8343	2252
13.8393	2252
13.8403	2252
13.8459	2252
13.8507	2252
13.8517	2252
13.8563	2252
13.8612	2252
13.8612	2252
13.8664	2252
13.8714	2252
13.8726	2252
13.8779	2252
13.8822	2252
13.8832	2252
13.8884	2252
13.8933	2252
13.8943	2252
13.8996	2252
13.9048	2252
13.9048	2252
13.909	2252
13.9143	2252
13.9152	2252
13.9202	2252
13.9257	2252
13.9267	2252
13.9317	2252
13.9369	2252
13.9372	2252
13.9422	2252
13.9474	2252
13.9474	2252
13.9526	2252
13.9576	2252
13.9586	2252
13.9631	2252
13.9681	2252
13.9694	2252
13.9742	2252
13.9799	2252
13.9809	2252
13.9859	2252
13.9904	2252
13.9904	2252
13.9953	2252
14.0001	2252
14.0011	2252
14.0068	2252
14.0115	2252
14.0125	2252
14.0173	2252
14.0222	2252
14.0232	2252
14.0287	2252
14.0337	2252
14.0337	2252
14.0384	2252
14.0432	2252
14.0442	2252
14.049	2252
14.0543	2252
14.0553	2252
14.0605	2252
14.0657	2252
14.0667	2252
14.0713	2252
14.0763	2252
14.0763	2252
14.0814	2252
14.0864	2252
14.0874	2252
14.092	2252
14.098	2252
14.0987	2252
14.1035	2252
14.1084	2252
14.1084	2252
14.1136	2252
14.1185	2252
14.1195	2252
14.124	2252
14.1299	2252
14.1309	2252
14.1356	2252
14.1404	2252
14.1414	2252
14.1461	2252
14.151	2252
14.151	2252
14.1568	2252
14.1615	2252
14.1625	2252
14.1672	2252
14.1739	2252
14.1739	2252
14.1788	2252
14.183	2252
14.184	2252
14.1893	2252
14.1955	2252
14.1955	2252
14.2017	2252
14.208	2252
14.208	2252
14.2128	2252
14.2175	2252
14.2185	2252
14.2233	2252
14.2329	2252
14.2329	2252
14.2377	2252
14.2424	2252
14.2434	2252
14.2482	2252
14.2549	2252
14.2549	2252
14.2607	2252
14.2674	2252
14.2674	2252
14.2731	2252
14.2798	2252
14.2798	2252
14.2847	2252
14.2899	2252
14.2909	2252
14.2951	2252
14.3014	2252
14.3014	2252
14.3076	2252
14.3138	2252
14.3138	2252
14.3187	2252
14.3234	2252
14.3244	2252
14.3292	2252
14.3359	2252
14.3359	2252
14.3407	2252
14.346	2252
14.347	2252
14.3516	2252
14.3566	2252
14.3576	2252
14.3627	2252
14.3677	2252
14.3677	2252
14.3729	2252
14.3771	2252
14.3781	2252
14.3837	2252
14.3887	2252
14.3897	2252
14.3944	2252
14.3991	2252
14.4001	2252
14.405	2252
14.4106	2252
14.4106	2252
14.4155	2252
14.4207	2252
14.4217	2252
14.4263	2252
14.4322	2252
14.4322	2252
14.437	2252
14.4427	2252
14.4437	2252
14.4489	2252
14.4538	2252
14.4548	2252
14.4591	2252
14.4643	2252
14.4643	2252
14.4692	2252
14.4749	2252
14.4759	2252
14.4806	2252
14.4853	2252
14.4863	2252
14.4911	2252
14.4964	2252
14.4974	2252
14.5027	2252
14.5079	2252
14.5079	2252
14.5131	2252
14.5185	2252
14.5185	2252
14.5232	2252
14.5289	2252
14.5299	2252
14.5347	2252
14.5443	2252
14.5443	2252
14.5505	2252
14.5567	2252
14.5567	2252
14.563	2252
14.5692	2252
14.5692	2252
14.5754	2252
14.5816	2252
14.5816	2252
14.5879	2252
14.5912	2252
14.5912	2252
14.597	2252
14.6037	2252
14.6037	2252
14.6094	2252
14.6138	2252
14.6138	2252
14.619	2252
14.6252	2252
14.6252	2252
14.6315	2252
14.6358	2252
14.6358	2252
14.6406	2252
14.6473	2252
14.6473	2252
14.653	2252
14.6574	2252
14.6574	2252
14.6626	2252
14.6688	2252
14.6688	2252
14.6727	2252
14.6784	2252
14.6784	2252
14.6842	2252
14.6909	2252
14.6909	2252
14.6966	2252
14.7033	2252
14.7033	2252
14.7072	2252
14.7124	2252
14.7124	2252
14.719	2252
14.726	2252
14.727	2252
14.7335	2252
14.7403	2252
14.7416	2252
14.7486	2252
14.754	2252
14.755	2252
14.762	2252
14.7696	2252
14.7706	2252
14.7761	2252
14.7839	2252
14.7842	2252
14.7912	2252
14.7978	2252
14.7988	2252
14.8055	2252
14.8122	2252
14.8132	2252
14.8197	2252
14.8267	2252
14.8274	2252
14.8341	2252
14.8409	2252
14.8419	2252
14.8486	2252
14.8557	2252
14.8557	2252
14.8609	2252
14.8652	2252
14.8662	2252
14.8714	2252
14.8764	2252
14.8774	2252
14.8826	2252
14.8878	2252
14.8888	2252
14.8934	2252
14.8984	2252
14.8984	2252
14.9031	2252
14.9088	2252
14.9098	2252
14.9147	2252
14.9199	2252
14.9209	2252
14.9252	2252
14.9304	2252
14.9314	2252
14.9363	2252
14.942	2252
14.942	2252
14.9467	2252
14.9515	2252
14.9524	2252
14.9574	2252
14.9625	2252
14.9635	2252
14.9688	2252
14.973	2252
14.975	2252
14.9799	2252
14.9846	2252
14.9846	2252
14.9893	2252
14.9941	2252
14.9951	2252
15.0009	2252
15.0051	2252
15.0061	2252
15.0111	2252
15.0166	2252
15.0176	2252
15.0226	2252
15.0271	2252
15.0271	2252
15.0321	2252
15.0373	2252
15.0383	2252
15.0435	2252
15.0485	2252
15.0497	2252
15.055	2252
15.06	2252
15.061	2252
15.0654	2252
15.0704	2252
15.0704	2252
15.0756	2252
15.0809	2252
15.0819	2252
15.0869	2252
15.0914	2252
15.0924	2252
15.0978	2252
15.1029	2252
15.1029	2252
15.1078	2252
15.112	2252
15.113	2252
15.1182	2252
15.1235	2252
15.1245	2252
15.1295	2252
15.1341	2252
15.1351	2252
15.1408	2252
15.1455	2252
15.1455	2252
15.1505	2252
15.156	2252
15.157	2252
15.1618	2252
15.1661	2252
15.1671	2252
15.1721	2252
15.1777	2252
15.1787	2252
15.1834	2252
15.1881	2252
15.1881	2252
15.1931	2252
15.1982	2252
15.1992	2252
15.2044	2252
15.2097	2252
15.2107	2252
15.2155	2252
15.2202	2252
15.2212	2252
15.2261	2252
15.2313	2252
15.2313	2252
15.237	2252
15.2419	2252
15.2429	2252
15.2475	2252
15.2525	2252
15.2535	2252
15.2585	2252
15.2634	2252
15.2644	2252
15.2691	2252
15.2749	2252
15.2749	2252
15.2792	2252
15.2842	2252
15.2852	2252
15.2908	2252
15.2959	2252
15.2969	2252
15.3013	2252
15.3061	2252
15.3071	2252
15.3123	2252
15.3179	2252
15.3179	2252
15.3228	2252
15.3276	2252
15.3286	2252
15.3333	2252
15.3381	2252
15.3391	2252
15.3448	2252
15.3498	2252
15.3498	2252
15.3549	2252
15.3599	2252
15.3601	2252
15.3654	2252
15.3704	2252
15.3714	2252
15.3769	2252
15.3817	2252
15.3827	2252
15.3874	2252
15.3924	2252
15.3924	2252
15.397	2252
15.4029	2281
15.4039	2281
15.409	2281
15.414	2281
15.415	2281
15.4192	2281
15.4244	2290
15.4244	2290
15.429	2290
15.435	2290
15.436	2290
15.4407	2290
15.4455	2290
15.4465	2290
15.4502	2290
15.4559	2290
15.4569	2290
15.4618	2290
15.466	2290
15.467	2290
15.472	2290
15.4765	2290
15.4775	2290
15.4825	2290
15.4877	2290
15.489	2290
15.4938	2290
15.4985	2290
15.4985	2290
15.5035	2290
15.5083	2290
15.5093	2290
15.515	2290
15.5191	2290
15.5191	2290
15.5241	2290
15.5293	2290
15.5303	2290
15.5355	2290
15.5405	2290
15.5417	2290
15.545	2290
15.5509	2290
15.5519	2290
15.5566	2290
15.5616	2290
15.5623	2290
15.567	2290
15.5729	2290
15.5729	2290
15.5771	2290
15.5821	2290
15.5831	2290
15.5886	2290
15.5934	2290
15.5934	2290
15.5982	2290
15.6032	2290
15.6042	2290
15.6093	2290
15.6146	2290
15.6146	2290
15.6197	2290
15.6247	2290
15.6257	2290
15.6309	2290
15.6352	2290
15.6362	2290
15.6418	2290
15.6457	2290
15.6467	2290
15.6515	2290
15.6562	2290
15.6572	2290
15.6623	2290
15.6673	2290
15.6673	2290
15.6725	2290
15.6778	2290
15.6788	2290
15.6838	2290
15.6884	2290
15.6884	2290
15.6931	2290
15.6988	2290
15.6998	2290
15.7047	2290
15.7094	2290
15.7104	2290
15.7144	2290
15.7194	2290
15.7204	2290
15.7244	2290
15.729	2290
15.729	2290
15.7329	2290
15.7367	2290
15.7377	2290
15.7414	2290
15.7454	2290
15.7454	2290
15.7491	2290
15.754	2290
15.755	2290
15.7587	2290
15.763	2290
15.763	2290
15.767	2290
15.771	2290
15.7712	2290
15.7755	2290
15.7795	2290
15.7795	2290
15.7833	2290
15.788	2290
15.789	2290
15.792	2290
15.7951	2290
15.7961	2290
15.8001	2290
15.8043	2290
15.8043	2290
15.8086	2290
15.8126	2290
15.8136	2290
15.8172	2290
15.821	2290
15.821	2290
15.8259	2290
15.8306	2290
15.8306	2290
15.8345	2290
15.8397	2290
15.8397	2290
15.8459	2290
15.8521	2290
15.8521	2290
15.856	2290
15.8617	2290
15.8617	2290
15.8685	2290
15.8752	2290
15.8762	2290
15.8823	2290
15.8893	2290
15.8905	2290
15.8967	2290
15.9034	2290
15.9044	2290
15.9103	2290
15.9178	2290
15.9188	2290
15.9249	2290
15.9319	2290
15.9329	2290
15.9385	2290
15.9452	2290
15.9469	2290
15.9539	2290
15.9591	2290
15.9601	2290
15.9673	2290
15.9734	2290
15.9744	2290
15.9811	2290
15.9878	2290
15.9888	2290
15.9954	2290
16.0016	2290
16.0026	2290
16.0076	2290
16.0121	2290
16.0131	2290
16.0183	2290
16.0223	2290
16.0233	2290
16.0285	2290
16.0338	2290
16.0348	2290
16.0394	2290
16.0443	2290
16.0443	2290
16.0495	2290
16.0544	2291
16.0554	2291
16.0601	2291
16.065	2296
16.065	2296
16.0706	2296
16.0756	2296
16.0764	2296
16.0817	2296
16.0868	2319
16.0868	2319
16.0918	2319
16.0964	2319
16.0974	2319
16.1024	2332
16.1075	2346
16.1075	2346
16.1125	2346
16.1171	2370
16.1181	2370
16.1221	2370
16.1272	2370
16.1282	2370
16.1338	2370
16.1378	2370
16.1388	2370
16.1435	2370
16.1482	2370
16.1482	2370
16.1531	2370
16.1583	2370
16.1583	2370
16.1637	2394
16.1689	2402
16.1699	2402
16.1737	2402
16.1784	2402
16.1794	2402
16.1834	2402
16.1881	2402
16.1898	2402
16.1938	2402
16.1986	2402
16.1996	2402
16.2036	2402
16.2081	2402
16.2091	2402
16.2145	2402
16.2186	2402
16.2196	2402
16.225	2402
16.229	2402
16.2291	2402
16.2341	2402
16.2381	2402
16.2393	2402
16.2445	2402
16.2485	2402
16.2495	2402
16.255	2402
16.259	2402
16.26	2402
16.2642	2402
16.2694	2402
16.2694	2402
16.2744	2402
16.2799	2402
16.2799	2402
16.2848	2402
16.2895	2402
16.2895	2402
16.2945	2402
16.2996	2402
16.2996	2402
16.3046	2402
16.3098	2402
16.31	2402
16.314	2402
16.3196	2402
16.3206	2402
16.3246	2402
16.3297	2402
16.3307	2402
16.3346	2402
16.3393	2402
16.3403	2402
16.3442	2402
16.3494	2402
16.3504	2402
16.3544	2402
16.36	2402
16.361	2402
16.3657	2402
16.3691	2402
16.3701	2402
16.3751	2402
16.3796	2402
16.3806	2402
16.3854	2402
16.3891	2402
16.3901	2402
16.396	2402
16.3992	2402
16.4002	2402
16.4052	2402
16.4094	2402
16.4107	2402
16.4157	2402
16.4203	2402
16.4203	2402
16.4252	2402
16.431	2402
16.431	2402
16.4357	2402
16.4406	2402
16.4406	2402
16.4453	2402
16.45	2402
16.45	2402
16.4553	2402
16.4606	2402
16.4616	2402
16.4659	2402
16.4707	2402
16.4716	2402
16.4753	2402
16.4803	2402
16.4813	2402
16.4854	2402
16.4904	2402
16.4914	2402
16.4956	2402
16.5009	2402
16.5019	2402
16.5059	2402
16.5105	2402
16.5115	2402
16.5162	2402
16.5209	2402
16.5219	2402
16.5269	2402
16.53	2402
16.531	2402
16.5365	2402
16.5402	2402
16.5415	2402
16.5465	2402
16.5501	2402
16.5511	2402
16.556	2402
16.5618	2402
16.5618	2402
16.5665	2402
16.5712	2402
16.5712	2402
16.5761	2402
16.5818	2402
16.5818	2402
16.5861	2402
16.5919	2402
16.5919	2402
16.5966	2402
16.6015	2402
16.6015	2402
16.6067	2402
16.6117	2402
16.6123	2402
16.6163	2402
16.6211	2402
16.6221	2402
16.6268	2402
16.6316	2402
16.6326	2402
16.6369	2402
16.6418	2402
16.6428	2402
16.6465	2402
16.6515	2402
16.6522	2402
16.657	2402
16.661	2402
16.6628	2402
16.667	2402
16.671	2402
16.672	2402
16.6776	2402
16.6816	2402
16.6826	2402
16.6877	2402
16.6917	2402
16.6927	2402
16.6972	2402
16.7012	2402
16.7022	2402
16.7078	2402
16.7127	2402
16.7127	2402
16.7175	2402
16.7222	2402
16.7222	2402
16.7271	2402
16.7323	2402
16.7323	2402
16.7379	2402
16.7429	2402
16.7429	2402
16.7476	2402
16.7523	2402
16.7533	2402
16.7573	2402
16.7628	2402
16.7638	2402
16.7677	2402
16.7729	2402
16.7739	2402
16.7772	2402
16.7825	2402
16.7835	2402
16.7875	2402
16.7922	2402
16.794	2402
16.7979	2402
16.8021	2402
16.8031	2402
16.808	2402
16.8126	2402
16.8136	2402
16.8186	2402
16.8224	2402
16.8234	2402
16.8281	2402
16.8329	2402
16.8332	2402
16.8382	2402
16.8422	2402
16.8438	2402
16.8488	2402
16.8529	2402
16.8539	2402
16.8589	2402
16.8631	2402
16.8631	2402
16.8673	2402
16.8712	2402
16.8712	2402
16.8759	2402
16.8799	2402
16.8799	2402
16.883	2402
16.888	2402
16.888	2402
16.892	2402
16.8956	2402
16.8956	2402
16.8996	2402
16.9032	2402
16.9032	2402
16.908	2402
16.9119	2402
16.9142	2402
16.9171	2402
16.921	2402
16.9237	2402
16.9267	2402
16.9306	2402
16.9328	2402
16.9358	2402
16.9392	2402
16.9424	2402
16.9454	2402
16.9512	2402
16.9515	2402
16.9555	2402
16.9607	2402
16.9611	2402
16.9641	2402
16.9698	2402
16.9702	2402
16.9732	2402
16.9794	2402
16.9798	2402
16.9856	2402
16.9885	2402
16.9894	2402
16.9952	2402
16.9981	2402
17.0014	2402
17.0043	2402
17.0106	2402
17.0119	2402
17.0189	2402
17.0244	2402
17.0254	2402
17.0314	2402
17.0379	2402
17.0389	2402
17.046	2402
17.0513	2402
17.0523	2402
17.0585	2402
17.0643	2402
17.0653	2402
17.072	2402
17.0781	2402
17.0791	2402
17.0851	2402
17.0915	2402
17.0925	2402
17.0981	2402
17.105	2402
17.106	2402
17.1122	2402
17.1188	2402
17.1198	2402
17.1255	2402
17.1319	2416
17.1329	2416
17.1381	2416
17.1452	2416
17.1462	2416
17.1529	2416
17.1567	2416
17.1571	2416
17.162	2416
17.166	2416
17.1676	2416
17.1726	2416
17.1767	2416
17.1777	2416
17.1826	2429
17.1863	2429
17.1873	2429
17.1922	2429
17.1964	2429
17.1974	2429
17.2023	2429
17.206	2429
17.208	2429
17.2129	2448
17.2161	2448
17.2171	2448
17.2227	2448
17.2267	2448
17.2277	2448
17.2315	2448
17.2368	2448
17.2376	2448
17.2414	2448
17.2463	2448
17.2473	2448
17.2515	2448
17.2564	2448
17.2564	2448
17.2611	2448
17.2669	2448
17.2669	2448
17.2718	2448
17.2765	2448
17.2765	2448
17.2814	2448
17.2856	2448
17.2866	2448
17.2912	2448
17.2952	2448
17.2962	2448
17.3013	2448
17.3053	2448
17.3063	2448
17.3105	2448
17.3157	2448
17.3167	2448
17.3207	2448
17.3252	2448
17.3262	2448
17.3302	2448
17.3354	2448
17.3364	2448
17.3406	2448
17.3456	2448
17.3456	2448
17.3501	2448
17.3551	2448
17.3551	2448
17.3607	2448
17.3647	2448
17.3657	2448
17.3704	2448
17.3742	2448
17.3751	2448
17.3801	2448
17.3843	2448
17.3853	2448
17.3905	2448
17.3947	2448
17.3957	2448
17.3997	2448
17.4049	2448
17.4059	2448
17.4091	2448
17.4141	2448
17.4151	2448
17.4198	2448
17.4245	2448
17.4245	2448
17.4292	2448
17.4341	2448
17.4341	2448
17.4393	2448
17.4432	2448
17.4442	2448
17.4499	2448
17.4537	2448
17.4547	2448
17.46	2448
17.464	2448
17.465	2448
17.4696	2448
17.4736	2448
17.4743	2448
17.4787	2448
17.4837	2448
17.4843	2448
17.4883	2448
17.4934	2448
17.4944	2448
17.4984	2448
17.5036	2448
17.5036	2448
17.5088	2448
17.5137	2448
17.5137	2448
17.5184	2448
17.5234	2448
17.5234	2448
17.5285	2448
17.5325	2448
17.5335	2448
17.5381	2448
17.5421	2448
17.5438	2448
17.5485	2448
17.5524	2448
17.5534	2448
17.5576	2448
17.5626	2448
17.5636	2448
17.5672	2448
17.5722	2448
17.5732	2448
17.5777	2448
17.5827	2448
17.5827	2448
17.5878	2448
17.5928	2448
17.5928	2448
17.598	2448
17.6022	2448
17.6022	2448
17.6076	2448
17.6118	2448
17.6128	2448
17.6175	2448
17.6213	2448
17.6223	2448
17.6273	2448
17.6319	2448
17.6329	2448
17.6368	2448
17.6416	2448
17.6426	2448
17.6468	2448
17.6518	2448
17.652	2448
17.6564	2448
17.6611	2448
17.6621	2448
17.6669	2448
17.6718	2448
17.6718	2448
17.677	2448
17.682	2448
17.682	2448
17.6865	2448
17.6905	2448
17.6915	2448
17.6966	2448
17.7006	2448
17.7016	2448
17.7062	2448
17.7102	2448
17.712	2448
17.7167	2448
17.7205	2448
17.7215	2448
17.7258	2448
17.7307	2448
17.7317	2448
17.7354	2448
17.7402	2448
17.7412	2448
17.7455	2448
17.7508	2448
17.7508	2448
17.755	2448
17.76	2448
17.76	2448
17.7651	2448
17.7705	2448
17.7705	2448
17.7757	2448
17.7796	2448
17.7809	2448
17.7858	2448
17.7891	2448
17.7904	2448
17.7954	2448
17.7995	2448
17.8005	2448
17.8045	2448
17.8091	2448
17.8101	2448
17.8141	2448
17.8192	2448
17.8202	2448
17.8247	2448
17.8294	2448
17.8294	2448
17.8347	2448
17.8393	2448
17.8393	2448
17.8442	2448
17.8498	2448
17.8498	2448
17.8547	2448
17.8586	2448
17.8596	2448
17.8648	2448
17.8688	2448
17.8698	2448
17.8744	2448
17.8784	2448
17.8791	2448
17.8839	2448
17.8888	2448
17.8898	2448
17.894	2448
17.8989	2448
17.8999	2448
17.9032	2448
17.9084	2448
17.9084	2448
17.9137	2448
17.919	2448
17.919	2448
17.9236	2448
17.9286	2448
17.9286	2448
17.9333	2448
17.9376	2448
17.9385	2448
17.9435	2448
17.9471	2448
17.9481	2448
17.9531	2448
17.9576	2448
17.9586	2448
17.9626	2448
17.9677	2448
17.9687	2448
17.9727	2448
17.9773	2448
17.9783	2448
17.9822	2448
17.9874	2448
17.9884	2448
17.9924	2448
17.9979	2448
17.9979	2448
18.0029	2448
18.0071	2448
18.0071	2448
18.0124	2448
18.0163	2448
18.0163	2448
18.0205	2448
18.0234	2448
18.0244	2448
18.0291	2448
18.0329	2448
18.0339	2448
18.0382	2448
18.0411	2448
18.0421	2448
18.0478	2448
18.0506	2448
18.0516	2448
18.0569	2448
18.0631	2448
18.0631	2448
18.0674	2448
18.0722	2448
18.0722	2448
18.0765	2448
18.0818	2448
18.0818	2448
18.088	2448
18.0909	2448
18.0919	2448
18.0976	2448
18.1005	2448
18.1015	2448
18.1067	2448
18.1129	2448
18.1129	2448
18.1163	2448
18.122	2448
18.122	2448
18.1287	2448
18.1316	2448
18.1326	2448
18.1378	2448
18.1441	2448
18.1441	2448
18.1503	2448
18.1532	2448
18.1542	2448
18.1609	2448
18.167	2448
18.168	2448
18.174	2448
18.1805	2448
18.1805	2448
18.1873	2448
18.1939	2448
18.1949	2448
18.2001	2448
18.2061	2448
18.2077	2448
18.2137	2448
18.2192	2448
18.2202	2448
18.226	2448
18.2322	2448
18.2332	2448
18.2399	2448
18.2458	2448
18.2466	2448
18.2529	2448
18.2595	2448
18.2595	2448
18.2663	2448
18.273	2448
18.274	2448
18.2791	2448
18.2859	2448
18.2869	2448
18.2926	2448
18.2988	2448
18.2998	2448
18.3036	2448
18.3084	2448
18.3093	2448
18.3132	2448
18.3184	2448
18.3194	2448
18.3234	2448
18.328	2448
18.328	2448
18.3339	2448
18.3381	2448
18.3381	2448
18.3437	2448
18.3477	2448
18.3487	2448
18.3538	2448
18.3578	2448
18.3588	2448
18.3634	2448
18.3674	2448
18.3684	2448
18.3731	2448
18.3778	2448
18.3788	2448
18.3827	2448
18.3879	2448
18.3889	2448
18.3929	2448
18.3975	2448
18.3985	2448
18.4023	2448
18.4077	2448
18.4077	2448
18.4129	2448
18.4171	2448
18.4171	2448
18.423	2448
18.4267	2448
18.4277	2448
18.4327	2448
18.4368	2448
18.4378	2448
18.4421	2448
18.4463	2448
18.4473	2448
18.4522	2448
18.4568	2448
18.4578	2448
18.4618	2448
18.4666	2448
18.4676	2448
18.4713	2448
18.4763	2448
18.477	2448
18.4817	2448
18.4866	2448
18.4866	2448
18.4918	2448
18.4962	2448
18.4962	2448
18.501	2448
18.5063	2448
18.5063	2448
18.5113	2448
18.5159	2448
18.5169	2448
18.5216	2448
18.5253	2448
18.5263	2448
18.5313	2448
18.5354	2448
18.5364	2448
18.5404	2448
18.5456	2448
18.5469	2448
18.5509	2448
18.5552	2448
18.5565	2448
18.5605	2448
18.5656	2448
18.5656	2448
18.5704	2448
18.5758	2448
18.5758	2448
18.58	2448
18.585	2448
18.585	2448
18.5906	2448
18.5945	2448
18.5953	2448
18.6007	2448
18.6047	2448
18.6053	2448
18.6103	2448
18.614	2448
18.6154	2448
18.6194	2448
18.625	2448
18.626	2448
18.63	2448
18.6341	2448
18.6351	2448
18.6391	2448
18.6447	2448
18.6457	2448
18.6495	2448
18.6544	2448
18.6544	2448
18.6591	2448
18.6642	2448
18.6642	2448
18.6692	2448
18.6732	2448
18.6748	2448
18.6798	2448
18.6835	2448
18.6845	2448
18.6892	2448
18.6931	2448
18.6941	2448
18.6993	2448
18.7033	2448
18.7043	2448
18.7089	2448
18.7137	2448
18.7141	2448
18.7185	2448
18.7233	2448
18.7243	2448
18.7285	2448
18.7338	2448
18.7338	2448
18.7381	2448
18.7431	2448
18.7431	2448
18.7482	2448
18.7536	2448
18.7536	2448
18.7587	2448
18.7626	2448
18.7636	2448
18.7682	2448
18.7722	2448
18.7732	2448
18.7783	2448
18.7823	2448
18.7833	2448
18.7875	2448
18.7928	2448
18.7938	2448
18.7976	2448
18.8023	2448
18.8033	2448
18.8071	2448
18.8124	2448
18.8124	2448
18.8177	2448
18.8229	2448
18.8229	2448
18.8278	2448
18.8325	2448
18.8325	2448
18.8374	2448
18.8416	2459
18.8426	2459
18.8475	2459
18.8512	2459
18.8522	2459
18.857	2459
18.8613	2459
18.8623	2459
18.8666	2459
18.8719	2459
18.8729	2459
18.877	2459
18.882	2459
18.882	2459
18.8866	2459
18.8914	2459
18.8914	2459
18.8963	2459
18.9	2459
18.902	2459
18.9069	2459
18.9101	2459
18.9111	2459
18.9167	2459
18.9207	2459
18.9217	2459
18.9254	2459
18.9308	2459
18.9318	2459
18.935	2459
18.9403	2459
18.9403	2459
18.9451	2459
18.9508	2459
18.9508	2459
18.9557	2459
18.9599	2459
18.9609	2459
18.9659	2459
18.9695	2459
18.9705	2459
18.9753	2459
18.9791	2459
18.9801	2459
18.9848	2459
18.9891	2459
18.9901	2459
18.9941	2459
18.9997	2459
18.9997	2459
19.0046	2459
19.0092	2459
19.0092	2459
19.0142	2459
19.019	2459
19.0192	2459
19.0242	2459
19.0281	2459
19.0298	2459
19.0348	2459
19.0389	2459
19.0399	2459
19.0439	2459
19.0485	2459
19.0495	2459
19.0535	2459
19.0582	2459
19.0582	2459
19.0639	2459
19.0688	2459
19.0688	2459
19.073	2459
19.0779	2459
19.0786	2459
19.0836	2459
19.0875	2459
19.0887	2459
19.0937	2459
19.0971	2459
19.0983	2459
19.1023	2459
19.1074	2459
19.1084	2459
19.1124	2459
19.118	2459
19.118	2459
19.1228	2459
19.1277	2459
19.1277	2459
19.1324	2459
19.1363	2459
19.1373	2459
19.1425	2459
19.1464	2459
19.1471	2459
19.1521	2459
19.1562	2459
19.1572	2459
19.1612	2459
19.1668	2459
19.1668	2459
19.1708	2459
19.1745	2459
19.1745	2459
19.1784	2459
19.1823	2459
19.1823	2459
19.1861	2459
19.1904	2459
19.1904	2459
19.1947	2459
19.198	2459
19.199	2459
19.2029	2459
19.2057	2459
19.2061	2459
19.209	2459
19.213	2459
19.214	2459
19.2173	2459
19.2215	2459
19.2225	2459
19.2254	2459
19.2291	2459
19.2291	2459
19.2331	2459
19.2372	2459
19.2372	2459
19.2412	2459
19.2464	2459
19.2464	2459
19.2508	2459
19.2555	2459
19.2555	2459
19.2599	2459
19.2651	2459
19.2651	2459
19.2713	2459
19.2742	2459
19.2752	2459
19.2809	2459
19.2867	2459
19.2867	2459
19.29	2459
19.2962	2459
19.2962	2459
19.3006	2459
19.3053	2459
19.3053	2459
19.312	2459
19.3182	2459
19.3192	2459
19.325	2459
19.3317	2459
19.3327	2459
19.3389	2459
19.3448	2459
19.3458	2459
19.3514	2459
19.3575	2459
19.3585	2459
19.3645	2459
19.3701	2459
19.372	2459
19.3772	2459
19.3834	2459
19.3848	2459
19.3908	2459
19.3964	2459
19.3974	2459
19.4035	2459
19.4095	2459
19.4105	2459
19.4166	2465
19.4232	2465
19.4232	2465
19.4291	2486
19.4362	2486
19.4362	2486
19.4428	2486
19.45	2486
19.45	2486
19.4553	2499
19.4605	2499
19.4615	2499
19.4654	2505
19.4706	2505
19.4706	2505
19.4759	2532
19.4798	2545
19.4808	2545
19.4845	2545
19.4894	2545
19.4894	2545
19.4946	2545
19.4985	2545
19.4995	2545
19.5031	2545
19.509	2545
19.509	2545
19.5132	2564
19.5172	2577
19.5182	2577
19.5228	2577
19.5278	2577
19.5278	2577
19.5325	2577
19.5362	2577
19.5372	2577
19.5411	2577
19.5454	2577
19.5464	2577
19.5502	2577
19.5559	2577
19.5559	2577
19.5607	2577
19.5641	2577
19.5655	2577
19.5695	2577
19.5745	2577
19.5745	2577
19.5794	2577
19.5831	2577
19.5841	2577
19.5881	2577
19.5927	2577
19.5937	2577
19.5977	2577
19.6024	2577
19.6024	2577
19.6076	2577
19.6116	2577
19.6126	2577
19.6169	2577
19.6201	2577
19.6211	2577
19.6251	2577
19.6306	2577
19.6306	2577
19.6354	2577
19.6392	2577
19.6402	2577
19.6441	2577
19.6499	2577
19.6499	2577
19.6546	2577
19.6585	2577
19.6595	2577
19.6637	2577
19.6677	2577
19.6687	2577
19.6723	2577
19.6771	2577
19.6771	2577
19.682	2577
19.6867	2577
19.6877	2577
19.6916	2577
19.6968	2577
19.6968	2577
19.7011	2577
19.7054	2577
19.7064	2577
19.7102	2577
19.715	2577
19.716	2577
19.7197	2577
19.725	2577
19.725	2577
19.7293	2577
19.7336	2577
19.7346	2577
19.7384	2577
19.7427	2577
19.7437	2577
19.7475	2577
19.7523	2577
19.7523	2577
19.7571	2577
19.7614	2577
19.7624	2577
19.7663	2577
19.7719	2577
19.7719	2577
19.7769	2577
19.78	2577
19.781	2577
19.7853	2577
19.7892	2577
19.7902	2577
19.7941	2577
19.7998	2577
19.7998	2577
19.805	2577
19.8089	2577
19.8099	2577
19.8133	2577
19.8185	2577
19.8185	2577
19.8236	2577
19.8271	2577
19.8281	2577
19.8322	2577
19.8362	2577
19.8372	2577
19.8419	2577
19.8467	2577
19.8467	2577
19.8515	2577
19.8558	2577
19.8568	2577
19.8606	2577
19.8644	2577
19.8654	2577
19.8693	2577
19.8745	2577
19.8745	2577
19.8794	2577
19.883	2577
19.884	2577
19.888	2577
19.8936	2577
19.8936	2577
19.8986	2577
19.9023	2577
19.9033	2577
19.9076	2577
19.9115	2577
19.9125	2577
19.9162	2577
19.9212	2577
19.9212	2577
19.9263	2577
19.9303	2577
19.9313	2577
19.9358	2577
19.9406	2577
19.9406	2577
19.9459	2577
19.9499	2577
19.9502	2577
19.9544	2577
19.9584	2577
19.9593	2577
19.963	2577
19.9689	2577
19.9689	2577
19.9731	2577
19.9771	2577
19.979	2577
19.9827	2577
19.9867	2577
19.9875	2577
19.9918	2577
19.9968	2577
19.9968	2577
