0.01	0
0.01	0
0.01	0
0.01	0
0.01	0
0.01	0
0.01	0
0.01	0
0.01	0
0.01	0
0.01	0
0.013	0
0.013	0
0.017	0
0.173796	68
0.175796	68
0.191477	402
0.200661	570
0.201533	620
0.208533	620
0.214533	620
0.215533	620
0.221533	620
0.227533	620
0.228533	620
0.235533	620
0.241533	620
0.242533	620
0.248533	620
0.254533	620
0.255533	620
0.262533	620
0.268533	620
0.269533	620
0.275533	620
0.281533	620
0.282533	620
0.289533	620
0.295533	620
0.296533	620
0.302533	620
0.308533	620
0.309533	620
0.316877	667
0.321993	727
0.322993	727
0.328993	727
0.336997	727
0.336997	727
0.342997	727
0.347557	727
0.348557	727
0.353557	727
0.359893	727
0.359893	727
0.365861	727
0.370861	727
0.371325	727
0.376325	727
0.382637	727
0.382637	727
0.388725	727
0.393445	727
0.394445	727
0.399285	727
0.405501	727
0.405501	727
0.411589	727
0.416589	727
0.417589	727
0.422677	727
0.430243	727
0.430243	727
0.439337	727
0.448903	727
0.448903	727
0.457997	727
0.467563	735
0.467563	735
0.473783	759
0.478783	759
0.478783	759
0.484349	785
0.489349	785
0.489349	785
0.498665	1310
0.500665	1310
0.501665	1310
0.511105	1310
0.513105	1310
0.514105	1310
0.526421	1310
0.528421	1310
0.529421	1310
0.539335	1310
0.541335	1310
0.542335	1310
0.548429	1310
0.550429	1310
0.551429	1310
0.557995	1310
0.559995	1310
0.560995	1310
0.569963	1310
0.571963	1310
0.572963	1310
0.579529	1310
0.581529	1310
0.582529	1310
0.588623	1310
0.590623	1310
0.591623	1310
0.601537	1310
0.603537	1310
0.604537	1310
0.610631	1310
0.612631	1310
0.613631	1310
0.620197	1310
0.622197	1310
0.623197	1310
0.632165	1310
0.634165	1310
0.635165	1310
0.641731	1310
0.643731	1310
0.644731	1310
0.654173	1310
0.656173	1310
0.657173	1310
0.663743	1310
0.665743	1310
0.666743	1310
0.672839	1310
0.674839	1310
0.675839	1310
0.688631	1310
0.697727	1310
0.697727	1310
0.707297	1310
0.722615	1310
0.722615	1310
0.738407	1310
0.759947	1310
0.759947	1310
0.772391	1310
0.778613	1310
0.778613	1310
0.791057	1310
0.800627	1310
0.800627	1310
0.806849	1310
0.819293	1310
0.819293	1310
0.822641	1310
0.831737	1310
0.831737	1310
0.840833	1310
0.850403	1310
0.850403	1310
0.856625	1310
0.868595	1310
0.868595	1310
0.872417	1310
0.881039	1310
0.881039	1310
0.884861	1310
0.893957	1310
0.893957	1310
0.900179	1310
0.909275	1310
0.909275	1310
0.912623	1310
0.921719	1310
0.921719	1310
0.925067	1310
0.934163	1310
0.934163	1310
0.940385	1310
0.952829	1310
0.952829	1310
0.956177	1310
0.962399	1310
0.962399	1310
0.969102	1315
0.971102	1315
0.974354	1315
0.975324	1329
0.978324	1329
0.981928	1329
0.984898	1345
0.984898	1345
0.987898	1345
0.993994	1345
0.993994	1345
0.997346	1357
0.997346	1357
1.00357	1384
1.00357	1384
1.00657	1384
1.01268	1384
1.01268	1384
1.01568	1384
1.01568	1384
1.01938	1389
1.02513	1401
1.02513	1401
1.02813	1401
1.03806	1408
1.03806	1408
1.04106	1408
1.04754	1408
1.05051	1408
1.05962	1408
1.06957	1408
1.07254	1413
1.085	1424
1.085	1424
1.10118	1424
1.10415	1433
1.11326	1445
1.11986	1445
1.12283	1445
1.13193	1449
1.13393	1449
1.13854	1449
1.14151	1450
1.14726	1450
1.15387	1450
1.15684	1467
1.16306	1467
1.16967	1467
1.17264	1467
1.18174	1467
1.18499	1467
1.18796	1467
1.19419	1467
1.20367	1467
1.20664	1467
1.20952	1467
1.21612	1467
1.21909	1467
1.22197	1467
1.22857	1467
1.23154	1467
1.23777	1467
1.24437	1467
1.24734	1467
1.25309	1467
1.25971	1467
1.26268	1467
1.26843	1467
1.27504	1467
1.27801	1467
1.28376	1467
1.29372	1467
1.29669	1467
1.29956	1467
1.30858	1467
1.31155	1467
1.31777	1467
1.32151	1467
1.32351	1467
1.32448	1467
1.32735	1467
1.33023	1472
1.33023	1472
1.33357	1477
1.33557	1477
1.33657	1477
1.33892	1496
1.34689	1496
1.35072	1496
1.35272	1496
1.35369	1496
1.3603	1496
1.3623	1496
1.36528	1496
1.36653	1496
1.36998	1496
1.37198	1496
1.38571	1496
1.38571	1496
1.38868	1496
1.39068	1496
1.39168	1496
1.39491	1496
1.39491	1496
1.40066	1496
1.41935	1496
1.41935	1496
1.4251	1496
1.4317	1496
1.43467	1496
1.45	1496
1.45238	1496
1.45958	1496
1.4658	1504
1.4678	1504
1.4678	1504
1.47826	1504
1.48113	1504
1.48113	1504
1.49071	1509
1.49693	1509
1.49693	1509
1.50019	1509
1.52108	1518
1.52408	1518
1.54624	1531
1.56754	1531
1.57076	1531
1.59182	1531
1.61259	1531
1.61622	1531
1.63741	1545
1.65827	1545
1.66127	1545
1.68241	1545
1.70384	1545
1.72464	1545
1.74555	1545
1.76619	1545
1.78749	1545
1.80841	1545
1.82997	1575
1.83797	1575
1.84478	1575
1.84578	1575
1.85266	1580
1.85966	1580
1.86066	1580
1.86734	1580
1.87434	1580
1.87534	1580
1.88367	1580
1.89067	1580
1.89167	1580
1.89851	1580
1.90583	1580
1.90683	1580
1.91383	1580
1.92016	1580
1.92116	1580
1.92916	1580
1.93688	1580
1.93788	1580
1.94409	1580
1.95109	1580
1.95209	1580
1.95921	1580
1.96618	1580
1.96718	1580
1.97482	1580
1.98245	1580
1.98345	1580
1.99008	1580
1.99732	1580
1.99832	1580
2.00595	1580
2.01206	1580
2.01306	1580
2.02006	1580
2.02717	1580
2.02941	1580
2.03616	1580
2.04374	1580
2.04474	1580
2.05197	1580
2.05855	1580
2.05955	1580
2.06616	1580
2.07313	1580
2.07488	1580
2.08211	1580
2.08959	1580
2.09059	1580
2.09756	1580
2.10479	1580
2.1054	1580
2.11237	1580
2.11948	1580
2.12048	1580
2.12718	1580
2.13581	1580
2.13654	1580
2.14339	1580
2.15062	1580
2.15162	1580
2.1582	1580
2.1652	1580
2.1662	1580
2.17353	1580
2.18053	1580
2.18253	1580
2.18936	1580
2.19621	1580
2.19721	1580
2.20444	1580
2.21102	1580
2.21202	1580
2.21912	1580
2.22638	1580
2.2277	1580
2.23546	1580
2.24204	1580
2.24304	1580
2.25026	1580
2.25784	1580
2.25884	1580
2.26584	1580
2.2722	1580
2.27318	1580
2.28018	1580
2.28801	1580
2.28901	1580
2.29686	1580
2.30309	1580
2.30409	1580
2.31167	1580
2.31842	1580
2.31942	1580
2.327	1580
2.3341	1580
2.3351	1580
2.34268	1580
2.34991	1580
2.35091	1580
2.35749	1580
2.36472	1580
2.36572	1580
2.37282	1580
2.37982	1580
2.38182	1580
2.38866	1580
2.39551	1580
2.39651	1580
2.40347	1580
2.41032	1580
2.41132	1580
2.41807	1580
2.42565	1580
2.42665	1580
2.43475	1580
2.44146	1580
2.44246	1580
2.44956	1580
2.45617	1580
2.45714	1580
2.46437	1580
2.4715	1580
2.47247	1580
2.47947	1580
2.48731	1580
2.48828	1580
2.49528	1580
2.50212	1580
2.50312	1580
2.51096	1580
2.51719	1580
2.51819	1580
2.5253	1580
2.5324	1580
2.5344	1580
2.5411	1580
2.54821	1580
2.54921	1580
2.55679	1580
2.56354	1580
2.56454	1580
2.57115	1580
2.57812	1580
2.57912	1580
2.58796	1580
2.5948	1580
2.5958	1580
2.60203	1580
2.60961	1580
2.61061	1580
2.61736	1580
2.62494	1580
2.62594	1580
2.63217	1580
2.64075	1580
2.64175	1580
2.64886	1580
2.65511	1580
2.65611	1580
2.66319	1580
2.6708	1580
2.67177	1580
2.67877	1580
2.6866	1580
2.68758	1580
2.69458	1580
2.70194	1580
2.70294	1580
2.70938	1580
2.71601	1580
2.71701	1580
2.72459	1580
2.7317	1580
2.7327	1580
2.7404	1580
2.7475	1580
2.7485	1580
2.75521	1580
2.76284	1580
2.76384	1580
2.77044	1580
2.77742	1580
2.77842	1580
2.78625	1580
2.79322	1580
2.79445	1580
2.80158	1580
2.80856	1580
2.80956	1580
2.81666	1580
2.82324	1580
2.82424	1580
2.83147	1580
2.83905	1580
2.84005	1580
2.84728	1580
2.85486	1580
2.85586	1580
2.86248	1580
2.86922	1580
2.87022	1580
2.87706	1580
2.8849	1580
2.88687	1580
2.8931	1580
2.90023	1580
2.90123	1580
2.9082	1580
2.91504	1580
2.91604	1580
2.92389	1580
2.93012	1580
2.93112	1580
2.9397	1580
2.9468	1580
2.9478	1580
2.95403	1580
2.96103	1580
2.96213	1580
2.96984	1580
2.97684	1580
2.97794	1580
2.98455	1580
2.99227	1580
2.99327	1580
3.00088	1580
3.00785	1580
3.00885	1580
3.01569	1580
3.02266	1580
3.02366	1580
3.03076	1580
3.03834	1580
3.03934	1580
3.04645	1580
3.05368	1580
3.05468	1580
3.06178	1580
3.06848	1580
3.06948	1580
3.07648	1580
3.0832	1580
3.0842	1580
3.09292	1580
3.09953	1580
3.10053	1580
3.1075	1580
3.11434	1580
3.11534	1580
3.12231	1580
3.12941	1580
3.13014	1580
3.13899	1580
3.14574	1580
3.14674	1580
3.15332	1580
3.16032	1580
3.16143	1580
3.16813	1580
3.17513	1580
3.17613	1580
3.18349	1580
3.19182	1580
3.19204	1580
3.19918	1580
3.20615	1580
3.20715	1580
3.21498	1580
3.22196	1580
3.22296	1580
3.22906	1580
3.23664	1580
3.23864	1580
3.24539	1580
3.25297	1580
3.25397	1580
3.26008	1580
3.26778	1580
3.26878	1580
3.27578	1580
3.28262	1580
3.28362	1580
3.29122	1580
3.29883	1580
3.29983	1580
3.3068	1580
3.31303	1580
3.31463	1580
3.32161	1580
3.32871	1580
3.32997	1580
3.33694	1580
3.34404	1580
3.34577	1580
3.35262	1580
3.35962	1580
3.36073	1580
3.36743	1580
3.37443	1580
3.37543	1580
3.38276	1580
3.39076	1580
3.39187	1580
3.3986	1580
3.40545	1580
3.40645	1580
3.41328	1580
3.42025	1580
3.42125	1580
3.42836	1580
3.43559	1580
3.43659	1580
3.44442	1580
3.45127	1580
3.45227	1580
3.4595	1580
3.46608	1580
3.46708	1580
3.47408	1580
3.48141	1580
3.48241	1580
3.49041	1580
3.49712	1580
3.49812	1580
3.50509	1580
3.51232	1580
3.51393	1580
3.5209	1580
3.52713	1580
3.52813	1580
3.53571	1580
3.54334	1580
3.54434	1580
3.55192	1580
3.55815	1580
3.55915	1580
3.56673	1580
3.57395	1580
3.57495	1580
3.58109	1580
3.58853	1580
3.59016	1580
3.59787	1580
3.60487	1580
3.60587	1580
3.61258	1580
3.61955	1580
3.62055	1580
3.62778	1580
3.63488	1580
3.63588	1580
3.64372	1580
3.65057	1580
3.65157	1580
3.65879	1580
3.66537	1580
3.66637	1580
3.67313	1580
3.68071	1580
3.68171	1580
3.68893	1580
3.69651	1580
3.69751	1580
3.70427	1580
3.71185	1580
3.71285	1580
3.71907	1580
3.72668	1580
3.72765	1580
3.73441	1580
3.74201	1580
3.74399	1580
3.75099	1580
3.75782	1580
3.75879	1580
3.76579	1580
3.77215	1580
3.77315	1580
3.78013	1580
3.78796	1580
3.78896	1580
3.79693	1580
3.80329	1580
3.80429	1580
3.81162	1580
3.8181	1580
3.8191	1580
3.82607	1580
3.83318	1580
3.83443	1580
3.84288	1580
3.84924	1580
3.85024	1580
3.85721	1580
3.86432	1580
3.86532	1580
3.8729	1580
3.87965	1580
3.88038	1580
3.88723	1580
3.89546	1580
3.89646	1580
3.90304	1580
3.91079	1580
3.91179	1580
3.91837	1580
3.9256	1580
3.9266	1580
3.93318	1580
3.94093	1580
3.94293	1580
3.94951	1580
3.95674	1580
3.95774	1580
3.96432	1580
3.97107	1580
3.97207	1580
3.97965	1580
3.98688	1580
3.98788	1580
3.99513	1580
4.00221	1580
4.00321	1580
4.01079	1580
4.01702	1580
4.01802	1580
4.02563	1580
4.03235	1580
4.03335	1580
4.04096	1580
4.04816	1580
4.04916	1580
4.05677	1580
4.06374	1580
4.06497	1580
4.0711	1580
4.07807	1580
4.07907	1580
4.08691	1580
4.09388	1580
4.09563	1580
4.10236	1580
4.10921	1580
4.11021	1580
4.11767	1580
4.12467	1580
4.12567	1580
4.1325	1580
4.13935	1580
4.14035	1580
4.14883	1580
4.15516	1580
4.15616	1580
4.16364	1580
4.17049	1580
4.17149	1580
4.17895	1580
4.18595	1580
4.18695	1580
4.19378	1580
4.20163	1580
4.20263	1580
4.20911	1580
4.21656	1580
4.21756	1580
4.22492	1580
4.23165	1580
4.23265	1580
4.23925	1580
4.2477	1580
4.2487	1580
4.25506	1580
4.26203	1580
4.26379	1580
4.27039	1580
4.27737	1580
4.27837	1580
4.2852	1580
4.29217	1580
4.29493	1586
4.30153	1586
4.30851	1586
4.30951	1586
4.31634	1586
4.32331	1586
4.32431	1586
4.33107	1596
4.33865	1596
4.33965	1596
4.34687	1596
4.35345	1596
4.35445	1596
4.36121	1596
4.36866	1612
4.36904	1612
4.37689	1612
4.38359	1612
4.38459	1612
4.39135	1612
4.39893	1612
4.39993	1612
4.40615	1612
4.41373	1612
4.41473	1612
4.42149	1612
4.42819	1612
4.42919	1612
4.43629	1612
4.444	1612
4.445	1612
4.45163	1612
4.45833	1612
4.45933	1612
4.46643	1612
4.47366	1612
4.47466	1612
4.48189	1618
4.48847	1618
4.48947	1618
4.49647	1618
4.5038	1618
4.5048	1618
4.51103	1618
4.51861	1618
4.51961	1618
4.52636	1618
4.53394	1618
4.53494	1618
4.54117	1618
4.54878	1618
4.54975	1618
4.5565	1618
4.56211	1618
4.56311	1618
4.56808	1618
4.57431	1618
4.57557	1618
4.58057	1618
4.58664	1618
4.58764	1618
4.59264	1618
4.59822	1618
4.59822	1618
4.60445	1618
4.61071	1618
4.61071	1618
4.61691	1618
4.62213	1618
4.62213	1618
4.62836	1618
4.63459	1618
4.63459	1618
4.64059	1618
4.64643	1618
4.64643	1618
4.6524	1618
4.6574	1618
4.6584	1618
4.66473	1618
4.66973	1618
4.67073	1618
4.67696	1618
4.68154	1618
4.68254	1618
4.68829	1618
4.6939	1618
4.6949	1618
4.70087	1618
4.7051	1618
4.70635	1618
4.71268	1618
4.71743	1618
4.71843	1618
4.72701	1618
4.73324	1618
4.73324	1618
4.73947	1618
4.74857	1618
4.74857	1618
4.75527	1618
4.76438	1618
4.76438	1618
4.77061	1618
4.77683	1618
4.77683	1618
4.78641	1618
4.79217	1618
4.79217	1618
4.80175	1618
4.80797	1618
4.80797	1618
4.81755	1618
4.82331	1618
4.82331	1618
4.83289	1618
4.84869	1646
4.84969	1646
4.85892	1646
4.86703	1646
4.86803	1646
4.87886	1646
4.88706	1646
4.88806	1646
4.89717	1646
4.90665	1646
4.90862	1646
4.91773	1646
4.92643	1646
4.92743	1646
4.93689	1646
4.94537	1646
4.94737	1646
4.95609	1646
4.9658	1646
4.96655	1646
4.97613	1646
4.98536	1646
4.98661	1646
4.99359	1649
5.00007	1660
5.00104	1680
5.00704	1680
5.01497	1686
5.01597	1686
5.0226	1686
5.02898	1686
5.02931	1686
5.03606	1686
5.04376	1691
5.04476	1691
5.05051	1691
5.05709	1691
5.05809	1691
5.06532	1691
5.07193	1691
5.0729	1691
5.07965	1691
5.08626	1691
5.08726	1691
5.09323	1691
5.10046	1691
5.10107	1691
5.10804	1691
5.11415	1691
5.11515	1691
5.12237	1691
5.1296	1691
5.1306	1691
5.13618	1691
5.14393	1691
5.14493	1691
5.15089	1691
5.15774	1691
5.15874	1691
5.16574	1691
5.17158	1691
5.17255	1691
5.17955	1691
5.18665	1691
5.18765	1691
5.19323	1691
5.20099	1691
5.20199	1691
5.20857	1691
5.21457	1691
5.21557	1691
5.22237	1691
5.22937	1691
5.23037	1691
5.23648	1691
5.24306	1691
5.24406	1691
5.25181	1691
5.25739	1691
5.25839	1691
5.26562	1691
5.27223	1691
5.27323	1691
5.27907	1691
5.28656	1691
5.28753	1691
5.29353	1691
5.30037	1691
5.30137	1691
5.30834	1691
5.31482	1691
5.31579	1691
5.32279	1691
5.32915	1691
5.33015	1691
5.33613	1691
5.34361	1691
5.34461	1691
5.35193	1691
5.35742	1691
5.35842	1691
5.36539	1691
5.37275	1691
5.37375	1691
5.37972	1691
5.38621	1691
5.38721	1691
5.39465	1691
5.40001	1691
5.40101	1691
5.40874	1691
5.41547	1691
5.41647	1691
5.42267	1691
5.4298	1691
5.43077	1691
5.437	1691
5.44323	1691
5.44423	1691
5.45123	1691
5.45707	1691
5.45807	1691
5.46504	1691
5.4724	1691
5.4734	1691
5.47937	1691
5.4866	1691
5.48721	1691
5.49418	1691
5.50093	1691
5.50193	1691
5.50851	1691
5.51599	1691
5.51699	1691
5.52232	1691
5.52907	1691
5.53007	1691
5.53777	1691
5.54388	1691
5.54488	1691
5.55111	1691
5.55833	1691
5.55959	1691
5.56591	1691
5.57267	1691
5.57367	1691
5.58037	1691
5.58612	1691
5.58712	1691
5.5947	1695
5.60093	1695
5.60193	1695
5.60816	1695
5.61526	1695
5.61626	1695
5.62297	1695
5.62972	1695
5.63045	1695
5.6373	1695
5.64353	1695
5.64453	1695
5.65175	1695
5.65898	1695
5.65998	1695
5.66556	1695
5.67231	1695
5.67331	1695
5.67902	1695
5.68602	1695
5.68712	1695
5.69435	1695
5.70058	1695
5.70158	1695
5.70816	1695
5.71591	1695
5.71691	1695
5.72261	1695
5.72937	1695
5.7301	1695
5.73695	1695
5.74317	1695
5.74417	1695
5.7514	1695
5.7574	1695
5.75851	1695
5.76521	1695
5.77221	1695
5.77321	1695
5.77954	1695
5.78677	1695
5.78777	1695
5.79438	1695
5.80035	1695
5.8011	1695
5.80881	1695
5.81481	1695
5.81581	1695
5.82217	1695
5.82914	1695
5.83037	1695
5.83659	1695
5.84359	1695
5.84459	1695
5.8514	1695
5.85715	1695
5.85815	1695
5.86576	1695
5.87273	1695
5.87396	1695
5.87919	1695
5.88619	1695
5.88719	1695
5.89303	1695
5.90075	1695
5.90175	1695
5.90845	1695
5.91445	1695
5.91545	1695
5.92279	1695
5.92901	1695
5.93001	1695
5.93662	1695
5.94359	1695
5.94435	1695
5.95008	1695
5.95705	1695
5.95805	1695
5.96541	1695
5.97138	1695
5.97238	1695
5.97984	1695
5.98684	1695
5.98784	1695
5.99367	1695
6.0004	1695
6.0014	1695
6.00801	1695
6.01498	1695
6.01598	1695
6.02243	1695
6.02843	1695
6.02943	1695
6.03627	1695
6.04324	1695
6.04499	1695
6.05073	1695
6.05757	1695
6.05857	1695
6.06506	1695
6.07103	1695
6.07203	1695
6.07987	1695
6.08684	1695
6.08759	1716
6.09332	1716
6.10029	1716
6.10129	1716
6.10765	1716
6.11463	1716
6.11563	1716
6.12111	1716
6.12843	1716
6.12943	1716
6.13592	1716
6.14289	1716
6.14364	1716
6.14937	1716
6.15622	1716
6.15722	1716
6.16471	1716
6.17068	1716
6.17168	1716
6.17864	1716
6.18449	1716
6.18549	1716
6.19297	1716
6.19882	1716
6.19982	1716
6.20605	1716
6.21227	1716
6.21327	1716
6.22076	1716
6.22608	1716
6.22708	1716
6.23457	1716
6.24154	1716
6.24254	1716
6.24802	1716
6.25587	1716
6.25687	1716
6.2621	1716
6.26933	1716
6.27033	1716
6.27643	1716
6.28313	1716
6.28413	1716
6.29062	1716
6.29747	1716
6.29847	1716
6.30469	1716
6.31192	1716
6.31292	1716
6.31941	1716
6.32573	1716
6.32673	1716
6.33348	1716
6.33921	1716
6.34006	1716
6.34794	1716
6.35352	1716
6.35452	1716
6.36175	1716
6.36797	1716
6.36897	1716
6.37508	1716
6.38278	1716
6.38278	1716
6.38953	1716
6.39611	1716
6.39711	1716
6.40334	1716
6.41057	1716
6.41157	1716
6.4178	1716
6.42405	1716
6.42538	1716
6.43113	1716
6.43883	1716
6.43983	1716
6.44559	1716
6.45217	1716
6.45317	1716
6.45939	1716
6.46662	1716
6.46762	1716
6.47473	1716
6.48043	1716
6.48143	1716
6.48818	1716
6.49489	1716
6.49589	1716
6.50264	1716
6.50822	1716
6.50922	1716
6.51645	1716
6.52267	1716
6.52367	1716
6.53078	1716
6.53748	1716
6.53748	1716
6.54423	1716
6.55181	1716
6.55281	1716
6.55804	1716
6.56527	1716
6.56627	1716
6.5725	1716
6.57911	1716
6.58008	1716
6.58683	1716
6.59344	1716
6.59444	1716
6.60029	1716
6.60787	1716
6.60887	1716
6.61509	1716
6.62132	1716
6.62232	1716
6.62932	1716
6.63516	1716
6.63613	1716
6.64388	1716
6.64949	1716
6.65049	1716
6.65746	1716
6.66392	1716
6.66492	1716
6.67115	1716
6.67775	1716
6.67875	1716
6.68548	1716
6.69218	1716
6.69318	1716
6.69993	1716
6.70654	1716
6.70751	1716
6.71351	1716
6.72097	1716
6.72197	1716
6.7272	1716
6.73481	1716
6.73578	1716
6.74153	1716
6.74823	1716
6.74923	1716
6.75599	1722
6.76259	1722
6.76357	1722
6.76957	1722
6.77602	1722
6.77702	1722
6.78425	1722
6.79086	1722
6.79183	1722
6.79858	1722
6.80429	1722
6.80529	1722
6.81229	1722
6.81865	1722
6.81962	1722
6.82685	1722
6.83207	1722
6.83307	1722
6.84007	1722
6.84691	1722
6.84788	1722
6.85463	1722
6.86037	1722
6.86137	1722
6.86821	1722
6.8747	1722
6.87567	1722
6.8829	1722
6.88851	1722
6.88951	1722
6.89648	1736
6.90296	1736
6.90393	1736
6.91093	1736
6.91604	1736
6.91729	1736
6.92427	1736
6.93075	1736
6.93172	1736
6.93872	1736
6.94456	1736
6.94556	1736
6.95253	1736
6.95801	1736
6.95901	1736
6.96699	1736
6.97209	1736
6.97335	1736
6.97932	1736
6.9868	1736
6.98777	1736
6.99377	1736
7.00061	1736
7.00161	1736
7.00758	1736
7.01407	1736
7.01507	1736
7.02191	1736
7.02814	1736
7.0294	1736
7.03537	1736
7.04285	1736
7.04383	1736
7.04983	1736
7.05666	1736
7.05766	1736
7.06363	1736
7.07012	1736
7.07012	1736
7.07797	1736
7.08319	1736
7.08419	1736
7.09142	1736
7.09791	1736
7.09891	1736
7.10523	1736
7.11198	1736
7.11271	1736
7.11969	1736
7.12517	1736
7.12617	1736
7.13302	1736
7.13925	1736
7.14025	1736
7.14747	1736
7.15396	1736
7.15496	1736
7.16128	1736
7.16703	1736
7.16803	1736
7.17474	1736
7.18184	1736
7.18284	1736
7.18807	1736
7.1953	1736
7.1963	1736
7.20253	1736
7.20901	1736
7.21001	1736
7.21633	1736
7.22309	1736
7.22409	1736
7.23079	1736
7.23789	1736
7.23889	1736
7.24412	1736
7.25135	1736
7.25235	1736
7.25858	1742
7.26506	1742
7.26506	1742
7.27239	1742
7.27814	1742
7.27914	1742
7.28684	1742
7.29259	1742
7.29359	1742
7.30017	1742
7.3064	1742
7.3074	1742
7.31463	1742
7.32086	1742
7.32111	1742
7.32711	1742
7.33419	1742
7.33519	1742
7.34189	1742
7.34865	1742
7.34965	1742
7.35523	1742
7.36245	1742
7.36345	1742
7.36968	1742
7.37691	1742
7.37691	1742
7.38349	1742
7.38924	1742
7.39024	1742
7.39795	1742
7.4037	1742
7.4047	1742
7.41128	1742
7.41728	1742
7.41851	1742
7.42573	1742
7.43196	1742
7.43296	1742
7.43857	1742
7.44454	1742
7.44454	1742
7.45003	1742
7.456	1742
7.457	1742
7.46175	1742
7.46636	1742
7.46733	1742
7.47356	1742
7.47881	1742
7.47979	1742
7.48601	1742
7.49262	1742
7.49559	1742
7.50135	1742
7.50608	1742
7.50805	1742
7.5138	1742
7.52041	1742
7.52338	1742
7.52961	1742
7.53487	1742
7.53584	1742
7.54207	1742
7.54732	1742
7.54829	1742
7.5574	1742
7.56213	1742
7.5641	1742
7.56985	1742
7.57459	1742
7.57656	1742
7.58566	1742
7.59092	1742
7.59189	1742
7.59812	1742
7.60337	1742
7.60435	1742
7.61345	1742
7.61818	1742
7.62015	1742
7.62591	1745
7.63064	1745
7.63164	1745
7.63661	1745
7.64171	1745
7.64497	1745
7.64994	1745
7.65417	1745
7.65743	1745
7.6624	1745
7.66763	1745
7.67323	1745
7.67821	1745
7.68396	1745
7.68569	1745
7.69066	1745
7.69777	1745
7.70102	1745
7.70699	1745
7.71122	1745
7.71348	1745
7.71845	1745
7.72368	1745
7.72929	1745
7.73426	1745
7.73901	1756
7.74001	1756
7.74971	1756
7.75717	1762
7.75817	1762
7.76765	1762
7.77538	1762
7.77738	1762
7.78508	1762
7.79444	1768
7.79544	1768
7.80464	1768
7.81287	1768
7.81387	1768
7.82235	1780
7.83068	1780
7.83143	1780
7.84013	1780
7.84862	1780
7.85059	1780
7.85859	1780
7.86692	1780
7.86892	1780
7.87641	1780
7.88538	1780
7.88638	1780
7.89419	1780
7.90194	1780
7.90294	1780
7.90864	1780
7.91464	1780
7.91564	1780
7.921	1780
7.9282	1780
7.9292	1780
7.93543	1781
7.94166	1781
7.94266	1781
7.94989	1799
7.95511	1799
7.95611	1799
7.96237	1799
7.96845	1799
7.96945	1799
7.97518	1799
7.9829	1799
7.9839	1799
7.98963	1799
7.99548	1799
7.99648	1799
8.00294	1805
8.00917	1805
8.01017	1805
8.01639	1805
8.02262	1805
8.02362	1805
8.02988	1805
8.0352	1805
8.0362	1805
8.04366	1805
8.04941	1805
8.05041	1805
8.05602	1805
8.06299	1805
8.06399	1805
8.06909	1805
8.0768	1805
8.0778	1805
8.0838	1805
8.08916	1805
8.09016	1805
8.09648	1805
8.10223	1805
8.10397	1805
8.11081	1805
8.11604	1805
8.11704	1805
8.12365	1805
8.12962	1805
8.13037	1805
8.13637	1805
8.14395	1805
8.14395	1805
8.15006	1805
8.15676	1805
8.15776	1805
8.16376	1805
8.1696	1805
8.1706	1805
8.17745	1805
8.1832	1805
8.18493	1805
8.1909	1805
8.19639	1805
8.19739	1805
8.20336	1805
8.21046	1805
8.21046	1805
8.21769	1805
8.22369	1805
8.22417	1805
8.23015	1805
8.23615	1805
8.23725	1805
8.24495	1805
8.25071	1805
8.25171	1805
8.25741	1805
8.26316	1805
8.26416	1805
8.27087	1805
8.27797	1805
8.27797	1805
8.2842	1805
8.29081	1805
8.29181	1805
8.29778	1805
8.30326	1805
8.30426	1805
8.31011	1805
8.31769	1805
8.31869	1805
8.32469	1805
8.33005	1805
8.33105	1805
8.33702	1805
8.34451	1805
8.34451	1805
8.35148	1805
8.35793	1805
8.35893	1805
8.36416	1805
8.37039	1805
8.37139	1805
8.37762	1805
8.38485	1805
8.38572	1805
8.39107	1805
8.39707	1805
8.39807	1805
8.40488	1805
8.41163	1805
8.41163	1805
8.41824	1805
8.42421	1805
8.42521	1805
8.4317	1805
8.43715	1805
8.43815	1805
8.44463	1805
8.45148	1822
8.45248	1822
8.45896	1822
8.46493	1834
8.46593	1834
8.47104	1834
8.47727	1834
8.47827	1834
8.48449	1834
8.49072	1834
8.49172	1834
8.49795	1834
8.50418	1834
8.50418	1834
8.51141	1834
8.51799	1834
8.51899	1834
8.52474	1834
8.53044	1834
8.53144	1834
8.53719	1834
8.5439	1834
8.5449	1834
8.55065	1834
8.55635	1834
8.55735	1834
8.56311	1834
8.56969	1841
8.57069	1841
8.57691	1841
8.58314	1841
8.58314	1841
8.59037	1841
8.5966	1841
8.5976	1841
8.60383	1841
8.60905	1841
8.61005	1841
8.61628	1841
8.62239	1841
8.62339	1841
8.62999	1841
8.63597	1841
8.63697	1841
8.64245	1841
8.64842	1841
8.64942	1841
8.65565	1841
8.66123	1841
8.66223	1841
8.66898	1841
8.67569	1841
8.67569	1841
8.68217	1841
8.68814	1841
8.68914	1841
8.69537	1841
8.70147	1841
8.70247	1841
8.7087	1841
8.71493	1841
8.71593	1841
8.72116	1841
8.72741	1841
8.72841	1841
8.73449	1841
8.74022	1841
8.74119	1841
8.74795	1841
8.75365	1841
8.75465	1841
8.7604	1841
8.76611	1841
8.76711	1841
8.77386	1841
8.78056	1841
8.78056	1841
8.78756	1841
8.79389	1841
8.79489	1841
8.80012	1841
8.80635	1841
8.80735	1841
8.81358	1841
8.81981	1841
8.82081	1841
8.82603	1841
8.83226	1841
8.83326	1841
8.83949	1841
8.84575	1841
8.84675	1841
8.85207	1841
8.85817	1841
8.85917	1841
8.8654	1841
8.87298	1841
8.87298	1841
8.87973	1841
8.88544	1841
8.88644	1841
8.89219	1841
8.89892	1841
8.89977	1841
8.90577	1841
8.91125	1841
8.91223	1841
8.91823	1841
8.92468	1841
8.92568	1841
8.93191	1841
8.93714	1841
8.93814	1841
8.94437	1841
8.95059	1841
8.95159	1841
8.95759	1841
8.96343	1841
8.96443	1841
8.9704	1841
8.97786	1841
8.97886	1841
8.98461	1841
8.99031	1841
8.99131	1841
8.99707	1841
9.00377	1854
9.00477	1854
9.01052	1854
9.01623	1854
9.01723	1854
9.02323	1854
9.02959	1854
9.03056	1854
9.03656	1854
9.04204	1854
9.04301	1854
9.04901	1854
9.05547	1854
9.05647	1854
9.0627	1854
9.06895	1854
9.06995	1854
9.07515	1854
9.08176	1854
9.08276	1854
9.08873	1854
9.09422	1854
9.09522	1854
9.10119	1854
9.10767	1854
9.10865	1854
9.1144	1854
9.12013	1854
9.1211	1854
9.12785	1854
9.13359	1854
9.13459	1854
9.14043	1854
9.14692	1854
9.14792	1854
9.15389	1854
9.15937	1854
9.16037	1854
9.16635	1854
9.17283	1854
9.1738	1854
9.1798	1854
9.18529	1854
9.18626	1854
9.19226	1854
9.19909	1854
9.19909	1854
9.20607	1854
9.21255	1854
9.21255	1854
9.21952	1854
9.22501	1854
9.22601	1854
9.23273	1854
9.23846	1854
9.23943	1874
9.24519	1874
9.25192	1874
9.25192	1874
9.25777	1874
9.26399	1874
9.26425	1874
9.27022	1874
9.27645	1874
9.27771	1874
9.28368	1874
9.28916	1874
9.29016	1874
9.29613	1874
9.30236	1874
9.30336	1874
9.30994	1874
9.31555	1874
9.31655	1874
9.3224	1874
9.32815	1874
9.32915	1874
9.33585	1874
9.34161	1874
9.34234	1874
9.34831	1874
9.35406	1874
9.35579	1874
9.36177	1874
9.36725	1874
9.36825	1874
9.37422	1874
9.38045	1874
9.38045	1874
9.38655	1874
9.39378	1874
9.39378	1874
9.39901	1874
9.40524	1874
9.40624	1874
9.41247	1874
9.41869	1874
9.41969	1874
9.42592	1874
9.43115	1874
9.43215	1874
9.43885	1874
9.44448	1874
9.44548	1874
9.45119	1874
9.45794	1874
9.45894	1874
9.46464	1874
9.47039	1874
9.47139	1874
9.4771	1874
9.48385	1874
9.48485	1874
9.49055	1874
9.49655	1874
9.49755	1874
9.50389	1874
9.50989	1874
9.51011	1874
9.51634	1874
9.52234	1874
9.52234	1874
9.5288	1874
9.5348	1874
9.53503	1874
9.54125	1874
9.54725	1874
9.54848	1874
9.55419	1874
9.56019	1874
9.56119	1874
9.56719	1874
9.57352	1874
9.57452	1874
9.58	1874
9.58697	1874
9.58773	1874
9.59346	1874
9.59943	1874
9.60018	1874
9.60689	1874
9.61264	1874
9.61364	1874
9.61934	1874
9.62509	1874
9.62609	1874
9.63283	1874
9.63867	1874
9.63967	1874
9.64516	1874
9.65113	1874
9.65113	1874
9.65761	1874
9.66359	1874
9.66459	1874
9.67007	1874
9.67604	1874
9.67704	1874
9.68353	1874
9.6895	1874
9.6905	1874
9.69695	1874
9.70295	1874
9.70318	1874
9.70941	1874
9.71541	1874
9.71664	1874
9.72289	1874
9.72809	1874
9.72909	1874
9.7357	1874
9.74167	1874
9.74267	1874
9.74816	1874
9.75413	1874
9.75513	1874
9.76161	1874
9.76759	1874
9.76834	1874
9.77407	1874
9.78004	1874
9.78004	1874
9.78653	1874
9.7925	1874
9.79325	1874
9.79995	1880
9.80595	1880
9.80695	1880
9.81206	1880
9.81829	1880
9.81929	1880
9.82577	1880
9.83174	1880
9.83274	1880
9.83823	1880
9.8442	1880
9.8452	1880
9.85168	1880
9.85765	1880
9.85865	1880
9.86414	1901
9.87011	1901
9.87111	1901
9.87634	1901
9.88292	1901
9.88392	1901
9.88967	1901
9.89537	1901
9.89637	1901
9.90213	1901
9.90883	1901
9.90983	1901
9.91531	1901
9.92129	1901
9.92129	1901
9.92704	1901
9.93374	1901
9.93474	1901
9.94023	1901
9.9462	1901
9.9472	1901
9.95368	1901
9.95965	1901
9.96065	1901
9.96514	1901
9.97111	1901
9.97211	1901
9.97821	1901
9.98444	1901
9.98544	1901
9.99167	1901
9.9979	1901
9.9989	1901
10.0041	1901
10.0104	1901
10.0104	1901
10.0166	1901
10.0228	1901
10.0238	1901
10.029	1901
10.0353	1901
10.0363	1901
10.0425	1901
10.0481	1901
10.0491	1901
10.0558	1901
10.0596	1901
10.0606	1901
10.0655	1901
10.0693	1901
10.0703	1901
10.076	1901
10.0807	1901
10.0807	1901
10.0855	1901
10.0904	1901
10.0904	1901
10.0952	1901
10.1009	1901
10.1019	1901
10.1056	1901
10.1104	1901
10.1114	1901
10.1164	1901
10.1201	1901
10.1218	1901
10.1267	1901
10.1307	1901
10.1317	1901
10.1362	1901
10.1411	1901
10.1411	1901
10.1464	1901
10.1516	1901
10.1526	1901
10.1578	1901
10.1611	1901
10.1641	1901
10.1703	1901
10.1745	1901
10.1765	1901
10.1827	1901
10.187	1901
10.189	1901
10.1952	1901
10.1994	1901
10.2014	1901
10.2076	1901
10.2119	1901
10.2144	1901
10.223	1901
10.2264	1901
10.2297	1901
10.2354	1901
10.2392	1901
10.2421	1901
10.2479	1901
10.2513	1901
10.2546	1901
10.2603	1901
10.2641	1901
10.2671	1901
10.2728	1901
10.2765	1901
10.2795	1901
10.2853	1901
10.29	1901
10.292	1901
10.2977	1901
10.3014	1901
10.3044	1901
10.3102	1901
10.3149	1901
10.3169	1901
10.3226	1901
10.3264	1901
10.3293	1901
10.3384	1901
10.3458	1920
10.3475	1920
10.3542	1920
10.363	1920
10.3637	1920
10.3716	1939
10.3793	1939
10.3803	1939
10.3883	1939
10.3965	1939
10.3975	1939
10.4047	1939
10.4123	1939
10.4132	1939
10.4218	1957
10.4295	1982
10.4305	1982
10.4372	1982
10.4453	1982
10.4463	1982
10.4548	1988
10.4618	1988
10.4628	1988
10.4702	1988
10.4772	1988
10.4797	1988
10.5938	1988
10.5942	1988
10.5971	1988
10.6029	1988
10.6086	1988
10.6096	1988
10.6153	1988
10.6201	1988
10.622	1988
10.6278	2009
10.6344	2009
10.6374	2009
10.6436	2009
10.6498	2009
10.6498	2009
10.6589	2009
10.6656	2009
10.6656	2009
10.6714	2009
10.6781	2009
10.6781	2009
10.6843	2009
10.6997	2009
10.6997	2009
10.7059	2009
10.7121	2009
10.7121	2009
10.7217	2009
10.7308	2009
10.7308	2009
10.737	2009
10.7433	2009
10.7433	2009
10.7528	2009
10.8118	2009
10.8118	2009
10.8171	2009
10.824	2009
10.824	2009
10.8295	2009
10.8354	2009
10.8354	2009
10.8419	2009
10.8479	2009
10.8479	2009
10.8534	2009
10.8597	2009
10.8597	2009
10.8655	2009
10.8712	2009
10.8722	2009
10.8772	2009
10.8833	2009
10.8845	2009
10.8895	2009
10.8957	2009
10.897	2009
10.902	2009
10.9072	2009
10.9082	2009
10.9132	2009
10.9196	2009
10.9206	2009
10.9259	2009
10.9315	2009
10.9325	2009
10.9374	2009
10.9436	2009
10.9446	2009
10.9492	2009
10.9551	2009
10.9561	2009
10.9611	2009
10.9675	2009
10.9685	2009
10.9735	2009
10.9796	2009
10.9806	2009
10.9856	2009
10.9916	2009
10.9926	2009
10.9986	2009
11.0036	2009
11.0046	2009
11.0106	2009
11.0156	2009
11.0166	2009
11.0225	2009
11.0275	2009
11.0285	2009
11.0347	2009
11.0393	2009
11.0403	2009
11.0461	2009
11.0511	2009
11.0527	2009
11.0587	2009
11.0639	2009
11.0646	2009
11.0705	2009
11.0755	2009
11.0762	2009
11.0829	2009
11.0879	2009
11.0889	2009
11.094	2009
11.0993	2009
11.1003	2009
11.1065	2009
11.1121	2009
11.1121	2009
11.1181	2009
11.1247	2009
11.1247	2009
11.1304	2009
11.1366	2009
11.1366	2009
11.1428	2009
11.1481	2009
11.1481	2009
11.1541	2009
11.1605	2009
11.1605	2009
11.1664	2009
11.1721	2009
11.1731	2009
11.1789	2009
11.1846	2009
11.1856	2009
11.1903	2009
11.196	2009
11.197	2009
11.2028	2009
11.2085	2009
11.2095	2009
11.2147	2009
11.2209	2009
11.2219	2009
11.2262	2009
11.2324	2055
11.2334	2055
11.2386	2055
11.2444	2055
11.2444	2055
11.2501	2055
11.2551	2058
11.2561	2058
11.2626	2058
11.2675	2058
11.2685	2058
11.273	2058
11.28	2058
11.281	2058
11.2855	2058
11.2914	2058
11.2914	2058
11.2972	2058
11.3029	2058
11.3039	2058
11.3097	2058
11.3144	2058
11.3154	2058
11.3205	2058
11.3265	2058
11.3275	2058
11.3329	2058
11.3389	2058
11.3389	2058
11.3441	2058
11.3494	2058
11.3504	2058
11.3566	2058
11.3618	2058
11.3628	2058
11.3674	2058
11.3737	2058
11.3747	2058
11.3799	2058
11.3851	2058
11.3851	2058
11.3911	2058
11.3968	2058
11.3976	2058
11.4034	2058
11.4087	2058
11.4097	2058
11.414	2058
11.4201	2058
11.4211	2058
11.4261	2058
11.4326	2058
11.4326	2058
11.4389	2058
11.4437	2058
11.4447	2058
11.4504	2058
11.4552	2058
11.4562	2058
11.4615	2068
11.4677	2068
11.4687	2068
11.4739	2068
11.4796	2068
11.4796	2068
11.4856	2068
11.4903	2068
11.492	2068
11.498	2068
11.503	2068
11.5031	2068
11.5083	2068
11.5143	2068
11.5143	2068
11.5205	2089
11.5251	2089
11.5261	2089
11.5329	2089
11.5376	2089
11.5386	2089
11.5436	2089
11.5488	2089
11.5498	2089
11.5559	2089
11.5601	2089
11.5611	2089
11.5667	2089
11.5727	2089
11.5727	2089
11.5782	2089
11.5832	2089
11.584	2089
11.589	2089
11.5955	2089
11.5965	2089
11.6015	2089
11.6065	2089
11.6075	2089
11.6133	2089
11.6181	2089
11.6191	2089
11.6248	2089
11.6305	2089
11.6305	2089
11.6365	2089
11.6411	2089
11.6421	2089
11.6473	2089
11.6539	2089
11.6539	2089
11.6599	2089
11.6646	2089
11.6654	2089
11.6704	2089
11.6766	2089
11.6776	2089
11.6827	2089
11.6877	2089
11.6887	2089
11.6942	2089
11.6992	2089
11.7005	2089
11.7052	2089
11.7119	2089
11.7119	2089
11.7177	2089
11.7227	2089
11.7237	2089
11.7283	2089
11.7345	2089
11.7345	2089
11.7402	2089
11.7452	2089
11.7462	2089
11.7518	2089
11.7575	2089
11.7585	2089
11.7635	2089
11.768	2089
11.769	2089
11.7759	2089
11.7801	2089
11.7814	2089
11.7863	2089
11.7923	2089
11.7923	2089
11.7982	2089
11.8031	2089
11.8041	2089
11.8096	2089
11.8155	2089
11.8165	2089
11.8217	2089
11.8269	2089
11.8279	2089
11.8329	2089
11.838	2089
11.839	2089
11.8447	2089
11.8495	2089
11.8505	2089
11.8562	2089
11.8611	2089
11.8621	2089
11.8673	2089
11.8735	2089
11.8735	2089
11.8798	2089
11.8845	2089
11.8855	2089
11.8903	2089
11.8968	2089
11.8978	2089
11.9028	2089
11.9078	2089
11.9089	2089
11.9141	2089
11.9191	2089
11.9201	2089
11.9253	2089
11.9309	2089
11.9319	2089
11.9377	2089
11.9424	2089
11.9434	2089
11.9481	2089
11.9541	2089
11.9541	2089
11.9607	2089
11.9659	2089
11.9669	2089
11.9712	2089
11.9775	2089
11.9785	2089
11.983	2089
11.989	2089
11.99	2089
11.9957	2089
12.0003	2089
12.0013	2089
12.0063	2089
12.0128	2089
12.0128	2089
12.0182	2089
12.0239	2089
12.0249	2089
12.0296	2089
12.0353	2089
12.0353	2089
12.0411	2089
12.046	2089
12.047	2089
12.0521	2089
12.0584	2089
12.0594	2089
12.0644	2089
12.0693	2089
12.0703	2089
12.0762	2089
12.0819	2089
12.0827	2089
12.0876	2089
12.0939	2089
12.0939	2089
12.1	2089
12.105	2089
12.106	2089
12.1102	2089
12.1164	2089
12.1164	2089
12.1225	2089
12.1273	2089
12.1283	2089
12.1331	2089
12.1393	2089
12.1403	2089
12.1456	2089
12.1506	2089
12.1518	2089
12.157	2089
12.1625	2089
12.1635	2089
12.1681	2089
12.1748	2089
12.1748	2089
12.1806	2089
12.1853	2089
12.1863	2089
12.1912	2089
12.1974	2089
12.1986	2089
12.2036	2089
12.2086	2089
12.2096	2089
12.2144	2089
12.2204	2089
12.2214	2089
12.2262	2089
12.2317	2089
12.2327	2089
12.239	2089
12.2432	2089
12.2442	2089
12.2492	2089
12.2554	2089
12.2554	2089
12.261	2089
12.2668	2089
12.2678	2089
12.2725	2089
12.2783	2089
12.2793	2089
12.2846	2089
12.2898	2089
12.2908	2089
12.296	2089
12.3018	2089
12.3028	2089
12.3076	2089
12.3124	2089
12.3131	2089
12.3191	2089
12.3243	2089
12.3253	2089
12.3305	2089
12.3361	2089
12.3361	2089
12.3425	2089
12.3472	2089
12.3482	2089
12.3539	2089
12.3593	2089
12.3645	2089
12.3655	2089
12.3707	2089
12.3764	2089
12.3814	2089
12.3824	2089
12.387	2089
12.3936	2089
12.3986	2089
12.3996	2089
12.4048	2089
12.4101	2089
12.4151	2089
12.4162	2089
12.422	2089
12.4276	2089
12.4276	2089
12.4335	2089
12.4385	2089
12.4395	2089
12.444	2089
12.45	2089
12.455	2089
12.4617	2089
12.4617	2089
12.4675	2089
12.4725	2089
12.4735	2089
12.478	2089
12.484	2089
12.4896	2089
12.496	2089
12.496	2089
12.5014	2089
12.5063	2089
12.5073	2089
12.512	2089
12.519	2089
12.5192	2089
12.5249	2089
12.5299	2089
12.5309	2089
12.5364	2089
12.5413	2089
12.5423	2089
12.5473	2089
12.5528	2089
12.5538	2089
12.5594	2089
12.5648	2089
12.5698	2089
12.5704	2089
12.5764	2089
12.582	2089
12.5869	2089
12.5879	2089
12.5934	2089
12.5984	2089
12.5994	2089
12.6045	2089
12.6104	2089
12.6104	2089
12.6169	2089
12.6219	2089
12.6275	2089
12.6275	2089
12.6334	2089
12.6385	2089
12.6395	2089
12.6445	2089
12.651	2089
12.6559	2089
12.6569	2089
12.6615	2089
12.6677	2089
12.6677	2089
12.6731	2089
12.7195	1744
12.7195	1744
12.7252	1744
12.7315	1744
12.7325	1744
12.7387	1744
12.7455	1744
12.7465	1744
12.7522	1744
12.7597	1744
12.7606	1744
12.7666	1744
12.7731	1744
12.7741	1744
12.7801	1744
12.7868	1744
12.7871	1744
12.7948	1744
12.8004	1744
12.8014	1744
12.8082	1744
12.8144	1744
12.8154	1744
12.8221	1744
12.8284	1744
12.8294	1744
12.8351	1744
12.8424	1744
12.8434	1744
12.8499	1744
12.8566	1744
12.8576	1744
12.8633	1744
12.8705	1744
12.8715	1744
12.8778	1744
12.8836	1744
12.8844	1744
12.8911	2089
12.8961	2089
12.8978	2089
12.9021	2089
12.9081	2089
12.9091	2089
12.9143	2089
12.9193	2089
12.9203	2089
12.9266	2089
12.9314	2089
12.9324	2089
12.9371	2089
12.9431	2089
12.9431	2089
12.9495	2089
12.9544	2089
12.9554	2089
12.9601	2089
12.9661	2089
12.9671	2089
12.9728	2089
12.9774	2089
12.9831	2089
12.9831	2089
12.9898	2089
12.9948	2089
12.9956	2089
13.0006	2089
13.006	2089
13.007	2089
13.0124	2089
13.0176	2089
13.0186	2089
13.0248	2089
13.0298	2089
13.0308	2089
13.0358	2089
13.0418	2089
13.0418	2089
13.0478	2089
13.053	2089
13.054	2089
13.059	2089
13.0642	2089
13.0654	2089
13.0704	2089
13.0754	2089
13.0764	2089
13.0813	2089
13.0872	2089
13.0882	2089
13.094	2089
13.0986	2089
13.0996	2089
13.1058	2089
13.11	2089
13.111	2089
13.1165	2089
13.1222	2089
13.1222	2089
13.1288	2089
13.1336	2089
13.1346	2089
13.1393	2089
13.1453	2089
13.1463	2089
13.1514	2089
13.1566	2089
13.1576	2089
13.1638	2089
13.1686	2089
13.1696	2089
13.1744	2089
13.1792	2089
13.1809	2089
13.1869	2089
13.1919	2089
13.193	2089
13.1972	2089
13.2032	2089
13.2032	2089
13.2092	2089
13.214	2089
13.215	2089
13.2208	2089
13.2265	2089
13.2275	2089
13.2322	2089
13.2365	2089
13.2375	2089
13.2415	2089
13.2467	2089
13.2467	2089
13.2518	2089
13.2558	2089
13.2558	2089
13.26	2089
13.2643	2089
13.2653	2089
13.2693	2089
13.2735	2089
13.2745	2089
13.2787	2089
13.2837	2089
13.2837	2089
13.2882	2089
13.2922	2089
13.2922	2089
13.2972	2089
13.3016	2089
13.3026	2089
13.3061	2089
13.3102	2089
13.3112	2089
13.3152	2089
13.3203	2089
13.3203	2089
13.3252	2089
13.3295	2089
13.3305	2089
13.3343	2089
13.338	2089
13.339	2089
13.344	2089
13.3477	2089
13.3487	2089
13.3525	2089
13.3574	2089
13.3574	2089
13.3622	2089
13.3669	2089
13.3679	2089
13.3717	2089
13.3754	2089
13.3764	2089
13.3804	2089
13.3841	2089
13.3851	2089
13.3898	2089
13.3948	2089
13.3948	2089
13.3996	2089
13.4033	2089
13.4043	2089
13.4083	2089
13.4129	2089
13.4139	2089
13.4177	2089
13.4223	2089
13.4223	2089
13.4263	2089
13.4312	2089
13.4312	2089
13.4363	2089
13.4403	2089
13.4413	2089
13.4453	2089
13.4497	2089
13.4507	2089
13.4547	2089
13.4592	2089
13.4592	2089
13.4642	2089
13.4684	2089
13.4684	2089
13.4747	2089
13.4809	2089
13.4809	2089
13.4871	2089
13.4933	2089
13.4933	2089
13.4996	2089
13.5058	2089
13.5058	2089
13.512	2089
13.5183	2089
13.5183	2089
13.5245	2089
13.5307	2089
13.5307	2089
13.5369	2089
13.5403	2089
13.5403	2089
13.5465	2089
13.5527	2089
13.5527	2089
13.559	2089
13.5647	2089
13.5647	2089
13.5714	2089
13.5772	2089
13.5782	2089
13.5859	2089
13.5926	2089
13.5934	2089
13.6003	2089
13.6074	2093
13.6084	2093
13.616	2093
13.6236	2099
13.6304	2099
13.6314	2099
13.6499	2111
13.6529	2111
13.6595	2111
13.6667	2111
13.6737	2111
13.6802	2111
13.6812	2111
13.6888	2111
13.6951	2111
13.7023	2111
13.7033	2111
13.7119	2111
13.7186	2111
13.7252	2111
13.7262	2111
13.7335	2111
13.7405	2111
13.7475	2111
13.7545	2111
13.7611	2111
13.7661	2111
13.7717	2111
13.7774	2111
13.7823	2111
13.7833	2111
13.7881	2111
13.7938	2111
13.7948	2111
13.7994	2111
13.8054	2111
13.8061	2111
13.8111	2111
13.8162	2111
13.8222	2111
13.8222	2111
13.8282	2111
13.8331	2111
13.8389	2111
13.8399	2111
13.8446	2111
13.8503	2111
13.8513	2111
13.856	2111
13.8614	2111
13.8624	2111
13.8675	2111
13.8735	2111
13.8745	2111
13.88	2111
13.8849	2111
13.886	2111
13.8902	2111
13.8964	2111
13.8964	2111
13.902	2111
13.908	2111
13.9121	2111
13.913	2111
13.919	2111
13.9247	2111
13.9254	2111
13.9304	2111
13.9351	2111
13.9361	2111
13.9417	2111
13.9477	2111
13.9487	2111
13.9532	2111
13.9586	2111
13.9596	2111
13.9646	2111
13.9703	2111
13.9703	2111
13.9762	2111
13.9812	2111
13.9862	2111
13.9872	2111
13.9932	2111
13.9984	2111
13.9994	2111
14.0042	2111
14.0094	2111
14.0104	2111
14.0164	2111
14.0213	2111
14.0223	2111
14.0273	2111
14.0323	2111
14.0334	2111
14.0381	2111
14.0449	2111
14.0459	2111
14.0507	2111
14.0559	2111
14.0569	2111
14.0617	2111
14.0673	2111
14.0673	2111
14.0733	2111
14.0785	2111
14.0795	2111
14.0843	2111
14.0905	2111
14.0905	2111
14.0966	2111
14.1015	2111
14.1025	2111
14.1077	2111
14.1125	2111
14.1177	2111
14.123	2111
14.1279	2111
14.1297	2111
14.1344	2111
14.1394	2111
14.1421	2111
14.1479	2111
14.1528	2111
14.1546	2111
14.1608	2111
14.167	2111
14.1699	2111
14.1762	2111
14.1819	2111
14.1829	2111
14.1886	2111
14.1944	2111
14.1944	2111
14.2011	2111
14.2068	2111
14.2078	2111
14.2135	2111
14.2184	2111
14.2194	2111
14.2241	2111
14.2297	2111
14.2356	2111
14.2356	2111
14.2413	2111
14.2462	2111
14.2472	2111
14.2538	2111
14.26	2111
14.26	2111
14.2662	2111
14.2725	1931
14.2778	1931
14.2788	1931
14.2831	1931
14.2893	1931
14.2903	1931
14.2969	1931
14.3027	1931
14.3036	1931
14.3093	1931
14.3143	1931
14.3153	1931
14.3211	1931
14.3276	1931
14.3285	1931
14.3345	1931
14.339	1931
14.34	1931
14.347	1931
14.3525	1931
14.3534	1931
14.3594	1931
14.3649	1931
14.3659	1931
14.3719	1931
14.3774	1931
14.3783	1931
14.3847	1931
14.3908	1931
14.3908	1931
14.3968	1931
14.4024	1931
14.4033	1931
14.4091	1931
14.4158	1931
14.4158	1931
14.4216	1931
14.4273	1931
14.4283	1931
14.434	1931
14.4408	1931
14.4408	1931
14.4465	1931
14.4522	1931
14.4532	1931
14.4597	1931
14.4655	1931
14.4665	1931
14.4719	1931
14.4771	1931
14.479	1931
14.4843	1931
14.4905	1931
14.4915	1931
14.4965	1931
14.5029	1931
14.5039	1931
14.5091	1931
14.5154	1931
14.5164	1931
14.5214	1931
14.5275	1931
14.5287	1931
14.5347	1931
14.5409	1931
14.5419	1931
14.5494	1931
14.5544	1931
14.561	1931
14.562	1931
14.5671	1931
14.5739	1931
14.5749	1931
14.581	1931
14.5863	1931
14.5922	1931
14.5932	1931
14.5993	1931
14.6051	1931
14.6117	1931
14.6117	1931
14.618	1931
14.6232	2006
14.6294	2006
14.6304	2006
14.6357	2006
14.6419	2006
14.6429	2006
14.6471	2006
14.6539	2006
14.6589	2006
14.6599	2006
14.6653	2006
14.6703	2006
14.6763	2006
14.6823	2006
14.6833	2006
14.6888	2006
14.6948	2006
14.699	2006
14.7057	2006
14.7067	2006
14.7115	2006
14.7171	2006
14.7234	2006
14.7281	2006
14.7291	2006
14.7351	2006
14.7405	2006
14.7415	2006
14.7475	2006
14.753	2006
14.7583	2006
14.7643	2006
14.7659	2006
14.7708	2006
14.7768	2006
14.7774	2006
14.7824	2006
14.7887	2006
14.7933	2006
14.7943	2006
14.8009	2006
14.8069	2006
14.8111	2006
14.8121	2006
14.8183	2006
14.8237	2006
14.8247	2006
14.8302	2006
14.8355	2006
14.8417	2006
14.8427	2006
14.8479	2006
14.8531	2006
14.8541	2006
14.859	2006
14.8652	2006
14.8661	2006
14.8711	2006
14.8771	2006
14.8781	2006
14.8843	2006
14.889	2006
14.895	2006
14.896	2006
14.9015	2006
14.9077	2006
14.9087	2006
14.9136	2006
14.9198	2006
14.9208	2006
14.9257	2006
14.9317	2006
14.9327	2006
14.9377	2006
14.9439	2006
14.9449	2006
14.9499	1834
14.9564	1834
14.9581	1834
14.9647	1834
14.9706	1834
14.9716	1834
14.9797	1834
14.9851	1834
14.9869	1834
14.9923	1834
14.998	1834
14.999	1834
15.0055	1834
15.0113	1834
15.0123	1834
15.0187	1834
15.0245	1834
15.0255	1834
15.0317	1834
15.0378	1834
15.0388	1834
15.044	1834
15.0511	1834
15.0511	1834
15.0589	1834
15.0646	1834
15.0656	1834
15.0712	1834
15.0779	1834
15.0789	1834
15.0841	1834
15.0928	1834
15.0928	1834
15.099	1834
15.1081	1834
15.1081	1834
15.1153	1834
15.1216	1834
15.1226	1834
15.1288	1834
15.1359	1834
15.1359	1834
15.1421	1834
15.1512	1834
15.1512	1834
15.1588	1834
15.1648	1834
15.1658	1834
15.1719	1834
15.1772	1834
15.1782	1834
15.184	1834
15.191	1834
15.197	1834
15.198	1834
15.2035	1834
15.2094	1834
15.2169	1834
15.2169	1834
15.2231	1834
15.2294	1834
15.2351	1834
15.2361	1834
15.2428	1834
15.2486	1834
15.2496	1834
15.2553	1834
15.261	1834
15.262	1834
15.2687	1834
15.2747	1834
15.2757	1834
15.2822	1834
15.2884	1834
15.2894	1834
15.2955	1834
15.3011	1929
15.3021	1929
15.309	1929
15.3132	1929
15.3142	1929
15.3204	1929
15.3266	1929
15.3276	1929
15.3339	1929
15.3381	1929
15.3391	1929
15.3454	1929
15.3517	1929
15.3527	1929
15.3582	1929
15.3631	1929
15.3641	1929
15.3706	1929
15.3765	1929
15.3775	1929
15.3837	1929
15.3899	1929
15.3899	1929
15.3952	1929
15.4014	1929
15.4024	1929
15.4084	1929
15.4142	1929
15.4142	1929
15.4201	1929
15.4267	1929
15.4277	1929
15.4336	1929
15.4391	1929
15.4401	1929
15.4451	1929
15.4512	1929
15.4522	1929
15.4589	1929
15.4641	1929
15.4651	1929
15.4703	1929
15.4762	1929
15.4772	1929
15.483	1929
15.4896	1929
15.4905	1929
15.4965	1929
15.501	1929
15.507	1929
15.508	1929
15.5149	1929
15.5207	1929
15.5217	1929
15.5265	1929
15.5323	1929
15.5333	1929
15.5395	1929
15.5456	1929
15.5465	1929
15.5525	1929
15.5578	1929
15.5588	1929
15.5643	1929
15.5702	1929
15.572	1929
15.5776	1929
15.5825	1929
15.5835	1929
15.5898	1929
15.596	1929
15.597	1929
15.6022	1929
15.6075	1929
15.6085	1929
15.6147	1929
15.6209	1929
15.6219	1929
15.6271	1929
15.6334	1929
15.6334	1929
15.6395	1929
15.6586	1818
15.6644	1818
15.6701	1818
15.6761	1818
15.6778	1818
15.6835	1818
15.6895	1818
15.6908	1818
15.6969	1818
15.7029	1818
15.7051	1818
15.7113	1818
15.7173	1818
15.7186	1818
15.7248	1818
15.7305	1818
15.7315	1818
15.7372	1818
15.7435	1818
15.7445	1818
15.7516	1818
15.7576	1818
15.7588	1818
15.764	1818
15.77	1818
15.7716	1818
15.778	1818
15.7837	1818
15.7847	1818
15.7904	1818
15.7972	1818
15.7982	1818
15.8049	1818
15.8106	1818
15.8114	1818
15.8174	1818
15.8237	1818
15.8308	1818
15.8308	1818
15.8373	1818
15.8433	1818
15.8443	1818
15.85	1818
15.8561	1818
15.8571	1818
15.8631	1818
15.8694	1818
15.8704	1818
15.8771	1818
15.8839	1818
15.8849	1818
15.8906	1818
15.8963	1818
15.8973	1818
15.9035	1818
15.9097	1818
15.9107	1818
15.917	1818
15.9232	1818
15.9295	1818
15.9307	1818
15.9367	1818
15.9426	1818
15.9436	1818
15.9495	1818
15.9551	1818
15.9561	1818
15.9639	1818
15.9697	1818
15.9704	1818
15.9763	1818
15.982	1818
15.984	1818
15.9892	1818
15.9952	1818
15.9962	1818
16.0026	1883
16.0089	1883
16.0099	1883
16.0156	1883
16.0214	1883
16.0224	1883
16.0281	1883
16.0348	1883
16.0358	1883
16.041	1883
16.0472	1883
16.0481	2111
16.0531	2111
16.0586	2111
16.0596	2111
16.0656	2111
16.0706	2111
16.0716	2111
16.0764	2111
16.0814	2111
16.0822	2111
16.0884	2111
16.0934	2111
16.0944	2111
16.0993	2111
16.1042	2111
16.1052	2111
16.1109	2111
16.1167	2111
16.1177	2111
16.1224	2111
16.1271	2111
16.1281	2111
16.1331	2111
16.1399	2111
16.1399	2111
16.1454	2111
16.1504	2111
16.1517	2111
16.1569	2111
16.1628	2111
16.1628	2111
16.168	2111
16.1731	2111
16.1741	2111
16.1791	2111
16.1843	2111
16.1856	2111
16.1916	2111
16.1968	2111
16.1971	2111
16.202	2111
16.2073	2111
16.2083	2111
16.214	2111
16.2198	2111
16.2208	2111
16.2253	2111
16.2303	2111
16.2313	2111
16.236	2111
16.2427	2111
16.2437	2111
16.249	2111
16.2532	2111
16.2542	2111
16.2591	2111
16.2653	2111
16.2653	2111
16.2711	2111
16.2768	2111
16.2778	2111
16.2825	2111
16.2882	2111
16.2882	2111
16.295	2111
16.2992	2111
16.3007	2111
16.3057	2111
16.3103	2111
16.3113	2111
16.317	2111
16.3228	2111
16.3238	2111
16.3285	2111
16.3332	2111
16.3342	2111
16.3399	2111
16.3458	2111
16.3468	2111
16.351	2111
16.3563	2111
16.3573	2111
16.3625	2111
16.3687	2111
16.3687	2111
16.3749	2111
16.3797	2111
16.3807	2111
16.3855	2111
16.3914	2111
16.3914	2111
16.398	2111
16.4017	2111
16.4026	2111
16.4066	2111
16.4104	2111
16.4114	2111
16.4152	2111
16.4199	2111
16.4209	2111
16.4249	2111
16.4285	2111
16.4295	2111
16.4333	2111
16.4383	2111
16.4383	2111
16.4438	2111
16.4478	2111
16.4478	2111
16.4524	2111
16.4564	2111
16.4574	2111
16.4611	2111
16.4659	2111
16.4669	2111
16.4708	2111
16.4746	2111
16.4756	2111
16.4793	2111
16.4832	2111
16.4889	2111
16.4889	2111
16.4939	2111
16.4976	2111
16.4986	2111
16.5023	2111
16.5063	2111
16.5073	2111
16.5111	2111
16.5158	2111
16.5168	2111
16.5207	2111
16.5244	2111
16.5254	2111
16.5294	2111
16.5349	2111
16.5349	2111
16.5388	2111
16.5434	2111
16.5434	2111
16.5484	2111
16.5522	2111
16.5522	2111
16.5579	2111
16.5619	2111
16.5629	2111
16.5665	2111
16.5713	2111
16.5713	2111
16.5757	2111
16.5809	2111
16.5809	2111
16.5866	2111
16.5929	2111
16.5929	2111
16.5991	2111
16.6053	2111
16.6053	2111
16.6097	2111
16.6178	2111
16.6178	2111
16.624	2111
16.6302	2111
16.6302	2111
16.6863	2111
16.6939	2111
16.7009	2111
16.7019	2111
16.7083	2111
16.7156	2111
16.7166	2111
16.7238	2111
16.7304	2111
16.7314	2111
16.7386	2111
16.7468	2111
16.7478	2111
16.7543	2111
16.761	2111
16.768	2111
16.7691	2111
16.7765	2111
16.7836	2111
16.7903	2111
16.7913	2111
16.799	2111
16.8065	2111
16.8075	2111
16.8145	2111
16.8181	2006
16.822	2006
16.8277	2006
16.8343	2006
16.8392	2006
16.846	2006
16.8463	2006
16.8512	2006
16.8579	2006
16.8627	2006
16.8637	2006
16.8699	2006
16.8747	2006
16.8804	2006
16.8818	2006
16.8877	2006
16.893	2006
16.8932	2006
16.8992	2006
16.9049	2006
16.9105	2006
16.9155	2006
16.9165	2006
16.9221	2006
16.9288	2006
16.9338	2006
16.939	2006
16.94	2006
16.9451	2006
16.9517	2006
16.9566	2006
16.9576	2006
16.9632	2006
16.9692	2006
16.9692	2006
16.9754	2006
16.9816	2006
16.9816	2006
16.9876	2006
16.9936	2006
16.9936	2006
16.9996	2006
17.0056	2006
17.0066	2006
17.0116	2006
17.0176	2006
17.0188	1986
17.0246	1986
17.0296	1986
17.0306	1986
17.0362	1986
17.0433	1986
17.0433	1986
17.05	1986
17.0591	1986
17.0591	1986
17.0687	1986
17.0749	1986
17.0749	1986
17.084	1986
17.0931	1986
17.0931	1986
17.0994	1986
17.1085	1986
17.1085	1986
17.1176	1986
17.1267	1986
17.1267	1986
17.1334	1986
17.1425	1986
17.1425	1986
17.1521	1986
17.1617	1986
17.1617	1986
17.1674	1986
17.1765	1986
17.1765	1986
17.1827	1986
17.1885	1986
17.1895	1986
17.1981	1986
17.2038	1986
17.2048	1986
17.2102	1986
17.2163	1986
17.2163	1986
17.2173	1986
17.2232	1986
17.2291	1986
17.2291	1986
17.2351	1986
17.2417	1986
17.2427	1986
17.2477	1986
17.2537	1986
17.2597	1986
17.2599	1986
17.2652	1986
17.2711	1986
17.2724	1986
17.2781	1986
17.2843	1986
17.2843	1986
17.2906	1986
17.2968	1986
17.2978	1986
17.303	1986
17.3093	1986
17.3093	1986
17.3187	1986
17.3237	1986
17.3298	1986
17.3308	1986
17.3358	1986
17.341	1986
17.3423	1986
17.3482	1986
17.3535	1986
17.3542	1986
17.3602	1986
17.3658	1986
17.385	1730
17.385	1730
17.3917	1730
17.3974	1730
17.3984	1730
17.407	1730
17.4161	1730
17.4161	1730
17.4238	1730
17.4295	1730
17.4305	1730
17.4381	1730
17.4444	1730
17.4454	1730
17.4516	1730
17.4597	1730
17.4597	1730
17.4664	1730
17.4721	1730
17.4735	1730
17.4802	1730
17.4862	1730
17.4872	1730
17.4941	1730
17.5001	1730
17.5011	1730
17.5083	1730
17.5144	1730
17.5154	1730
17.5225	1730
17.5287	1730
17.5297	1730
17.5365	1730
17.5426	1730
17.5436	1730
17.5508	1730
17.556	1730
17.557	1730
17.5642	1730
17.5708	1730
17.5718	1730
17.5786	1730
17.5848	1730
17.5858	1730
17.5929	1730
17.5989	1730
17.5991	1730
17.6063	1730
17.6121	1730
17.6131	1730
17.6202	1730
17.6262	1730
17.6279	1730
17.6346	1730
17.6405	1730
17.6415	1730
17.6485	1730
17.6545	1730
17.6555	1730
17.6626	1730
17.6689	1730
17.6699	1730
17.677	1730
17.6822	1730
17.6834	1730
17.6909	1730
17.6965	1730
17.6975	1730
17.7042	1730
17.711	1730
17.712	1730
17.7182	1730
17.729	1730
17.729	1730
17.7362	1730
17.7443	1730
17.7443	1730
17.7534	1730
17.763	1730
17.763	1730
17.7703	1730
17.7788	1730
17.7788	1730
17.786	1730
17.7913	1730
17.7923	1730
17.799	1730
17.8057	1730
17.8067	1730
17.8139	1730
17.8191	1730
17.8201	1730
17.8273	1730
17.833	1730
17.834	1730
17.8418	1730
17.8473	1730
17.8483	1730
17.8551	1730
17.8618	1730
17.8628	1730
17.869	1730
17.8751	1730
17.8761	1730
17.8834	1730
17.8896	1730
17.8906	1730
17.8975	1730
17.9034	1730
17.9044	1730
17.9111	1730
17.9187	1730
17.9187	1730
17.926	1730
17.9312	1730
17.9322	1730
17.9394	1730
17.9456	1730
17.9466	1730
17.9537	1730
17.9594	1730
17.9604	1730
17.9672	1730
17.9748	1730
17.9748	1730
17.981	1730
17.9872	1730
17.9882	1730
17.9955	1730
18.003	1730
18.003	1730
18.0108	1730
18.0165	1730
18.0175	1730
18.0246	1730
18.0308	1730
18.0318	1730
18.0399	1730
18.0466	1730
18.0466	1730
18.0534	1730
18.062	1730
18.062	1730
18.0682	1730
18.084	1730
18.09	1730
18.0916	1730
18.0976	1730
18.1043	1730
18.1053	1730
18.1119	1730
18.1182	1730
18.1192	1730
18.1257	1730
18.1325	1730
18.1335	1730
18.1392	1730
18.1467	1730
18.1477	1730
18.1535	1730
18.1607	1730
18.1618	1730
18.168	1730
18.1742	1730
18.1759	1730
18.1818	1730
18.1885	1730
18.1895	1730
18.1952	1730
18.2025	1730
18.2035	1730
18.2096	1730
18.2168	1730
18.2178	1730
18.223	1730
18.2301	1730
18.2311	1730
18.2378	1730
18.2446	1730
18.2456	1730
18.2513	1730
18.2585	1730
18.2595	1730
18.2656	1730
18.2729	1730
18.2739	1730
18.2791	1730
18.2862	1730
18.2872	1730
18.2939	1730
18.3006	1730
18.3016	1730
18.3073	1730
18.3144	1730
18.3155	1730
18.3217	1730
18.3289	1730
18.3299	1730
18.3356	1730
18.3422	1730
18.3432	1730
18.3499	1730
18.358	1730
18.358	1730
18.3653	1730
18.3715	1730
18.3725	1730
18.3801	1730
18.3868	1730
18.3878	1730
18.3954	1730
18.4016	1730
18.4026	1730
18.4112	1730
18.418	1730
18.419	1730
18.436	1650
18.442	1650
18.4448	1650
18.4505	1650
18.4575	1650
18.4606	1650
18.4668	1650
18.473	1650
18.474	1650
18.4813	1650
18.4885	1650
18.4895	1650
18.4961	1650
18.5028	1650
18.5038	1650
18.5105	1650
18.5176	1650
18.5186	1650
18.5259	1650
18.5321	1650
18.5338	1650
18.5407	1650
18.5464	1650
18.5474	1650
18.5541	1650
18.5616	1650
18.5626	1650
18.5696	1650
18.5769	1650
18.5779	1650
18.5849	1650
18.5909	1650
18.5919	1650
18.5987	1650
18.6052	1650
18.6062	1650
18.6139	1650
18.6206	1650
18.6216	1650
18.6285	1650
18.635	1650
18.636	1650
18.6422	1650
18.6499	1650
18.6508	1650
18.6575	1650
18.6642	1650
18.6652	1650
18.6724	1650
18.6785	1650
18.6796	1650
18.6868	1650
18.6935	1650
18.6945	1650
18.7011	1650
18.7088	1650
18.7098	1650
18.7169	1650
18.7221	1650
18.7231	1650
18.7304	1650
18.738	1650
18.739	1650
18.746	1650
18.7524	1650
18.7584	1650
18.7605	1650
18.7662	1650
18.7732	1650
18.7742	1650
18.7812	1650
18.7888	1668
18.7898	1668
18.796	1668
18.8023	1668
18.8033	1668
18.8103	2006
18.816	2006
18.816	2006
18.822	2006
18.8282	2006
18.8294	2006
18.8344	2006
18.8406	2006
18.8416	2006
18.8462	2006
18.8522	2006
18.8539	2006
18.8587	2006
18.8646	2006
18.8654	2006
18.8701	2006
18.877	2006
18.878	2006
18.8822	2006
18.8884	2006
18.8894	2006
18.8944	2006
18.9003	2006
18.9013	2006
18.9062	2006
18.913	2006
18.914	2006
18.9196	2006
18.9246	2006
18.9258	2006
18.9311	2006
18.9364	2006
18.9374	2006
18.9431	2006
18.9488	2006
18.9498	2006
18.9551	2006
18.9602	2006
18.9612	2006
18.9672	2006
18.9727	2006
18.9737	2006
18.9796	2006
18.9847	2006
18.9857	2006
18.9914	2006
18.9962	2006
18.9972	2006
19.0038	2006
19.0098	2006
19.0098	2006
19.0152	2006
19.0217	2006
19.0217	2006
19.0273	2006
19.0331	2006
19.0331	2006
19.039	2006
19.0453	2006
19.0463	2006
19.0514	2006
19.0574	2006
19.0584	2006
19.0632	2006
19.0692	2006
19.0702	2006
19.0753	2006
19.082	2006
19.083	2006
19.088	2006
19.0936	2006
19.0946	2006
19.0996	2006
19.1054	2006
19.1064	2006
19.1112	2006
19.1172	2006
19.1188	2006
19.1237	2006
19.13	2006
19.131	2006
19.1366	2006
19.1416	2006
19.1423	2006
19.148	2006
19.153	2006
19.154	2006
19.1605	2006
19.1645	2006
19.1655	2006
19.1692	2006
19.1749	2006
19.1749	2006
19.1798	2006
19.183	2006
19.184	2006
19.1893	2006
19.1933	2006
19.1943	2006
19.1985	2006
19.2067	2006
19.2077	2006
19.2142	2006
19.2224	2006
19.2234	2006
19.2301	2006
19.2386	2006
19.2453	2006
19.2463	2006
19.254	2006
19.2615	2006
19.2635	2006
19.2702	2006
19.2779	2006
19.2798	2006
19.2865	2006
19.2945	2006
19.2955	2006
19.3334	2006
19.3368	2006
19.3439	2006
19.3449	2006
19.3523	2006
19.3598	2006
19.3608	2006
19.3683	2006
19.412	1981
19.412	1981
19.4245	1981
19.4292	1981
19.4352	1981
19.4362	1981
19.4417	1981
19.4499	1981
19.4543	1981
19.4553	1981
19.462	1981
19.4666	1981
19.4676	1981
19.4734	1981
19.4792	1981
19.4792	1981
19.485	1981
19.4916	1981
19.4978	1981
19.4978	1981
19.5031	1981
19.5091	1981
19.5107	1981
19.5155	1981
19.5212	1981
19.5222	1981
19.5272	1981
19.5333	1981
19.5343	1981
19.5404	1981
19.5453	1981
19.5519	1875
19.5578	1875
19.5588	1875
19.5646	1875
19.5702	1875
19.5712	1875
19.5774	1875
19.5834	1875
19.584	1875
19.5907	1875
19.5967	1875
19.598	1875
19.6031	1875
19.6091	1875
19.6104	1875
19.6162	1875
19.6229	1875
19.6229	1875
19.6286	1875
19.6342	1875
19.6352	1875
19.6412	1875
19.6472	1875
19.6482	1875
19.6542	1875
19.6608	1875
19.6618	1875
19.6675	1875
19.6731	1875
19.6741	1875
19.6801	1875
19.6865	1875
19.6875	1875
19.6935	1875
19.6991	1875
19.7001	1875
19.7061	1875
19.7121	1875
19.7131	1875
19.7191	1875
19.7251	1875
19.7261	1875
19.7327	1875
19.7387	1875
19.7397	1875
19.745	1875
19.7513	1875
19.7513	1875
19.7571	1875
19.7634	1875
19.7644	1875
19.7705	1875
19.7761	1875
19.7771	1875
19.7831	1875
19.7892	1875
19.7902	1875
19.796	1875
19.8021	1875
19.8031	1875
19.8094	1875
19.8156	1875
19.8163	1875
19.8222	1875
19.8289	1875
19.8299	1875
19.8356	1875
19.8414	1875
19.8424	1875
19.848	1875
19.855	1875
19.856	1875
19.8612	1875
19.868	1875
19.869	1875
19.8741	1875
19.8808	1875
19.8808	1875
19.8865	1875
19.8922	1875
19.8931	1875
19.8991	1875
19.9056	1875
19.9065	1875
19.9125	1875
19.9184	1875
19.9194	1875
19.9254	1875
19.9311	1875
19.9321	1875
19.9387	1875
19.9449	1875
19.9459	1875
19.9515	1875
19.9575	1875
19.9583	1875
19.965	1875
19.9707	1875
19.9717	1875
19.9773	1875
19.9833	1875
19.9865	1875
19.9931	1875
19.9991	1875
