0.01	0
0.01	0
0.01	0
0.01	0
0.01	0
0.01	0
0.01	0
0.01	0
0.01	0
0.01	0
0.01	0
0.014	0
0.015	0
0.02	0
0.113192	108
0.114192	108
0.124657	427
0.133841	685
0.134713	759
0.142057	835
0.149797	888
0.149797	888
0.156797	888
0.162797	888
0.163797	888
0.169797	888
0.176797	888
0.177797	888
0.183797	888
0.189797	888
0.190797	888
0.197797	888
0.203797	888
0.204797	888
0.210797	888
0.216797	1052
0.217389	1149
0.222389	1149
0.227389	1149
0.228853	1149
0.233853	1149
0.237445	1149
0.238909	1149
0.243909	1149
0.248253	1149
0.249253	1149
0.254369	1149
0.258369	1149
0.259369	1149
0.264401	1149
0.269993	1149
0.270993	1149
0.275993	1149
0.279401	1149
0.280401	1149
0.285993	1149
0.290401	1149
0.291401	1149
0.296993	1149
0.300993	1149
0.301993	1149
0.306017	1149
0.311985	1149
0.312985	1149
0.317402	1625
0.320586	1640
0.321586	1640
0.324586	1640
0.327586	1669
0.328586	1669
0.331834	1669
0.33505	1732
0.33505	1732
0.33817	1857
0.34117	1857
0.342106	1857
0.345106	1857
0.348106	1857
0.348106	1857
0.351858	1857
0.35445	1925
0.35545	1925
0.358194	1946
0.361974	1946
0.361974	1946
0.36457	1975
0.36757	1975
0.36757	1975
0.370598	2053
0.373598	2053
0.373598	2053
0.376598	2053
0.379473	2053
0.379473	2053
0.382006	2109
0.385598	2156
0.385598	2156
0.388598	2156
0.390342	2156
0.391342	2156
0.393105	2156
0.396073	2156
0.396073	2156
0.399073	2156
0.40119	2156
0.40219	2156
0.40491	2156
0.407878	2171
0.407878	2171
0.41075	2328
0.41275	2328
0.413105	2328
0.415105	2328
0.418182	2328
0.418182	2328
0.420182	2328
0.423654	2328
0.423654	2328
0.425321	2328
0.428291	2328
0.428291	2328
0.431543	2328
0.433543	2328
0.433543	2328
0.436385	2328
0.438385	2328
0.439259	2378
0.441637	2378
0.443607	2414
0.444607	2414
0.446607	2414
0.448607	2414
0.449203	2414
0.451203	2414
0.453173	2415
0.454173	2415
0.456173	2415
0.458297	2415
0.459297	2415
0.461267	2435
0.464141	2484
0.464141	2484
0.466141	2484
0.470833	2484
0.470833	2484
0.473707	2520
0.475707	2520
0.475707	2520
0.479927	2520
0.482801	2520
0.482801	2520
0.486149	2532
0.492367	2560
0.492367	2560
0.494745	2574
0.496715	2602
0.497715	2602
0.499589	2629
0.501589	2629
0.501589	2629
0.504809	2629
0.507683	2650
0.507683	2650
0.514375	2650
0.517249	2650
0.517249	2650
0.520597	2680
0.522597	2680
0.522597	2680
0.524471	2775
0.526471	2775
0.526721	2775
0.529691	2775
0.532565	2775
0.533415	2775
0.539257	2775
0.542131	2775
0.542509	2775
0.545479	2781
0.547479	2781
0.551225	2781
0.553603	2781
0.555573	2822
0.557447	2841
0.558297	2841
0.560297	2841
0.561267	2841
0.567013	2841
0.568391	2841
0.570361	2841
0.573235	2908
0.574235	2908
0.575235	2908
0.579455	2908
0.582329	2908
0.582329	2908
0.585677	2908
0.591895	2908
0.591895	2908
0.595243	2908
0.600989	2908
0.600989	2908
0.604337	2908
0.607211	2908
0.607211	2908
0.610559	2922
0.616777	2922
0.616777	2922
0.620125	2922
0.622999	2922
0.622999	2922
0.629219	2929
0.632093	2929
0.632093	2929
0.635441	2929
0.638787	2929
0.638787	2929
0.645007	2929
0.647881	2929
0.647881	2929
0.654101	2929
0.660323	2929
0.660323	2929
0.663671	2929
0.669419	2929
0.669419	2929
0.676115	2929
0.678989	2929
0.678989	2929
0.685211	2929
0.691433	2929
0.691433	2929
0.694781	2929
0.700529	2929
0.700529	2929
0.703877	2929
0.712973	2929
0.712973	2929
0.716321	2929
0.722543	2929
0.722543	2929
0.725891	2929
0.731639	2929
0.731639	2929
0.734987	2929
0.741209	2929
0.741209	2929
0.744557	2929
0.750305	2929
0.750305	2929
0.757001	2929
0.759875	2929
0.759875	2929
0.769445	2929
0.772319	2929
0.772319	2929
0.778541	2929
0.781415	2929
0.781415	2929
0.784763	2929
0.790985	2929
0.790985	2929
0.794333	2929
0.800081	2929
0.800081	2929
0.803429	2929
0.809651	2929
0.809651	2929
0.815873	2929
0.818747	2929
0.818747	2929
0.825443	2929
0.831191	2929
0.831191	2929
0.834539	2929
0.840761	2929
0.840761	2929
0.844109	2929
0.846983	2929
0.846983	2929
0.853205	2929
0.856079	2929
0.856079	2929
0.859427	2929
0.865649	2929
0.865649	2929
0.868997	2929
0.871871	2929
0.871871	2929
0.878093	2929
0.880967	2929
0.880967	2929
0.884315	2929
0.890537	2929
0.890537	2929
0.893885	2929
0.896759	2929
0.896759	2929
0.902981	2929
0.905855	2929
0.905855	2929
0.909203	2929
0.915425	2929
0.915425	2929
0.921647	2929
0.924521	2929
0.924521	2929
0.931217	2929
0.934091	2929
0.934091	2929
0.943661	2929
0.946535	2929
0.946535	2929
0.952757	2929
0.955631	2929
0.955631	2929
0.962327	2929
0.965201	2929
0.965201	2929
0.971423	2929
0.974297	2929
0.974297	2929
0.980993	2929
0.986741	2929
0.986741	2929
0.993437	2929
0.999185	2929
0.999185	2929
1.00254	2929
1.00877	2929
1.00877	2929
1.01212	2929
1.01499	2929
1.01499	2929
1.02122	2929
1.02744	2929
1.02744	2929
1.0308	2929
1.03655	2929
1.03655	2929
1.04325	2929
1.049	2929
1.049	2929
1.05235	2929
1.05522	2929
1.05522	2929
1.06192	2929
1.0648	2929
1.0648	2929
1.07103	2929
1.0739	2929
1.0739	2929
1.0806	2929
1.08635	2929
1.08635	2929
1.0897	2929
1.09593	2929
1.09593	2929
1.10215	2929
1.10838	2929
1.10838	2929
1.11173	2929
1.11748	2929
1.11748	2929
1.12083	2929
1.12706	2929
1.12706	2929
1.13328	2929
1.13616	2929
1.13616	2929
1.13951	2929
1.14573	2929
1.14573	2929
1.14909	2929
1.15196	2929
1.15196	2929
1.15819	2929
1.16106	2929
1.16106	2929
1.16442	2929
1.17064	2929
1.17064	2929
1.17399	2929
1.17974	2929
1.17974	2929
1.18309	2929
1.18932	2929
1.18932	2929
1.19267	2929
1.20177	2929
1.20177	2929
1.20512	2929
1.21087	2929
1.21087	2929
1.21422	2929
1.22332	2929
1.22332	2929
1.22667	2929
1.2329	2929
1.2329	2929
1.23912	2929
1.242	2929
1.242	2929
1.2487	2929
1.25157	2929
1.25157	2929
1.25493	2929
1.26068	2929
1.26068	2929
1.26738	2929
1.27313	2929
1.27313	2929
1.27983	2929
1.2827	2929
1.2827	2929
1.28893	2929
1.2918	2929
1.2918	2929
1.29516	2929
1.30138	2929
1.30138	2929
1.30761	2929
1.31048	2929
1.31048	2929
1.31718	2929
1.32293	2929
1.32293	2929
1.32963	2929
1.33251	2929
1.33251	2929
1.33586	2929
1.34161	2929
1.34161	2929
1.34831	2929
1.35119	2929
1.35119	2929
1.35741	2929
1.36029	2929
1.36029	2929
1.36699	2929
1.37274	2929
1.37274	2929
1.37609	2929
1.38231	2929
1.38231	2929
1.38854	2929
1.39142	2929
1.39142	2929
1.39477	2929
1.40099	2929
1.40099	2929
1.40434	2929
1.41009	2929
1.41009	2929
1.41679	2929
1.41967	2929
1.41967	2929
1.42302	2929
1.42877	2929
1.42877	2929
1.43212	2929
1.435	2929
1.435	2929
1.4417	2929
1.44458	2929
1.44458	2929
1.4508	2929
1.45368	2929
1.45368	2929
1.46325	2929
1.46948	2929
1.46948	2929
1.47283	2929
1.47858	2929
1.47858	2929
1.48193	2929
1.48481	2929
1.48481	2929
1.48863	2929
1.49438	2929
1.49438	2929
1.49773	2929
1.50061	2929
1.50161	2929
1.50884	2929
1.51606	2929
1.51706	2929
1.52552	2929
1.53387	2929
1.53462	2929
1.54185	2929
1.54955	2929
1.55042	2929
1.55865	2929
1.56613	2929
1.56713	2929
1.5741	2929
1.58256	2929
1.58356	2929
1.59104	2929
1.59901	2929
1.60001	2929
1.60784	2929
1.61556	2929
1.61694	2929
1.62465	2929
1.63275	2929
1.63375	2929
1.64095	2929
1.64808	2929
1.64908	2929
1.65775	2929
1.66585	2929
1.66685	2929
1.67398	2929
1.68118	2929
1.68218	2929
1.69076	2929
1.69402	2929
1.69402	2929
1.69899	2929
1.70274	2929
1.70374	2929
1.70747	2929
1.71044	2929
1.71144	2929
1.71519	2929
1.71992	2929
1.71992	2929
1.72389	2929
1.72764	2929
1.72764	2929
1.73137	2929
1.73534	2929
1.73634	2929
1.74009	2929
1.74309	2929
1.74482	2929
1.74879	2929
1.75254	2929
1.75254	2929
1.75627	2929
1.76024	2929
1.76024	2929
1.76424	2929
1.76872	2929
1.76972	2929
1.77369	2929
1.77669	2929
1.77744	2929
1.78117	2929
1.78514	2929
1.78514	2929
1.78914	2929
1.79362	2929
1.79462	2929
1.79759	2929
1.80159	2929
1.80234	2929
1.80607	2929
1.80905	2929
1.81005	2929
1.81405	2929
1.81853	2929
1.81853	2929
1.8225	2929
1.8265	2929
1.82725	2929
1.83025	2929
1.83496	2929
1.83596	2929
1.83971	2929
1.84271	2929
1.84344	2929
1.84741	2929
1.85129	2929
1.85129	2929
1.85552	2929
1.85925	2929
1.86025	2929
1.86325	2929
1.8671	2929
1.86897	2929
1.87223	2929
1.8762	2929
1.8762	2929
1.88008	2929
1.88478	2929
1.88478	2929
1.88866	2929
1.89289	2929
1.89389	2929
1.89662	2929
1.90062	2929
1.90162	2929
1.90534	2929
1.9096	2929
1.9096	2929
1.91357	2929
1.91745	2929
1.91745	2929
1.92115	2929
1.92503	2929
1.92603	2929
1.92928	2929
1.93313	2929
1.93499	2929
1.93899	2929
1.94271	2929
1.94271	2929
1.94697	2929
1.95094	2929
1.95094	2929
1.95481	2929
1.95852	2929
1.95952	2929
1.96339	2929
1.96665	2929
1.96762	2929
1.97135	2929
1.97535	2929
1.97535	2929
1.9792	2929
1.98308	2929
1.98308	2929
1.98731	2929
1.99118	2929
1.99218	2929
1.99689	2929
1.99976	2929
2.00076	2929
2.00402	2929
2.00887	2929
2.00887	2929
2.0126	2929
2.01657	2929
2.01657	2929
2.02045	2929
2.02467	2929
2.02567	2929
2.02955	2929
2.03228	2929
2.03325	2929
2.03713	2929
2.04139	2929
2.04139	2929
2.04523	2929
2.04997	2929
2.05097	2929
2.05394	2929
2.05781	2929
2.05807	2929
2.06204	2929
2.06592	2929
2.06692	2929
2.07062	2929
2.0745	2929
2.0745	2929
2.07875	2929
2.0826	2929
2.0836	2929
2.08633	2929
2.09031	2929
2.09131	2929
2.09518	2929
2.09841	2929
2.09941	2929
2.10329	2929
2.10602	2929
2.10602	2929
2.11087	2929
2.11387	2929
2.11387	2929
2.11612	2929
2.11909	2929
2.12097	2929
2.1237	2929
2.12667	2929
2.12667	2929
2.12955	2929
2.13255	2929
2.13381	2929
2.13678	2929
2.13965	2929
2.13965	2929
2.14339	2929
2.14636	2929
2.14636	2929
2.14923	2929
2.15249	2929
2.15349	2929
2.15646	2929
2.15934	2929
2.15934	2929
2.16207	2929
2.16504	2929
2.16604	2929
2.16992	2929
2.17217	2929
2.17217	2929
2.17602	2929
2.17902	2929
2.17902	2929
2.18273	2929
2.18573	2929
2.18673	2929
2.18986	2929
2.19283	2929
2.19283	2929
2.19571	2929
2.20141	2929
2.20141	2929
2.20429	2929
2.21051	2929
2.21051	2929
2.21587	2929
2.22109	2929
2.22109	2929
2.22623	2929
2.2322	2929
2.2322	2929
2.23781	2929
2.24378	2929
2.24378	2929
2.24888	2929
2.25411	2929
2.25411	2929
2.25946	2929
2.26559	2929
2.26559	2929
2.27057	2929
2.27614	2929
2.27614	2929
2.28115	2929
2.28725	2929
2.28725	2929
2.29286	2929
2.29883	2929
2.29883	2929
2.30393	2929
2.30993	2929
2.30993	2929
2.31451	2929
2.31851	2929
2.31927	2929
2.32362	2929
2.32749	2929
2.32749	2929
2.33123	2929
2.33507	2929
2.33507	2929
2.33933	2929
2.3433	2929
2.34418	2929
2.34756	2929
2.35101	2929
2.35201	2929
2.35614	2929
2.36011	2929
2.36011	2929
2.36424	2929
2.36821	2929
2.36821	2929
2.37257	2929
2.37679	2929
2.37779	2929
2.38167	2929
2.3849	2929
2.3859	2929
2.38963	2929
2.39363	2929
2.39363	2929
2.39735	2929
2.40171	2929
2.40171	2929
2.40571	2929
2.40981	2929
2.41081	2929
2.41481	2929
2.41742	2929
2.41842	2929
2.42239	2929
2.42652	2929
2.42652	2929
2.43049	2929
2.43437	2929
2.43437	2929
2.43807	2929
2.44295	2929
2.44395	2929
2.44718	2929
2.45018	2929
2.45118	2929
2.45579	2929
2.45976	2929
2.45976	2929
2.46351	2929
2.46921	2929
2.46921	2929
2.47497	2929
2.47832	2929
2.47832	2929
2.48454	2929
2.49077	2929
2.49077	2929
2.49465	2929
2.50035	2929
2.50035	2929
2.50611	2929
2.50946	2929
2.51046	2929
2.51569	2929
2.52191	2929
2.52191	2929
2.52579	2929
2.53149	2929
2.53149	2929
2.53725	2929
2.54107	2929
2.54107	2929
2.54683	2929
2.55305	2929
2.55305	2929
2.55793	2929
2.56263	2929
2.56263	2929
2.56651	2929
2.57174	2929
2.57174	2929
2.57561	2929
2.58132	2929
2.58132	2929
2.58519	2929
2.59042	2929
2.59042	2929
2.5943	2929
2.6	2929
2.6	2929
2.60488	2929
2.60911	2929
2.60911	2929
2.61398	2929
2.61869	2929
2.61869	2929
2.62256	2929
2.62779	2929
2.62779	2929
2.63402	2929
2.63737	2929
2.63837	2929
2.64312	2929
2.64695	2929
2.64795	2929
2.6527	2929
2.65893	2929
2.65893	2929
2.66516	2929
2.66851	2929
2.66951	2929
2.67426	2929
2.67809	2929
2.67809	2929
2.68384	2929
2.69007	2929
2.69007	2929
2.69495	2929
2.69965	2929
2.69965	2929
2.7054	2929
2.70923	2929
2.70923	2929
2.71498	2929
2.72121	2929
2.72121	2929
2.72509	2929
2.73079	2929
2.73079	2929
2.73654	2929
2.74037	2929
2.74037	2929
2.74612	2929
2.75283	2929
2.75283	2929
2.75858	2929
2.76481	2929
2.76481	2929
2.77103	2929
2.77439	2929
2.77539	2929
2.78014	2929
2.78684	2929
2.78684	2929
2.79259	2929
2.79595	2929
2.79695	2929
2.80217	2929
2.80553	2929
2.80652	2929
2.81128	2929
2.81463	2929
2.81563	2929
2.82086	2929
2.82421	2929
2.82421	2929
2.82996	2929
2.83331	2929
2.83331	2929
2.83767	2929
2.84289	2929
2.84289	2929
2.84677	2929
2.852	2929
2.852	2929
2.85587	2929
2.86158	2929
2.86158	2929
2.86545	2929
2.87068	2929
2.87068	2929
2.87494	2929
2.87891	2929
2.87891	2929
2.88314	2929
2.88649	2929
2.88749	2929
2.89224	2929
2.89559	2929
2.89659	2929
2.90182	2929
2.90517	2929
2.90517	2929
2.91093	2929
2.91428	2929
2.91428	2929
2.92051	2929
2.92386	2929
2.92486	2929
2.92961	2929
2.93296	2929
2.93396	2929
2.93919	2929
2.94542	2929
2.94542	2929
2.94829	2929
2.955	2929
2.955	2929
2.97943	2678
2.98614	2678
2.98614	2678
2.99189	2678
2.99524	2678
2.99524	2678
3.00147	2678
3.0077	2678
3.0077	2678
3.01057	2678
3.01728	2678
3.01728	2678
3.02303	2678
3.02638	2678
3.02638	2678
3.03261	2678
3.03884	2678
3.03884	2678
3.04419	2678
3.05042	2678
3.05042	2678
3.05655	2678
3.06252	2678
3.06252	2678
3.0681	2678
3.07423	2678
3.07423	2678
3.08021	2678
3.08669	2678
3.08669	2678
3.09254	2678
3.09824	2678
3.09924	2678
3.10412	2678
3.11035	2678
3.1117	2678
3.11693	2678
3.12268	2678
3.12306	2678
3.12803	2678
3.13464	2678
3.13561	2678
3.14061	2678
3.14619	2678
3.14619	2678
3.15194	2678
3.1552	2678
3.1562	2678
3.16005	2678
3.16478	2678
3.16578	2678
3.16963	2678
3.17388	2678
3.17488	2678
3.17885	2678
3.18208	2678
3.18346	2678
3.18743	2678
3.19118	2678
3.19257	2678
3.19601	2678
3.20001	2678
3.20177	2678
3.20502	2678
3.20987	2678
3.21087	2678
3.2146	2678
3.21857	2678
3.21957	2678
3.22357	2678
3.22757	2678
3.22855	2678
3.23229	2678
3.23626	2678
3.23726	2678
3.24101	2678
3.24536	2678
3.24636	2678
3.25059	2678
3.25682	2678
3.25682	2678
3.26069	2678
3.2664	2678
3.2664	2678
3.27215	2678
3.2765	2678
3.2765	2678
3.28173	2678
3.28796	2678
3.28796	2678
3.29131	2678
3.29754	2678
3.29754	2678
3.30329	2678
3.30999	2678
3.30999	2678
3.31575	2678
3.3191	2678
3.3191	2678
3.32533	2678
3.33155	2678
3.33155	2678
3.33778	2678
3.34113	2678
3.34113	2678
3.34689	2678
3.35359	2678
3.35359	2678
3.35934	2678
3.36317	2678
3.36317	2678
3.36892	2678
3.37515	2678
3.37515	2678
3.38138	2678
3.38573	2678
3.38573	2678
3.39048	2678
3.39719	2678
3.39719	2678
3.40106	2678
3.40629	2678
3.40629	2678
3.41064	2678
3.41587	2678
3.41587	2678
3.42162	2678
3.42597	2678
3.42597	2678
3.4312	2678
3.43555	2678
3.43555	2678
3.4403	2678
3.44701	2678
3.44701	2678
3.45188	2678
3.45611	2678
3.45611	2678
3.46099	2678
3.46569	2678
3.46569	2678
3.46957	2678
3.4748	2678
3.4748	2678
3.48103	2678
3.48538	2678
3.48538	2678
3.49013	2678
3.49448	2678
3.49448	2678
3.49971	2678
3.50594	2678
3.50594	2678
3.50981	2678
3.51552	2678
3.51552	2678
3.52127	2678
3.52562	2678
3.52562	2678
3.53085	2678
3.53708	2678
3.53708	2678
3.54195	2678
3.54666	2678
3.54666	2678
3.55241	2678
3.55624	2678
3.55624	2678
3.56199	2678
3.56822	2678
3.56822	2678
3.57257	2678
3.5778	2678
3.5778	2678
3.58355	2678
3.58738	2678
3.58738	2678
3.59313	2678
3.59936	2678
3.59936	2678
3.60559	2678
3.60994	2678
3.60994	2678
3.61469	2678
3.62139	2678
3.62139	2678
3.62715	2678
3.6315	2678
3.6315	2678
3.63673	2678
3.64295	2678
3.64295	2678
3.64683	2678
3.65253	2678
3.65253	2678
3.65829	2678
3.66264	2678
3.66264	2678
3.66787	2678
3.67409	2678
3.67409	2678
3.67897	2678
3.68367	2678
3.68367	2678
3.68755	2678
3.69278	2678
3.69278	2678
3.69901	2678
3.70336	2678
3.70336	2678
3.70811	2678
3.71481	2678
3.71481	2678
3.71869	2678
3.72392	2678
3.72392	2678
3.73015	2678
3.7345	2678
3.7345	2678
3.73925	2678
3.7436	2678
3.7436	2678
3.74883	2678
3.75506	2678
3.75506	2678
3.75941	2678
3.76464	2678
3.76464	2678
3.77039	2678
3.77709	2678
3.77709	2678
3.78097	2678
3.7862	2678
3.7862	2678
3.79243	2678
3.79865	2678
3.79865	2678
3.80201	2678
3.80823	2678
3.80823	2678
3.81399	2678
3.82069	2678
3.82069	2678
3.82644	2678
3.83315	2678
3.83315	2678
3.8389	2678
3.84225	2678
3.84225	2678
3.84848	2678
3.85471	2678
3.85471	2678
3.86093	2678
3.86716	2678
3.86716	2678
3.87339	2678
3.87962	2678
3.87962	2678
3.88585	2678
3.8912	2678
3.8912	2678
3.89795	2678
3.90365	2678
3.90365	2678
3.9094	2678
3.91511	2678
3.91511	2678
3.92172	2678
3.92769	2678
3.92869	2678
3.9337	2678
3.93967	2678
3.94067	2678
3.94515	2678
3.951	2678
3.952	2678
3.95771	2678
3.96358	2678
3.96484	2678
3.96969	2678
3.97342	2678
3.97442	2678
3.97839	2678
3.98352	2678
3.98352	2678
3.98749	2678
3.9921	2678
3.9921	2678
3.99607	2678
4.0012	2678
4.0012	2678
4.00518	2678
4.01005	2678
4.01005	2678
4.01476	2678
4.01963	2678
4.01963	2678
4.02386	2678
4.02874	2678
4.02874	2678
4.03244	2678
4.03732	2678
4.03732	2678
4.04255	2678
4.04642	2678
4.04642	2678
4.05113	2678
4.055	2678
4.055	2678
4.06023	2678
4.06458	2678
4.06458	2678
4.06981	2678
4.07381	2678
4.07381	2678
4.07856	2678
4.08226	2678
4.08226	2678
4.08714	2678
4.09137	2678
4.09137	2678
4.09672	2678
4.10095	2678
4.10195	2678
4.1067	2678
4.11341	2678
4.11341	2678
4.11916	2678
4.12586	2678
4.12586	2678
4.13161	2678
4.13596	2678
4.13596	2678
4.14119	2678
4.14742	2678
4.14742	2678
4.15365	2678
4.157	2678
4.157	2678
4.16275	2678
4.16946	2678
4.16946	2678
4.17521	2678
4.18191	2678
4.18191	2678
4.18766	2678
4.19149	2678
4.19149	2678
4.19725	2678
4.20347	2678
4.20347	2678
4.2097	2678
4.21593	2678
4.21593	2678
4.21981	2678
4.23461	2678
4.23461	2678
4.24084	2678
4.24419	2678
4.24419	2678
4.24995	2678
4.25665	2678
4.25665	2678
4.26053	2678
4.26575	2678
4.26575	2678
4.2691	2678
4.27533	2678
4.27533	2678
4.28109	2678
4.28544	2678
4.28544	2678
4.29067	2678
4.29689	2678
4.29689	2678
4.30077	2678
4.30647	2678
4.30647	2678
4.31222	2678
4.31658	2678
4.31658	2678
4.32181	2678
4.32516	2678
4.32516	2678
4.33091	2678
4.33761	2678
4.33761	2678
4.34149	2678
4.34672	2678
4.34672	2678
4.35007	2678
4.3563	2678
4.3563	2678
4.36205	2678
4.36875	2678
4.36875	2678
4.37451	2678
4.37833	2678
4.37833	2678
4.38696	2678
4.39031	2678
4.39031	2678
4.39654	2678
4.40277	2678
4.40277	2678
4.409	2678
4.41235	2678
4.41235	2678
4.4181	2678
4.42481	2678
4.42481	2678
4.43056	2678
4.43439	2678
4.43439	2678
4.44014	2678
4.44636	2678
4.44636	2678
4.45259	2678
4.45882	2678
4.45882	2678
4.4627	2678
4.4684	2678
4.4684	2678
4.47415	2678
4.48373	2678
4.48373	2678
4.48996	2678
4.49331	2678
4.49331	2678
4.49906	2678
4.50577	2678
4.50577	2678
4.50964	2678
4.51487	2678
4.51487	2678
4.5211	2678
4.52545	2678
4.52545	2678
4.53021	2678
4.53691	2678
4.53691	2678
4.54266	2678
4.54649	2678
4.54649	2678
4.55224	2678
4.55847	2678
4.55847	2678
4.5647	2678
4.56805	2678
4.56805	2678
4.5738	2678
4.57715	2678
4.57715	2678
4.58338	2678
4.58961	2678
4.58961	2678
4.59584	2678
4.59919	2678
4.59919	2678
4.60494	2678
4.61165	2678
4.61165	2678
4.6174	2678
4.62122	2678
4.62122	2678
4.62698	2678
4.6332	2678
4.6332	2678
4.63943	2678
4.64566	2678
4.64566	2678
4.64854	2678
4.65524	2678
4.65524	2678
4.66099	2678
4.66482	2678
4.66482	2678
4.67057	2678
4.6768	2678
4.6768	2678
4.68303	2678
4.68926	2678
4.68926	2678
4.69213	2678
4.69884	2678
4.69884	2678
4.70459	2678
4.71129	2678
4.71129	2678
4.71705	2678
4.7234	2678
4.7234	2678
4.72963	2678
4.73533	2678
4.73533	2678
4.74108	2678
4.74731	2678
4.74731	2678
4.75354	2678
4.75977	2678
4.75977	2678
4.76537	2678
4.77135	2678
4.77235	2678
4.77745	2678
4.78368	2678
4.78468	2678
4.78991	2678
4.79513	2678
4.79651	2678
4.80149	2678
4.80724	2678
4.80724	2678
4.81294	2678
4.81669	2678
4.81669	2678
4.82104	2678
4.82505	2678
4.82605	2678
4.83063	2678
4.83463	2678
4.83538	2678
4.83911	2678
4.84308	2678
4.84408	2678
4.84869	2678
4.85266	2678
4.85366	2678
4.85741	2678
4.86364	2678
4.86364	2678
4.86987	2678
4.8761	2678
4.8761	2678
4.88097	2678
4.88568	2678
4.88568	2678
4.89143	2678
4.89813	2678
4.89813	2678
4.90201	2678
4.90724	2678
4.90724	2678
4.91347	2678
4.91969	2678
4.91969	2678
4.92357	2678
4.92927	2678
4.92927	2678
4.93503	2678
4.94173	2678
4.94173	2678
4.94748	2678
4.95131	2678
4.95131	2678
4.95994	2678
4.96664	2678
4.96664	2678
4.97239	2678
4.9791	2678
4.9791	2678
4.98485	2678
5.01647	2437
5.01647	2437
5.02222	2437
5.02892	2437
5.02892	2437
5.03515	2437
5.04425	2437
5.04425	2437
5.05048	2437
5.05671	2437
5.05671	2437
5.06158	2437
5.06629	2437
5.06629	2437
5.07204	2437
5.07639	2437
5.07739	2437
5.08162	2437
5.08785	2437
5.08785	2437
5.09273	2437
5.09743	2437
5.09743	2437
5.1023	2437
5.10653	2437
5.10753	2437
5.11241	2437
5.11611	2437
5.11711	2437
5.12225	2437
5.12622	2437
5.12722	2437
5.13282	2437
5.1368	2437
5.1378	2437
5.14193	2437
5.1469	2437
5.1479	2437
5.15113	2437
5.15636	2437
5.15736	2437
5.16109	2437
5.16606	2437
5.16706	2437
5.17181	2437
5.17604	2437
5.17704	2437
5.18165	2437
5.18662	2437
5.18662	2437
5.19175	2437
5.19672	2437
5.19672	2437
5.20133	2437
5.20631	2437
5.20631	2437
5.21106	2437
5.21676	2437
5.21676	2437
5.22151	2437
5.22586	2437
5.22687	2437
5.23109	2437
5.23509	2437
5.24393	2437
5.2479	2437
5.25265	2437
5.25639	2437
5.26036	2437
5.26511	2437
5.26884	2437
5.27281	2437
5.27757	2437
5.2813	2437
5.28527	2437
5.29002	2437
5.2904	2437
5.29537	2437
5.3006	2437
5.30286	2437
5.30683	2437
5.31118	2437
5.31244	2437
5.31641	2437
5.32116	2437
5.32489	2437
5.32887	2437
5.33374	2437
5.334	2437
5.33897	2437
5.3432	2437
5.34645	2437
5.35043	2437
5.3553	2437
5.35603	2437
5.36	2437
5.36576	2437
5.36849	2437
5.37246	2437
5.37734	2437
5.37759	2437
5.38257	2437
5.38717	2437
5.38717	2437
5.39302	2437
5.3979	2437
5.39963	2437
5.4036	2437
5.40835	2437
5.40873	2437
5.41318	2437
5.41893	2437
5.42119	2437
5.42516	2437
5.43039	2437
5.43077	2437
5.43474	2437
5.43949	2437
5.44322	2437
5.4462	2437
5.45195	2437
5.45233	2437
5.4553	2437
5.46153	2437
5.46479	2437
5.46776	2437
5.47111	2437
5.47437	2437
5.48021	2437
5.48644	2437
5.4897	2437
5.49267	2437
5.4989	2437
5.49928	2437
5.50513	2437
5.51135	2437
5.51173	2437
5.51758	2437
5.52046	2437
5.52419	2437
5.52716	2437
5.53391	2437
5.53664	2437
5.54262	2437
5.54875	2437
5.5492	2437
5.55595	2437
5.56118	2437
5.56218	2437
5.56841	2437
5.57463	2437
5.57563	2437
5.58124	2437
5.58809	2437
5.58809	2437
5.59567	2437
5.60155	2437
5.6028	2437
5.60813	2437
5.614	2437
5.61526	2437
5.62123	2437
5.62771	2437
5.62871	2437
5.63456	2437
5.63927	2437
5.64026	2437
5.64427	2437
5.64975	2437
5.64975	2437
5.6546	2437
5.65985	2437
5.65985	2437
5.66482	2437
5.66905	2437
5.66905	2437
5.67428	2437
5.67963	2437
5.67963	2437
5.68489	2437
5.68961	2437
5.68961	2437
5.69434	2437
5.69832	2437
5.69932	2437
5.70445	2437
5.70877	2437
5.70977	2437
5.71491	2437
5.71888	2437
5.71988	2437
5.74179	2234
5.74802	2234
5.74802	2234
5.75425	2234
5.76047	2234
5.76047	2234
5.7667	2234
5.77158	2234
5.77158	2234
5.77916	2234
5.78403	2234
5.78403	2234
5.78974	2234
5.79449	2234
5.79549	2234
5.80119	2234
5.80695	2234
5.80695	2234
5.81365	2234
5.8194	2234
5.8194	2234
5.82611	2234
5.83186	2234
5.83186	2234
5.83856	2234
5.84431	2234
5.84431	2234
5.85102	2234
5.85677	2234
5.85677	2234
5.86347	2234
5.86923	2234
5.86923	2234
5.87593	2234
5.88081	2234
5.88081	2234
5.88503	2234
5.89126	2234
5.89126	2234
5.89749	2234
5.90237	2234
5.90237	2234
5.90707	2234
5.91282	2234
5.91368	2234
5.91865	2234
5.9234	2234
5.9244	2234
5.92963	2234
5.93486	2234
5.93524	2234
5.94021	2234
5.94596	2234
5.94696	2234
5.95166	2234
5.95642	2234
5.95642	2234
5.96125	2234
5.9751	2234
5.9751	2234
5.98181	2234
5.98668	2234
5.98668	2234
5.99138	2234
5.99714	2234
5.99714	2234
6.00337	2234
6.00959	2234
6.00959	2234
6.01582	2234
6.02205	2234
6.02205	2234
6.02828	2234
6.03363	2234
6.03363	2234
6.03886	2234
6.04361	2234
6.04461	2234
6.05031	2234
6.05607	2234
6.05607	2234
6.06277	2234
6.06852	2234
6.06852	2234
6.07522	2234
6.08098	2234
6.08098	2234
6.08768	2234
6.09343	2234
6.09343	2234
6.10014	2234
6.10924	2234
6.10924	2234
6.11547	2234
6.12035	2234
6.12035	2234
6.12505	2234
6.13415	2234
6.13415	2234
6.14038	2234
6.14526	2234
6.14526	2234
6.15284	2234
6.15907	2234
6.15907	2234
6.16529	2234
6.17152	2234
6.17152	2234
6.17775	2234
6.18398	2234
6.18398	2234
6.19021	2234
6.19643	2234
6.19643	2234
6.20266	2234
6.20701	2234
6.20701	2234
6.21847	2234
6.22422	2234
6.22422	2234
6.22905	2234
6.2348	2234
6.2358	2234
6.24003	2234
6.24626	2234
6.24626	2234
6.25161	2234
6.25536	2234
6.25636	2234
6.26206	2234
6.26694	2234
6.26694	2234
6.27117	2234
6.2774	2234
6.2774	2234
6.28175	2234
6.2865	2234
6.2865	2234
6.29033	2234
6.29608	2234
6.29608	2234
6.30231	2234
6.30854	2234
6.30854	2234
6.31289	2234
6.31689	2234
6.31764	2234
6.32137	2234
6.32535	2234
6.3301	2234
6.33493	2234
6.33892	2234
6.33968	2234
6.34393	2234
6.34791	2234
6.34878	2234
6.35251	2234
6.35849	2234
6.36124	2234
6.36794	2234
6.37469	2234
6.37569	2234
6.3824	2234
6.38815	2234
6.38915	2234
6.39685	2234
6.40334	2234
6.40434	2234
6.41106	2234
6.41777	2234
6.41877	2234
6.4259	2234
6.43287	2234
6.43387	2234
6.4397	2234
6.44668	2234
6.44768	2234
6.45416	2234
6.46101	2234
6.46101	2234
6.46662	2234
6.47147	2234
6.47247	2234
6.47769	2234
6.48269	2234
6.48392	2234
6.48818	2234
6.4935	2234
6.4945	2234
6.49973	2234
6.50448	2234
6.50548	2234
6.51021	2234
6.51518	2234
6.51518	2234
6.52067	2234
6.52564	2234
6.52664	2234
6.53125	2234
6.53622	2234
6.53722	2234
6.54223	2234
6.5472	2234
6.5482	2234
6.55381	2234
6.55866	2234
6.55966	2234
6.56489	2234
6.56914	2234
6.57011	2234
6.57547	2234
6.58069	2234
6.58069	2234
6.58544	2234
6.59018	2234
6.59118	2234
6.59615	2234
6.6019	2234
6.6029	2234
6.60748	2234
6.61248	2234
6.61371	2234
6.61897	2234
6.62394	2234
6.62616	2234
6.63142	2234
6.63639	2234
6.63862	2234
6.64523	2234
6.6502	2234
6.65395	2234
6.65869	2234
6.66366	2234
6.66641	2234
6.67114	2234
6.67611	2234
6.67934	2234
6.68547	2234
6.69044	2234
6.6918	2234
6.69793	2234
6.7029	2234
6.70425	2234
6.70951	2234
6.71448	2234
6.71623	2234
6.72197	2234
6.72694	2234
6.72869	2234
6.73342	2234
6.73839	2234
6.74115	2234
6.74688	2234
6.75185	2234
6.7536	2234
6.75895	2234
6.76318	2234
6.76318	2234
6.76844	2234
6.77341	2234
6.77564	2234
6.78089	2234
6.78587	2234
6.78809	2234
6.79335	2234
6.79832	2234
6.80055	2234
6.80593	2234
6.81065	2234
6.81065	2234
6.81538	2234
6.82036	2234
6.82211	2234
6.82784	2234
6.83281	2234
6.83457	2234
6.8393	2234
6.84427	2234
6.84702	2234
6.85288	2234
6.85773	2234
6.85948	2234
6.86433	2234
6.86918	2234
6.87193	2234
6.87667	2234
6.88164	2234
6.88439	2234
6.88912	2234
6.89409	2234
6.89684	2234
6.90158	2234
6.90642	2234
6.9093	2234
6.91403	2234
6.91988	2234
6.92223	2234
6.92749	2234
6.93234	2234
6.93757	2234
6.94295	2234
6.94714	2234
6.94714	2234
6.9524	2234
6.95725	2234
6.96248	2234
6.96786	2234
6.97258	2234
6.97258	2234
6.97731	2234
6.98216	2234
6.98739	2234
6.99265	2234
6.99762	2234
6.99985	2234
7.0042	2234
7.00995	2234
7.00995	2234
7.01468	2234
7.01965	2234
7.02141	2234
7.02614	2234
7.03111	2234
7.03386	2234
7.03859	2234
7.04344	2234
7.04632	2234
7.05105	2234
7.05602	2234
7.05877	2234
7.06351	2234
7.06848	2234
7.07123	2234
7.07596	2234
7.07993	2234
7.08368	2234
7.08742	2234
7.09139	2234
7.09614	2234
7.10087	2234
7.10485	2234
7.1086	2234
7.11233	2234
7.1163	2234
7.12105	2234
7.12578	2234
7.12976	2234
7.13351	2234
7.13724	2234
7.14121	2234
7.14597	2234
7.15267	2208
7.15842	2208
7.15842	2208
7.16512	2208
7.17088	2208
7.17088	2208
7.18046	2208
7.18669	2208
7.18769	2208
7.19491	2208
7.20152	2208
7.20252	2208
7.20937	2208
7.21685	2208
7.21782	2208
7.22318	2208
7.23028	2208
7.23128	2208
7.23851	2208
7.24574	2208
7.24674	2208
7.25322	2208
7.25919	2208
7.26019	2208
7.26768	2208
7.274	2208
7.275	2208
7.28249	2208
7.28746	2208
7.28846	2208
7.29394	2208
7.29879	2208
7.29979	2208
7.30479	2208
7.30927	2208
7.31027	2208
7.31525	2208
7.32047	2208
7.32047	2208
7.32705	2208
7.33281	2208
7.33281	2208
7.33951	2208
7.34526	2208
7.34526	2208
7.35484	2208
7.35972	2208
7.35972	2208
7.3673	2208
7.37217	2208
7.37217	2208
7.37975	2208
7.38463	2208
7.38463	2208
7.39221	2208
7.39709	2208
7.39709	2208
7.40279	2208
7.40854	2208
7.40854	2208
7.41425	2208
7.42	2208
7.42	2208
7.42435	2208
7.43058	2208
7.43058	2208
7.43628	2208
7.44203	2208
7.44203	2208
7.44826	2208
7.45449	2208
7.45449	2208
7.46072	2208
7.46695	2208
7.46695	2208
7.47317	2208
7.4794	2208
7.4794	2208
7.48563	2208
7.49098	2208
7.49098	2208
7.49521	2208
7.50196	2208
7.50196	2208
7.50767	2208
7.51342	2208
7.51342	2208
7.52012	2208
7.52587	2208
7.52587	2208
7.53258	2208
7.53833	2208
7.53833	2208
7.54503	2208
7.55091	2208
7.55091	2208
7.55514	2208
7.56137	2208
7.56137	2208
7.56659	2208
7.57282	2208
7.57282	2208
7.57952	2208
7.58815	2208
7.58815	2208
7.59486	2208
7.60061	2208
7.60061	2208
7.60731	2208
7.61307	2208
7.61307	2208
7.61977	2208
7.62552	2208
7.62552	2208
7.63223	2208
7.63798	2208
7.63798	2208
7.65043	2145
7.65714	2145
7.65714	2145
7.66389	2145
7.66959	2145
7.66959	2145
7.67534	2145
7.68205	2145
7.68205	2145
7.6888	2145
7.69451	2145
7.69451	2145
7.70026	2145
7.70696	2145
7.70696	2145
7.71271	2145
7.71942	2145
7.71942	2145
7.72517	2145
7.73187	2145
7.73187	2145
7.73763	2145
7.74433	2145
7.74433	2145
7.75008	2145
7.75678	2145
7.75678	2145
7.76254	2145
7.76924	2145
7.76924	2145
7.77599	2145
7.7817	2145
7.7817	2145
7.78745	2145
7.79415	2145
7.79415	2145
7.80091	2145
7.80661	2145
7.80661	2145
7.81236	2145
7.81907	2145
7.81907	2145
7.82582	2145
7.83152	2145
7.83152	2145
7.83775	2145
7.84398	2145
7.84398	2145
7.8502	2145
7.85931	2145
7.85931	2145
7.86554	2145
7.87177	2145
7.87177	2145
7.87799	2145
7.88422	2145
7.88422	2145
7.89333	2145
7.90003	2145
7.90003	2145
7.90578	2145
7.91249	2145
7.91249	2145
7.91824	2145
7.92494	2145
7.92494	2145
7.93069	2145
7.9374	2145
7.9374	2145
7.94315	2145
7.94985	2145
7.94985	2145
7.95608	2145
7.96231	2145
7.96231	2145
7.96854	2145
7.97764	2145
7.97764	2145
7.98387	2145
7.9901	2145
7.9901	2145
7.99633	2145
8.00255	2145
8.00355	2145
8.01078	2145
8.01701	2145
8.01801	2145
8.02549	2145
8.03246	2145
8.03347	2145
8.04092	2145
8.04715	2145
8.04815	2145
8.05538	2145
8.06286	2145
8.06386	2145
8.07083	2145
8.07729	2145
8.07829	2145
8.08529	2145
8.09212	2145
8.0931	2145
8.10085	2145
8.10755	2145
8.10755	2145
8.11331	2145
8.11801	2145
8.11901	2145
8.12476	2145
8.12949	2145
8.13047	2145
8.13546	2145
8.14157	2145
8.14157	2145
8.1478	2145
8.15203	2145
8.15302	2145
8.15825	2145
8.16325	2145
8.16425	2145
8.16974	2145
8.17471	2145
8.17571	2145
8.18019	2145
8.18616	2145
8.18616	2145
8.19239	2145
8.1971	2145
8.1981	2145
8.20473	2145
8.20955	2145
8.21055	2145
8.21718	2145
8.22389	2145
8.22389	2145
8.22964	2145
8.23634	2145
8.23634	2145
8.24257	2145
8.2488	2145
8.2488	2145
8.2579	2145
8.26413	2145
8.26413	2145
8.27036	2145
8.27994	2145
8.27994	2145
8.28569	2145
8.29239	2145
8.29239	2145
8.29815	2145
8.30772	2145
8.30772	2145
8.31395	2145
8.32018	2145
8.32018	2145
8.32641	2145
8.33599	2145
8.33599	2145
8.34174	2145
8.34844	2145
8.34844	2145
8.3542	2145
8.3609	2145
8.3609	2145
8.36665	2145
8.37336	2145
8.37336	2145
8.37911	2145
8.40402	1968
8.40402	1968
8.4136	1968
8.41983	1968
8.41983	1968
8.42606	1968
8.43229	1968
8.43229	1968
8.43851	1968
8.44762	1968
8.44762	1968
8.45432	1968
8.46007	1968
8.46007	1968
8.46678	1968
8.47253	1968
8.47353	1968
8.47923	1968
8.48499	1968
8.48598	1968
8.49169	1968
8.49744	1968
8.49744	1968
8.50414	1968
8.51325	1968
8.51325	1968
8.51948	1968
8.52571	1968
8.5267	1968
8.53528	1968
8.54104	1968
8.54104	1968
8.54786	1968
8.55362	1968
8.55487	1968
8.55984	1968
8.56507	1968
8.56607	1968
8.5723	1968
8.57753	1968
8.57853	1968
8.58476	1968
8.59099	1968
8.59124	1968
8.59621	1968
8.60282	1968
8.60379	1968
8.60954	1968
8.61428	1968
8.61528	1968
8.62113	1968
8.62712	1968
8.62712	1968
8.63493	1968
8.64069	1968
8.64069	1968
8.64739	1968
8.65314	1968
8.65314	1968
8.65949	1968
8.66572	1968
8.66672	1968
8.6723	1968
8.67805	1968
8.67805	1968
8.68476	1968
8.69051	1968
8.69151	1968
8.70009	1968
8.70544	1968
8.70644	1968
8.71255	1968
8.71877	1968
8.71877	1968
8.725	1968
8.73123	1968
8.73123	1968
8.73746	1968
8.74368	1968
8.74368	1968
8.75327	1968
8.75902	1968
8.75902	1968
8.76572	1968
8.77195	1968
8.77195	1968
8.78105	1968
8.78541	1968
8.78641	1968
8.79351	1968
8.79974	1968
8.79974	1968
8.80597	1968
8.81219	1968
8.81219	1968
8.81842	1968
8.82465	1968
8.82565	1968
8.83288	1968
8.84011	1968
8.84136	1968
8.84933	1968
8.85627	1968
8.85727	1968
8.86589	1968
8.8736	1968
8.8746	1968
8.88108	1968
8.88905	1968
8.89081	1968
8.89851	1968
8.90526	1968
8.90799	1968
8.91472	1968
8.92245	1968
8.92345	1968
8.93153	1968
8.93675	1968
8.93775	1968
8.94398	1968
8.94921	1968
8.94921	1968
8.95521	1968
8.96117	1968
8.96214	1968
8.96714	1968
8.97377	1968
8.9745	1968
8.98047	1968
8.98522	1968
8.98623	1968
8.99293	1968
8.99893	1968
8.99903	1968
9.00429	1968
9.01026	1968
9.01126	1968
9.01772	1968
9.02272	1968
9.02372	1968
9.02968	1968
9.03565	1968
9.03565	1968
9.04128	1968
9.04798	1968
9.04898	1968
9.05473	1968
9.05944	1968
9.06044	1968
9.06619	1968
9.0728	1968
9.0728	1968
9.07877	1968
9.08473	1968
9.08573	1968
9.09058	1968
9.09633	1968
9.09733	1968
9.10491	1968
9.11114	1968
9.11114	1968
9.11784	1968
9.12647	1968
9.12647	1968
9.13317	1968
9.14228	1968
9.14228	1968
9.14851	1968
9.15761	1968
9.15761	1968
9.16431	1968
9.17006	1968
9.17006	1968
9.17677	1968
9.18252	1968
9.18352	1968
9.18923	1968
9.19498	1968
9.19598	1968
9.20168	1968
9.20743	1968
9.20743	1968
9.21414	1968
9.21989	1968
9.22089	1968
9.22659	1968
9.23234	1968
9.23234	1968
9.24193	1968
9.24815	1968
9.24815	1968
9.25438	1968
9.26061	1968
9.26161	1968
9.26684	1968
9.27307	1968
9.27307	1968
9.27929	1968
9.28552	1968
9.28652	1968
9.29175	1968
9.29798	1968
9.29898	1968
9.3042	1968
9.31043	1968
9.31043	1968
9.31714	1968
9.32289	1968
9.32389	1968
9.33247	1968
9.33822	1968
9.33822	1968
9.34492	1968
9.35068	1968
9.35168	1968
9.36026	1968
9.36648	1968
9.36648	1968
9.37319	1968
9.38182	1968
9.38182	1968
9.38852	1968
9.39427	1968
9.39427	1968
9.40098	1968
9.4072	1968
9.4072	1968
9.41631	1968
9.42254	1968
9.42254	1968
9.42877	1968
9.43499	1968
9.43599	1968
9.44122	1968
9.44745	1968
9.44745	1968
9.45368	1968
9.4599	1968
9.46091	1968
9.46661	1968
9.47524	1968
9.47524	1968
9.48194	1968
9.48769	1968
9.48869	1968
9.49727	1968
9.50263	1968
9.50362	1968
9.50973	1968
9.51596	1968
9.51596	1968
9.52219	1968
9.52841	1968
9.52841	1968
9.53464	1968
9.54087	1968
9.54187	1968
9.55045	1968
9.5562	1968
9.5562	1968
9.56578	1968
9.57489	1968
9.57489	1968
9.58159	1968
9.59069	1968
9.59069	1968
9.59692	1968
9.60602	1968
9.60602	1968
9.61561	1968
9.62183	1968
9.62183	1968
9.63141	1968
9.63717	1968
9.63717	1968
9.64674	1968
9.65297	1968
9.65297	1968
9.6592	1968
9.66831	1968
9.6693	1968
9.67601	1968
9.68449	1968
9.68549	1968
9.69322	1968
9.70092	1968
9.70192	1968
9.7094	1968
9.71738	1968
9.71813	1968
9.72583	1968
9.73396	1968
9.73441	1968
9.74241	1968
9.74987	1968
9.75187	1968
9.75885	1968
9.76608	1968
9.76708	1968
9.77231	1968
9.77891	1968
9.77991	1968
9.78576	1968
9.79099	1968
9.79199	1968
9.79722	1968
9.80344	1968
9.80445	1968
9.80967	1962
9.8159	1962
9.8169	1962
9.82251	1962
9.82748	1962
9.82848	1962
9.83496	1962
9.84094	1962
9.84194	1962
9.84604	1962
9.85227	1962
9.85327	1962
9.85927	1962
9.86437	1962
9.8651	1962
9.87108	1962
9.87708	1962
9.87818	1962
9.88341	1962
9.88941	1962
9.89064	1962
9.89625	1962
9.90122	1962
9.90222	1962
9.9087	1962
9.91455	1962
9.91455	1962
9.92055	1962
9.92603	1962
9.92703	1962
9.93336	1962
9.93811	1962
9.93911	1962
9.94569	1962
9.95192	1962
9.95192	1962
9.95862	1962
9.96725	1962
9.96725	1962
9.97683	1962
9.98306	1962
9.98306	1962
9.98976	1962
9.99551	1962
9.99651	1962
10.0051	1962
10.0108	1962
10.0118	1962
10.0175	1962
10.0233	1962
10.0233	1962
10.03	1962
10.0358	1962
10.0368	1962
10.0453	1962
10.0516	1962
10.0516	1962
10.0578	1962
10.064	1962
10.064	1962
10.0702	1962
10.0765	1962
10.0775	1962
10.0832	1962
10.0918	1962
10.0918	1962
10.0976	1962
10.1043	1962
10.1043	1962
10.111	1962
10.1167	1962
10.1177	1962
10.1234	1962
10.1292	1962
10.1292	1962
10.1359	1962
10.1421	1962
10.1421	1962
10.1512	1962
10.1574	1962
10.1574	1962
10.1637	1962
10.1699	1962
10.1709	1962
10.1761	1962
10.1824	1962
10.1824	1962
10.1886	1962
10.1977	1962
10.1977	1962
10.2044	1962
10.2135	1962
10.2135	1962
10.4343	1891
10.4439	1891
10.4439	1891
10.4502	1891
10.4564	1891
10.4564	1891
10.5376	1891
10.5475	1891
10.5475	1891
10.5534	1891
10.56	1891
10.561	1891
10.6408	1891
10.6458	1891
10.6468	1891
10.6521	1891
10.6581	1891
10.6595	1891
10.6653	1891
10.6711	1891
10.6721	1891
10.6781	1891
10.6841	1891
10.6851	1891
10.6911	1891
10.6971	1891
10.6971	1891
10.7031	1891
10.7091	1891
10.7101	1891
10.7161	1891
10.7221	1891
10.7231	1891
10.7291	1891
10.7351	1891
10.7361	1891
10.7421	1891
10.7484	1891
10.7484	1891
10.754	1891
10.7583	1891
10.7597	1891
10.7637	1891
10.7685	1891
10.7695	1891
10.7747	1891
10.7783	1891
10.7793	1891
10.7843	1891
10.7893	1891
10.7893	1891
10.7943	1891
10.7992	1891
10.8002	1891
10.8042	1891
10.8094	1891
10.8104	1891
10.8157	1891
10.8197	1891
10.8207	1891
10.8257	1891
10.8303	1891
10.8303	1891
10.8353	1891
10.8403	1891
10.8413	1891
10.8453	1891
10.854	1950
10.855	1950
10.8629	1969
10.8701	1969
10.8711	1969
10.8789	2038
10.8865	2038
10.8875	2054
10.8929	2093
10.8985	2113
10.8995	2113
10.9044	2201
10.9094	2201
10.91	2201
10.9156	2201
10.9203	2201
10.9213	2201
10.9269	2201
10.9319	2266
10.9329	2266
10.9379	2266
10.9424	2282
10.9424	2282
10.9474	2282
10.9526	2282
10.9536	2282
10.9584	2282
10.9632	2282
10.9642	2282
10.969	2282
10.9737	2282
10.9747	2282
10.9796	2282
10.9848	2282
10.9858	2282
10.9906	2282
10.9956	2282
10.9956	2282
11.0003	2282
11.005	2282
11.006	2282
11.0118	2282
11.0165	2282
11.0175	2282
11.0215	2282
11.0262	2282
11.028	2282
11.0329	2282
11.0377	2282
11.0387	2282
11.0434	2282
11.0481	2282
11.0481	2282
11.0539	2282
11.0589	2282
11.0599	2282
11.0643	2282
11.0693	2282
11.0703	2282
11.0741	2282
11.0798	2282
11.0808	2282
11.0855	2282
11.0902	2282
11.0912	2282
11.0962	2282
11.1017	2282
11.1017	2282
11.1067	2282
11.1114	2282
11.1124	2282
11.1171	2282
11.1221	2282
11.1239	2282
11.1276	2282
11.1326	2282
11.1336	2282
11.1383	2282
11.143	2282
11.144	2282
11.1498	2282
11.1545	2282
11.1545	2282
11.1595	2282
11.165	2282
11.166	2282
11.171	2282
11.1757	2282
11.1764	2282
11.1804	2282
11.1852	2282
11.1862	2282
11.1919	2282
11.1969	2282
11.1976	2282
11.2024	2282
11.2073	2282
11.2073	2282
11.2121	2282
11.2178	2282
11.2188	2282
11.2235	2282
11.2283	2282
11.2292	2282
11.2332	2282
11.2387	2282
11.2397	2282
11.2447	2282
11.2494	2282
11.2504	2282
11.2551	2282
11.2609	2282
11.2609	2282
11.2656	2282
11.2706	2282
11.2716	2282
11.2761	2282
11.2811	2282
11.2821	2282
11.2863	2282
11.2915	2282
11.2925	2282
11.2974	2282
11.3026	2282
11.3036	2282
11.3088	2282
11.3131	2282
11.3131	2282
11.3188	2282
11.3237	2282
11.3247	2282
11.3294	2282
11.3341	2282
11.3351	2282
11.3391	2282
11.3446	2282
11.3456	2282
11.3506	2282
11.3556	2282
11.3566	2282
11.3619	2282
11.3669	2282
11.3669	2282
11.3711	2282
11.3764	2282
11.3774	2282
11.3824	2282
11.3875	2282
11.3882	2282
11.3922	2282
11.3979	2282
11.3989	2282
11.4036	2282
11.4085	2282
11.4095	2282
11.4148	2282
11.42	2282
11.42	2282
11.425	2282
11.4299	2282
11.4309	2282
11.4358	2282
11.4405	2282
11.4415	2282
11.4452	2282
11.4502	2282
11.4512	2282
11.4567	2282
11.4617	2282
11.4627	2282
11.4679	2282
11.4721	2282
11.4721	2282
11.4771	2282
11.4826	2282
11.4836	2282
11.4886	2282
11.4937	2282
11.4937	2282
11.4987	2282
11.5032	2282
11.5042	2282
11.5091	2282
11.5148	2282
11.5157	2282
11.5187	2282
11.5225	2282
11.5235	2282
11.5272	2282
11.5311	2282
11.5321	2282
11.5353	2282
11.5393	2282
11.5403	2282
11.5445	2282
11.5488	2282
11.5488	2282
11.5527	2282
11.5563	2282
11.5573	2282
11.5613	2282
11.5651	2282
11.5651	2282
11.5699	2282
11.5738	2282
11.5748	2282
11.5789	2282
11.5829	2282
11.5829	2282
11.5871	2282
11.5933	2282
11.5933	2282
11.5977	2282
11.6029	2282
11.6029	2282
11.6087	2282
11.6154	2282
11.6154	2282
11.6221	2282
11.6298	2282
11.6308	2282
11.6366	2282
11.6432	2282
11.6442	2282
11.6504	2282
11.6577	2282
11.6585	2282
11.6642	2282
11.6718	2282
11.6728	2282
11.6798	2282
11.6858	2282
11.6868	2282
11.6931	2282
11.6996	2282
11.7006	2282
11.7076	2282
11.7131	2282
11.7141	2282
11.7212	2282
11.7262	2282
11.7272	2282
11.7324	2282
11.7376	2282
11.7376	2282
11.7426	2282
11.7471	2282
11.7481	2282
11.7534	2282
11.7586	2282
11.7586	2282
11.7636	2282
11.7681	2282
11.7691	2282
11.7741	2282
11.7792	2282
11.7802	2282
11.7857	2282
11.7907	2282
11.7907	2282
11.7956	2282
11.8002	2282
11.8012	2282
11.8061	2282
11.8111	2282
11.8111	2282
11.8167	2282
11.8214	2282
11.8224	2282
11.8271	2282
11.8321	2282
11.8339	2282
11.8386	2282
11.8436	2282
11.8436	2282
11.8483	2282
11.853	2282
11.854	2282
11.8611	2282
11.8674	2282
11.8674	2282
11.8736	2282
11.8832	2282
11.8832	2282
11.8889	2282
11.8985	2282
11.8985	2282
11.9039	2282
11.911	2282
11.911	2282
11.9172	2282
11.9268	2282
11.9268	2282
11.9325	2282
11.9392	2282
11.9392	2282
11.9455	2282
11.9546	2282
11.9546	2282
11.9608	2282
11.9675	2282
11.9675	2282
11.9732	2282
11.9795	2282
11.9795	2282
11.9857	2282
11.9919	2282
11.9919	2282
11.9982	2282
12.0044	2282
12.0044	2282
12.0106	2282
12.0168	2282
12.0168	2282
12.0231	2282
12.0293	2282
12.0293	2282
12.0355	2282
12.0418	2282
12.0418	2282
12.048	2282
12.0542	2282
12.0542	2282
12.0604	2282
12.0667	2282
12.0667	2282
12.0729	2282
12.0791	2282
12.0791	2282
12.0853	2282
12.0916	2282
12.0916	2282
12.0978	2282
12.104	2282
12.104	2282
12.1103	2282
12.1165	2282
12.1165	2282
12.1227	2282
12.1294	2282
12.1294	2282
12.138	2282
12.1476	2282
12.1476	2282
12.1539	2282
12.1606	2282
12.1606	2282
12.1663	2282
12.1759	2282
12.1759	2282
12.1816	2282
12.1912	2282
12.1912	2282
12.1975	2282
12.2037	2282
12.2037	2282
12.2099	2282
12.2195	2282
12.2195	2282
12.2252	2282
12.2319	2282
12.2319	2282
12.2377	2282
12.2444	2282
12.2444	2282
12.2535	2282
12.2597	2282
12.2597	2282
12.266	2282
12.2722	2282
12.2722	2282
12.2784	2282
12.288	2282
12.288	2282
12.2937	2282
12.3005	2282
12.3005	2282
12.3062	2282
12.3129	2282
12.3129	2282
12.3187	2282
12.3282	2282
12.3282	2282
12.3345	2282
12.3407	2282
12.3407	2282
12.3469	2282
12.3532	2282
12.3532	2282
12.3623	2282
12.3661	2282
12.3661	2282
12.3747	2282
12.3814	2282
12.3814	2282
12.3872	2282
12.3939	2282
12.3939	2282
12.4001	2282
12.4092	2282
12.4092	2282
12.4154	2282
12.425	2282
12.425	2282
12.4308	2282
12.4375	2282
12.4375	2282
12.4437	2282
12.4528	2282
12.4528	2282
12.4619	2282
12.4686	2282
12.4686	2282
12.4758	2282
12.4839	2282
12.4839	2282
12.4902	2282
12.4979	2282
12.4989	2282
12.5055	2282
12.5122	2282
12.5122	2282
12.52	2282
12.5267	2282
12.5277	2282
12.5338	2282
12.541	2282
12.542	2282
12.5472	2282
12.5544	2282
12.5554	2282
12.5616	2282
12.5711	2282
12.5711	2282
12.5774	2282
12.5869	2282
12.5869	2282
12.5927	2282
12.6023	2282
12.6023	2282
12.6085	2282
12.6181	2282
12.6181	2282
12.6272	2282
12.6334	2282
12.6334	2282
12.6425	2282
12.6492	2282
12.6492	2282
12.6583	2282
12.6646	2282
12.6646	2282
12.6708	2282
12.6775	2282
12.6775	2282
12.6832	2282
12.6899	2282
12.6899	2282
12.6986	2282
12.7053	2282
12.7053	2282
12.7115	2282
12.7206	2282
12.7206	2282
12.7255	2282
12.7302	2282
12.7312	2282
12.7369	2282
12.7426	2282
12.7426	2282
12.7517	2282
12.758	2282
12.758	2282
12.7642	2282
12.7704	2282
12.7704	2282
12.7767	2282
12.7829	2282
12.7829	2282
12.7891	2282
12.7953	2282
12.7953	2282
12.8016	2282
12.8078	2282
12.8078	2282
12.814	2282
12.8203	2282
12.8203	2282
12.8265	2282
12.8327	2282
12.8327	2282
12.8389	2282
12.8452	2282
12.8452	2282
12.8514	2282
12.861	2282
12.861	2282
12.8667	2282
12.8763	2282
12.8763	2282
12.8825	2282
12.8921	2282
12.8921	2282
12.9012	2282
12.9074	2282
12.9074	2282
12.9165	2282
12.9233	2282
12.9233	2282
12.9295	2282
12.9386	2282
12.9386	2282
12.9448	2282
12.951	2282
12.951	2282
12.9573	2282
12.964	2282
12.964	2282
12.9726	2282
12.9793	2282
12.9793	2282
12.9855	2282
12.9946	2282
12.9946	2282
13.0009	2282
13.0071	2282
13.0071	2282
13.0133	2282
13.0195	2282
13.0195	2282
13.0287	2282
13.0354	2282
13.0354	2282
13.0411	2282
13.0507	2282
13.0507	2282
13.0569	2282
13.0631	2282
13.0631	2282
13.0694	2282
13.0756	2282
13.0756	2282
13.0818	2282
13.0914	2282
13.0914	2282
13.0972	2282
13.1039	2282
13.1039	2282
13.1096	2282
13.1163	2282
13.1163	2282
13.1221	2282
13.1317	2282
13.1317	2282
13.1379	2282
13.1446	2282
13.1446	2282
13.1532	2282
13.1628	2282
13.1628	2282
13.1671	2282
13.1752	2282
13.1752	2282
13.1844	2282
13.1911	2282
13.1911	2282
13.2126	2179
13.2222	2179
13.2222	2179
13.2279	2179
13.2347	2179
13.2347	2179
13.2409	2179
13.25	2179
13.25	2179
13.2591	2179
13.2658	2179
13.2658	2179
13.2715	2179
13.2811	2179
13.2811	2179
13.2874	2179
13.2936	2179
13.2946	2179
13.3018	2179
13.308	2179
13.309	2179
13.3161	2179
13.3238	2179
13.3248	2179
13.3316	2179
13.3382	2179
13.3392	2179
13.3464	2179
13.3536	2179
13.3546	2179
13.3607	2179
13.3674	2179
13.3684	2179
13.3752	2179
13.3828	2179
13.3838	2179
13.3903	2179
13.3952	2179
13.3962	2179
13.4015	2179
13.4067	2179
13.4077	2179
13.4129	2179
13.4181	2179
13.4181	2179
13.4234	2179
13.4292	2179
13.4292	2179
13.4359	2179
13.4407	2179
13.4407	2179
13.4463	2179
13.4513	2179
13.4523	2179
13.4575	2179
13.4627	2179
13.4637	2179
13.4687	2179
13.4771	2179
13.4771	2179
13.4866	2179
13.4929	2179
13.4929	2179
13.4991	2179
13.5053	2179
13.5053	2179
13.5149	2179
13.524	2179
13.524	2179
13.5302	2179
13.5365	2179
13.5365	2179
13.5461	2179
13.5518	2179
13.5518	2179
13.5614	2179
13.5676	2179
13.5676	2179
13.5738	2179
13.5801	2179
13.5801	2179
13.5896	2179
13.5954	2179
13.5954	2179
13.605	2179
13.6112	2179
13.6112	2179
13.6208	2179
13.6265	2179
13.6265	2179
13.6332	2179
13.639	2179
13.639	2179
13.6486	2179
13.6548	2179
13.6548	2179
13.661	2179
13.6673	2179
13.6673	2179
13.6735	2179
13.6797	2179
13.6797	2179
13.6859	2179
13.6922	2179
13.6922	2179
13.6984	2179
13.7046	2179
13.7046	2179
13.7109	2179
13.7171	2179
13.7171	2179
13.7233	2179
13.7295	2179
13.7295	2179
13.7349	2179
13.7408	2179
13.7408	2179
13.7463	2179
13.7511	2179
13.7511	2179
13.7607	2179
13.7669	2179
13.7669	2179
13.7731	2179
13.7822	2179
13.7822	2179
13.7918	2179
13.798	2179
13.798	2179
13.8076	2179
13.8139	2179
13.8139	2179
13.8201	2179
13.8321	2179
13.8321	2179
13.8388	2179
13.8445	2179
13.8445	2179
13.8493	2179
13.857	2179
13.857	2179
13.8637	2179
13.8694	2179
13.8694	2179
13.8761	2179
13.8819	2179
13.8819	2179
13.8886	2179
13.8943	2179
13.8943	2179
13.901	2179
13.9068	2179
13.9068	2179
13.9135	2179
13.9193	2179
13.9193	2179
13.926	2179
13.9317	2179
13.9317	2179
13.9365	2179
13.9423	2179
13.9423	2179
13.9485	2179
13.9537	2179
13.9537	2179
13.96	2179
13.9662	2179
13.9662	2179
13.9724	2179
13.9787	2179
13.9787	2179
13.9849	2179
13.9911	2179
13.9911	2179
13.9973	2179
14.0036	2179
14.0036	2179
14.0098	2179
14.0189	2179
14.0189	2179
14.0256	2179
14.0314	2179
14.0314	2179
14.0409	2179
14.05	2179
14.05	2179
14.0567	2179
14.0659	2179
14.0659	2179
14.0721	2179
14.0783	2179
14.0783	2179
14.0879	2179
14.0936	2179
14.0936	2179
14.1032	2179
14.1076	2179
14.1076	2179
14.1157	2179
14.1219	2179
14.1229	2179
14.1291	2179
14.1364	2179
14.1374	2179
14.1441	2179
14.1517	2179
14.1527	2179
14.1594	2179
14.1669	2179
14.1679	2179
14.1746	2179
14.1812	2179
14.1822	2179
14.1882	2179
14.1957	2179
14.1966	2179
14.204	2179
14.2101	2179
14.2111	2179
14.2183	2179
14.2236	2179
14.2246	2179
14.2298	2179
14.234	2179
14.235	2179
14.24	2179
14.246	2179
14.2469	2179
14.2519	2179
14.2576	2179
14.2576	2179
14.2623	2179
14.268	2179
14.268	2179
14.2747	2179
14.2805	2179
14.2805	2179
14.2901	2179
14.2963	2179
14.2963	2179
14.3025	2179
14.3116	2179
14.3116	2179
14.3212	2179
14.3274	2179
14.3274	2179
14.337	2179
14.3428	2179
14.3428	2179
14.3495	2179
14.3586	2179
14.3586	2179
14.3648	2179
14.3739	2179
14.3739	2179
14.3783	2179
14.3864	2179
14.3864	2179
14.3931	2179
14.3993	2179
14.3993	2179
14.4084	2179
14.4146	2179
14.4146	2179
14.4242	2179
14.43	2179
14.43	2179
14.4395	2179
14.4458	2179
14.4458	2179
14.452	2179
14.4582	2179
14.4582	2179
14.4678	2179
14.4735	2179
14.4735	2179
14.4803	2179
14.4894	2179
14.4894	2179
14.4956	2179
14.5018	2179
14.5018	2179
14.508	2179
14.5139	2179
14.5139	2179
14.5196	2179
14.5244	2179
14.5254	2179
14.5301	2179
14.5358	2179
14.5368	2179
14.5425	2179
14.5919	1810
14.5919	1810
14.5986	1810
14.6077	1810
14.6077	1810
14.6149	1810
14.6201	1810
14.6211	1810
14.6297	1810
14.6355	1810
14.6365	1810
14.6451	1810
14.6513	1810
14.6523	1810
14.6585	1810
14.6647	1810
14.6657	1810
14.6714	1810
14.6791	1810
14.6791	1810
14.6868	1810
14.6949	1810
14.6949	1810
14.7011	1810
14.7102	1810
14.7102	1810
14.7179	1810
14.7237	1810
14.7247	1810
14.7304	1810
14.7385	1810
14.7385	1810
14.7457	1810
14.7538	1810
14.7538	1810
14.7605	1810
14.7667	1810
14.7677	1810
14.7758	1810
14.7821	1810
14.7821	1810
14.7893	1810
14.7955	1810
14.7965	1810
14.8028	1810
14.809	1810
14.81	1810
14.8152	1810
14.8224	1810
14.8234	1810
14.8477	1810
14.8535	1810
14.8535	1810
14.863	1810
14.8693	1810
14.8693	1810
14.8755	1810
14.8846	1810
14.8846	1810
14.8913	1810
14.8971	1810
14.8971	1810
14.9066	1810
14.9129	1810
14.9129	1810
14.9191	1810
14.9253	1810
14.9253	1810
14.9349	1810
14.9406	1810
14.9406	1810
14.9502	1810
14.9585	1810
14.9595	1810
14.9677	1810
14.9765	1810
14.9775	1810
14.9852	1810
14.9939	1810
14.9959	1810
15.0034	1810
15.0112	1810
15.0122	1810
15.0216	1810
15.0293	1810
15.0303	1810
15.0398	1810
15.0475	1810
15.0485	1810
15.0561	1810
15.0638	1810
15.0648	1810
15.0707	1810
15.0767	1810
15.0777	1810
15.0834	1810
15.0894	1810
15.0901	1810
15.0968	1810
15.1031	1810
15.1041	1810
15.1102	1810
15.1162	1810
15.1172	1810
15.1236	1810
15.1296	1810
15.1306	1810
15.1374	1810
15.1434	1810
15.1444	1810
15.1506	1810
15.1568	1810
15.1578	1810
15.164	1810
15.1697	1810
15.1707	1810
15.1773	1810
15.1833	1810
15.1849	1810
15.1909	1810
15.197	1810
15.198	1810
15.2037	1810
15.2107	1810
15.2107	1810
15.2171	1810
15.2234	1810
15.2244	1810
15.2301	1810
15.2367	1810
15.2377	1810
15.2437	1810
15.2506	1810
15.2516	1810
15.2575	1810
15.2636	1810
15.2646	1810
15.2712	1810
15.278	1810
15.279	1810
15.2847	1810
15.2909	1810
15.2919	1810
15.299	1810
15.3052	1810
15.3052	1810
15.3125	1810
15.3187	1810
15.3197	1810
15.3273	1810
15.333	1810
15.334	1810
15.3407	1810
15.3488	1810
15.3488	1810
15.355	1810
15.3613	1810
15.3623	1810
15.369	1810
15.3747	1810
15.3757	1810
15.3833	1810
15.3891	1810
15.3901	1810
15.3968	1810
15.4049	1810
15.4049	1810
15.4111	1810
15.4173	1810
15.4183	1810
15.4246	1810
15.4327	1810
15.4327	1810
15.4394	1810
15.4451	1810
15.4461	1810
15.4528	1810
15.4586	1810
15.4596	1810
15.4672	1810
15.4734	1810
15.4744	1810
15.4806	1810
15.4868	1810
15.4878	1810
15.4954	1810
15.5012	1810
15.5022	1810
15.5089	1810
15.5146	1810
15.5156	1810
15.5232	1810
15.5294	1810
15.5304	1810
15.5367	1810
15.5448	1810
15.5448	1810
15.5515	1810
15.5572	1810
15.5582	1810
15.5668	1810
15.573	1810
15.573	1810
15.5807	1810
15.5884	1810
15.5884	1810
15.5951	1810
15.6018	1810
15.6028	1810
15.6104	1810
15.6166	1810
15.6176	1810
15.6239	1810
15.6291	1810
15.6301	1810
15.6387	1810
15.6444	1810
15.6454	1810
15.6511	1810
15.6573	1810
15.6583	1810
15.6664	1810
15.6756	1810
15.6756	1810
15.6823	1810
15.688	1810
15.688	1810
15.6947	1810
15.7038	1810
15.7038	1810
15.71	1810
15.7163	1810
15.7163	1810
15.7259	1810
15.7316	1810
15.7316	1810
15.7383	1810
15.7474	1810
15.7474	1810
15.7536	1810
15.7599	1810
15.7599	1810
15.7694	1810
15.7752	1810
15.7752	1810
15.7819	1810
15.7891	1810
15.7901	1810
15.7982	1810
15.8073	1810
15.8083	1810
15.816	1810
15.8248	1810
15.8264	1810
15.8344	1810
15.8428	1810
15.8438	1810
15.8529	1810
15.8606	1810
15.8616	1810
15.8701	1810
15.8782	1810
15.8792	1810
15.8879	1810
15.8947	1810
15.8957	1810
15.9012	1810
15.9075	1810
15.9085	1810
15.9146	1810
15.9206	1810
15.9216	1810
15.9275	1810
15.9345	1810
15.9355	1810
15.9411	1810
15.9477	1810
15.9487	1810
15.9549	1810
15.9602	1810
15.9612	1810
15.9682	1810
15.975	1810
15.976	1810
15.9817	1810
15.9877	1810
15.9888	1810
15.9948	1810
16.0004	1810
16.0014	1810
16.009	1810
16.0181	1810
16.0181	1810
16.0258	1810
16.0339	1810
16.0339	1810
16.0435	1810
16.0497	1810
16.0507	1810
16.0622	1810
16.0713	1810
16.0713	1810
16.0808	1810
16.09	1810
16.09	1810
16.0995	1810
16.1086	1810
16.1086	1810
16.1159	1810
16.124	1810
16.124	1810
16.1335	1810
16.1398	1810
16.1408	1810
16.146	1810
16.1522	1810
16.1532	1810
16.1595	1810
16.1657	1810
16.1667	1810
16.1738	1810
16.1795	1810
16.1805	1810
16.1862	1810
16.193	1810
16.194	1810
16.1997	1810
16.2064	1810
16.2064	1810
16.2132	1810
16.2199	1810
16.2209	1810
16.2266	1810
16.2323	1810
16.2333	1810
16.2391	1810
16.2468	1810
16.2478	1810
16.2535	1810
16.2591	1810
16.2601	1810
16.2663	1810
16.2729	1810
16.2739	1810
16.2797	1810
16.2863	1810
16.2873	1810
16.2932	1810
16.2994	1810
16.3004	1810
16.3079	1810
16.317	1810
16.317	1810
16.3247	1810
16.3328	1810
16.3328	1810
16.3424	1810
16.3482	1810
16.3492	1810
16.3578	1810
16.3669	1810
16.3669	1810
16.3736	1810
16.3793	1810
16.3803	1810
16.386	1810
16.3951	1810
16.3951	1810
16.4024	1810
16.4105	1810
16.4105	1810
16.4172	1810
16.4239	1810
16.4249	1810
16.4325	1810
16.4388	1810
16.4398	1810
16.4459	1810
16.4512	1810
16.4522	1810
16.4608	1810
16.4665	1810
16.4675	1810
16.4732	1810
16.4794	1810
16.4804	1810
16.4885	1810
16.4948	1810
16.4958	1810
16.5044	1810
16.5101	1810
16.5101	1810
16.5168	1810
16.5259	1810
16.5259	1810
16.5321	1810
16.5384	1810
16.5384	1810
16.5479	1810
16.5537	1810
16.5537	1810
16.5633	1810
16.5724	1810
16.5724	1810
16.5791	1810
16.5882	1810
16.5882	1810
16.5944	1810
16.6035	1810
16.6035	1810
16.6131	1810
16.6213	1810
16.6223	1810
16.6309	1810
16.6394	1810
16.6404	1810
16.6484	1810
16.6565	1810
16.6581	1810
16.6668	1810
16.6745	1810
16.6755	1810
16.6846	1810
16.6928	1810
16.6938	1810
16.7027	1810
16.7106	1810
16.7116	1810
16.72	1810
16.7262	1810
16.7272	1810
16.7334	1810
16.7394	1810
16.7404	1810
16.7463	1810
16.7521	1810
16.7531	1810
16.7593	1739
16.7666	1739
16.7676	1739
16.7737	1739
16.7804	1739
16.7814	1739
16.7875	1739
16.7947	1739
16.7957	1739
16.8028	1739
16.8095	1739
16.8095	1739
16.8186	1739
16.8282	1739
16.8282	1739
16.836	1739
16.8435	1739
16.8435	1739
16.8508	1739
16.8593	1739
16.8593	1739
16.8685	1739
16.8752	1739
16.8752	1739
16.8838	1739
16.8934	1739
16.8934	1739
16.9025	1739
16.912	1739
16.912	1739
16.9193	1739
16.9279	1739
16.9279	1739
16.937	1739
16.9465	1739
16.9465	1739
16.9538	1739
16.9623	1739
16.9623	1739
16.971	1739
16.9777	1739
16.9777	1739
16.9868	1739
16.993	1739
16.993	1739
17.0002	1739
17.0088	1739
17.0088	1739
17.0156	1739
17.0242	1739
17.0242	1739
17.0315	1739
17.0376	1739
17.0386	1739
17.0457	1739
17.0524	1739
17.0524	1739
17.0596	1739
17.0677	1739
17.0677	1739
17.0769	1739
17.0836	1739
17.0836	1739
17.0927	1739
17.1022	1739
17.1022	1739
17.11	1739
17.1176	1739
17.1176	1739
17.1248	1739
17.1334	1739
17.1334	1739
17.1425	1739
17.1549	1739
17.1549	1739
17.164	1739
17.1736	1739
17.1736	1739
17.1827	1739
17.1923	1739
17.1923	1739
17.2014	1739
17.211	1739
17.211	1739
17.2172	1739
17.2268	1739
17.2268	1739
17.233	1739
17.2421	1739
17.2421	1739
17.2512	1739
17.2579	1739
17.2589	1739
17.267	1739
17.2737	1739
17.2747	1739
17.2824	1739
17.2891	1739
17.2891	1739
17.2968	1739
17.3025	1739
17.3035	1739
17.3103	1739
17.317	1739
17.318	1739
17.3245	1739
17.3304	1739
17.3314	1739
17.3386	1739
17.3438	1739
17.3448	1739
17.349	1739
17.3547	1739
17.3557	1739
17.3633	1739
17.37	1739
17.37	1739
17.3758	1739
17.3825	1739
17.3825	1739
17.3887	1739
17.3978	1739
17.3978	1739
17.4069	1739
17.4165	1739
17.4165	1739
17.4256	1739
17.4323	1739
17.4323	1739
17.4414	1739
17.451	1739
17.452	1739
17.4602	1739
17.4698	1739
17.4708	1739
17.4794	1739
17.488	1739
17.489	1739
17.4989	1739
17.5068	1739
17.5078	1739
17.5162	1739
17.5252	1739
17.5263	1739
17.536	1739
17.5431	1739
17.5453	1739
17.5513	1739
17.5575	1739
17.5585	1739
17.5651	1739
17.5719	1739
17.5726	1739
17.5794	1739
17.5857	1739
17.5867	1739
17.5939	1739
17.5991	1739
17.6001	1739
17.6077	1739
17.6135	1739
17.6145	1739
17.6212	1739
17.6272	1739
17.6282	1739
17.6345	1739
17.6417	1739
17.6427	1739
17.6483	1739
17.6553	1739
17.6563	1739
17.6624	1739
17.67	1739
17.671	1739
17.6781	1739
17.6843	1739
17.6853	1739
17.6934	1739
17.703	1739
17.703	1739
17.7121	1739
17.7217	1739
17.7217	1739
17.7289	1739
17.7404	1739
17.7404	1739
17.7495	1739
17.7562	1739
17.7562	1739
17.7653	1739
17.7749	1739
17.7749	1739
17.784	1739
17.7935	1739
17.7935	1739
17.8003	1739
17.806	1739
17.807	1739
17.8151	1739
17.8218	1739
17.8228	1739
17.8304	1739
17.8371	1739
17.8371	1739
17.8462	1739
17.8525	1739
17.8535	1739
17.8597	1739
17.8683	1739
17.8683	1739
17.875	1739
17.8836	1739
17.8836	1739
17.8908	1739
17.8965	1739
17.8975	1739
17.9052	1739
17.9119	1739
17.9129	1739
17.921	1739
17.9272	1739
17.9272	1739
17.9363	1739
17.943	1739
17.943	1739
17.9521	1739
17.9617	1739
17.9617	1739
17.9708	1739
17.9775	1739
17.9775	1739
17.9861	1739
17.9957	1739
17.9957	1739
18.0048	1739
18.0144	1739
18.0144	1739
18.0235	1739
18.0302	1739
18.0302	1739
18.0393	1739
18.0489	1739
18.0489	1739
18.0551	1739
18.0642	1739
18.0642	1739
18.0733	1739
18.08	1739
18.08	1739
18.0891	1739
18.0954	1739
18.0964	1739
18.1045	1739
18.1112	1739
18.1112	1739
18.1189	1739
18.1265	1739
18.1265	1739
18.1356	1739
18.1423	1739
18.1423	1739
18.1514	1739
18.1576	1739
18.1586	1739
18.1668	1739
18.1735	1739
18.1735	1739
18.1826	1739
18.1888	1739
18.1888	1739
18.1979	1739
18.2046	1739
18.2046	1739
18.2137	1739
18.2233	1739
18.2233	1739
18.2324	1739
18.2386	1739
18.2386	1739
18.2477	1739
18.2573	1739
18.2573	1739
18.2664	1739
18.276	1739
18.277	1739
18.2851	1739
18.3196	1587
18.3206	1587
18.3292	1587
18.3393	1587
18.3403	1587
18.3505	1587
18.3593	1587
18.3613	1587
18.3704	1587
18.3791	1587
18.3811	1587
18.3887	1587
18.3953	1587
18.3963	1587
18.4035	1587
18.4102	1587
18.4112	1587
18.4189	1587
18.4256	1587
18.4266	1587
18.4337	1587
18.4409	1587
18.4419	1587
18.4494	1587
18.4564	1587
18.4574	1587
18.4643	1587
18.4713	1587
18.4729	1587
18.4796	1587
18.4866	1587
18.4876	1587
18.495	1587
18.5012	1587
18.5022	1587
18.5108	1587
18.5175	1587
18.5185	1587
18.5251	1587
18.5323	1587
18.5333	1587
18.5403	1587
18.5473	1587
18.5483	1587
18.5554	1587
18.5626	1587
18.5636	1587
18.572	1587
18.5812	1587
18.5822	1587
18.5907	1587
18.5998	1587
18.6008	1587
18.6094	1587
18.6166	1587
18.6176	1587
18.6247	1587
18.6339	1587
18.6349	1587
18.6416	1587
18.6497	1587
18.6507	1587
18.6579	1587
18.665	1587
18.666	1587
18.6727	1587
18.6808	1587
18.6818	1587
18.6904	1587
18.6971	1587
18.6981	1587
18.7057	1587
18.7129	1587
18.7139	1587
18.7215	1587
18.7283	1587
18.7293	1587
18.7369	1587
18.7431	1587
18.7441	1587
18.7527	1587
18.7594	1587
18.7604	1587
18.768	1587
18.7742	1587
18.7752	1587
18.7838	1587
18.7906	1587
18.7916	1587
18.7991	1587
18.8082	1587
18.8092	1587
18.8178	1587
18.8269	1587
18.8279	1587
18.8365	1587
18.8437	1587
18.8447	1587
18.8523	1587
18.8595	1587
18.8605	1587
18.8676	1587
18.8767	1587
18.8777	1587
18.8863	1587
18.8936	1587
18.8946	1587
18.9021	1587
18.9099	1587
18.9109	1587
18.9175	1587
18.9266	1587
18.9276	1587
18.9343	1587
18.9424	1587
18.9434	1587
18.9501	1587
18.9577	1587
18.9587	1587
18.9673	1587
18.9745	1587
18.9755	1587
18.9831	1587
18.9908	1587
18.9918	1587
18.9984	1587
19.0047	1587
19.0047	1587
19.0142	1587
19.0233	1587
19.0233	1587
19.0296	1587
19.0387	1587
19.0387	1587
19.0483	1587
19.0574	1587
19.0574	1587
19.0669	1587
19.0732	1587
19.0732	1587
19.0827	1587
19.089	1587
19.089	1587
19.0981	1587
19.1072	1587
19.1082	1587
19.1188	1587
19.128	1587
19.1296	1587
19.1386	1587
19.1484	1587
19.1494	1587
19.158	1587
19.1686	1587
19.1696	1587
19.1794	1587
19.1881	1587
19.1901	1587
19.1997	1587
19.2098	1587
19.2106	1587
19.2175	1587
19.2246	1587
19.2256	1587
19.2322	1587
19.24	1587
19.241	1587
19.2475	1587
19.2548	1587
19.2558	1587
19.2624	1587
19.2704	1587
19.2714	1587
19.2782	1587
19.2852	1587
19.2862	1587
19.2938	1587
19.3004	1587
19.3014	1587
19.3085	1587
19.3152	1587
19.3162	1587
19.3233	1587
19.3309	1587
19.3329	1587
19.3391	1587
19.3467	1587
19.3477	1587
19.3547	1587
19.3617	1587
19.3627	1587
19.3692	1587
19.3783	1587
19.3793	1587
19.3879	1587
19.397	1587
19.398	1587
19.4066	1587
19.4157	1587
19.4167	1587
19.4282	1587
19.4373	1587
19.4383	1587
19.4502	1587
19.4593	1587
19.4603	1587
19.4689	1587
19.4751	1587
19.4761	1587
19.4876	1587
19.4967	1587
19.4977	1587
19.5049	1587
19.512	1587
19.513	1587
19.5216	1587
19.5431	1502
19.5441	1502
19.5527	1502
19.5599	1502
19.5609	1502
19.5685	1502
19.5753	1502
19.5763	1502
19.585	1502
19.5915	1502
19.5925	1502
19.6002	1502
19.6078	1502
19.6088	1502
19.617	1502
19.6232	1502
19.6242	1502
19.6323	1502
19.639	1502
19.641	1502
19.6483	1502
19.6564	1502
19.6574	1502
19.6645	1502
19.6722	1502
19.6732	1502
19.6803	1502
19.6889	1502
19.6899	1502
19.6963	1502
19.7042	1502
19.7052	1502
19.7123	1502
19.7209	1502
19.7219	1502
19.7299	1502
19.7367	1502
19.7377	1502
19.7457	1502
19.7528	1502
19.7538	1502
19.7615	1502
19.7685	1502
19.7695	1502
19.7773	1502
19.7842	1502
19.7852	1502
19.7931	1502
19.801	1502
19.803	1502
19.8091	1502
19.8173	1502
19.8183	1502
19.8254	1502
19.834	1502
19.835	1502
19.8402	1502
19.8488	1502
19.8488	1502
19.8579	1502
19.8675	1502
19.8675	1502
19.8732	1502
19.8828	1502
19.8828	1502
19.889	1502
19.8986	1502
19.8986	1502
19.9077	1502
19.9173	1502
19.9173	1502
19.923	1502
19.9326	1502
19.9336	1502
19.9437	1502
19.9533	1502
19.9543	1502
19.9641	1502
19.9741	1502
19.9761	1502
19.9868	1502
19.9966	1502
19.9976	1502
