0.01	0
0.01	0
0.01	0
0.01	0
0.01	0
0.01	0
0.01	0
0.01	0
0.01	0
0.01	0
0.01	0
0.013	0
0.013	0
0.017	0
0.113192	108
0.114192	108
0.124657	427
0.133841	685
0.134713	759
0.139057	835
0.144929	908
0.144929	908
0.149929	908
0.153929	908
0.154929	908
0.158929	908
0.162929	908
0.163929	908
0.167929	908
0.171929	908
0.172929	908
0.176929	908
0.181929	908
0.181929	908
0.185929	908
0.190929	908
0.190929	908
0.195929	908
0.199929	908
0.200929	908
0.204929	908
0.208929	908
0.209929	908
0.213797	1052
0.217389	1149
0.217389	1149
0.221389	1149
0.227853	1149
0.227853	1149
0.230853	1149
0.237909	1149
0.237909	1149
0.240909	1149
0.244253	1149
0.244253	1149
0.248501	1149
0.251501	1149
0.252501	1149
0.255533	1149
0.258125	1149
0.259125	1149
0.262125	1149
0.266533	1149
0.266533	1149
0.269125	1149
0.273533	1149
0.273533	1149
0.277125	1149
0.280125	1149
0.281125	1149
0.284533	1149
0.287501	1149
0.288501	1149
0.291501	1149
0.295209	1149
0.295209	1149
0.299125	1149
0.302533	1149
0.303533	1149
0.306125	1149
0.309125	1149
0.310245	1155
0.313213	1192
0.316213	1192
0.317213	1192
0.320805	2262
0.322773	2299
0.322773	2299
0.324773	2299
0.326773	2299
0.326773	2299
0.328517	2299
0.329517	2299
0.329517	2299
0.331517	2299
0.333237	2315
0.333237	2315
0.335205	2354
0.336205	2354
0.337205	2354
0.338077	2392
0.340077	2392
0.340077	2392
0.344765	2482
0.345765	2482
0.345765	2482
0.350509	2482
0.351885	2482
0.351885	2482
0.353853	2508
0.354853	2508
0.355853	2508
0.359597	2508
0.360973	2508
0.360973	2508
0.363413	2519
0.364413	2519
0.364413	2519
0.369157	2519
0.370533	2519
0.370533	2519
0.375373	2519
0.376373	2519
0.376373	2519
0.378245	2519
0.379245	2519
0.380245	2519
0.384933	2519
0.385933	2519
0.385933	2519
0.387805	2519
0.388805	2519
0.389805	2519
0.394025	2519
0.395025	2519
0.395025	2519
0.397899	2519
0.398899	2519
0.399899	2519
0.403591	2519
0.404591	2519
0.404591	2519
0.406465	2519
0.407465	2519
0.408465	2519
0.412685	2519
0.413685	2519
0.413685	2519
0.416031	2519
0.417031	2519
0.417031	2519
0.422251	2519
0.423251	2519
0.423251	2519
0.425125	2519
0.426125	2519
0.427125	2519
0.431345	2519
0.432345	2519
0.432345	2519
0.434691	2519
0.435691	2519
0.436691	2519
0.440911	2519
0.441911	2519
0.441911	2519
0.446657	2519
0.447035	2519
0.447035	2519
0.450005	2519
0.451005	2519
0.451005	2519
0.456223	2519
0.457601	2519
0.457601	2519
0.459571	2519
0.460571	2519
0.461571	2519
0.462445	2519
0.464823	2519
0.464823	2519
0.465793	2534
0.467793	2534
0.467793	2534
0.471539	2534
0.474887	2570
0.474887	2570
0.475887	2570
0.477761	2594
0.477761	2594
0.484453	2617
0.485453	2617
0.485453	2617
0.487327	2617
0.490675	2649
0.490675	2649
0.491675	2649
0.493549	2649
0.496799	2649
0.499769	2649
0.502643	2670
0.503021	2670
0.505991	2701
0.506991	2701
0.512209	2701
0.513587	2701
0.515557	2704
0.521303	2704
0.522681	2704
0.524651	2704
0.530869	2704
0.531247	2704
0.534217	2704
0.537091	2704
0.540341	2704
0.543311	2704
0.546185	2730
0.547185	2730
0.549907	2730
0.552877	2730
0.555751	2747
0.559001	2747
0.561971	2747
0.564845	2747
0.565223	2747
0.568193	2747
0.574411	2747
0.575789	2747
0.577759	2754
0.583505	2754
0.584883	2754
0.586853	2754
0.593071	2754
0.594449	2754
0.596419	2754
0.599293	2754
0.602543	2754
0.605513	2754
0.608859	2766
0.609859	2766
0.609859	2766
0.615079	2766
0.617953	2766
0.617953	2766
0.621301	2766
0.627047	2766
0.627047	2766
0.630395	2771
0.636617	2771
0.636617	2771
0.639965	2771
0.645713	2771
0.645713	2771
0.649061	2771
0.651935	2780
0.651935	2780
0.655757	2788
0.661505	2788
0.661505	2788
0.664853	2800
0.665853	2800
0.665853	2800
0.670601	2800
0.673949	2800
0.673949	2800
0.680171	2800
0.683519	2800
0.683519	2800
0.686393	2819
0.689741	2842
0.689741	2842
0.690741	2842
0.695489	2842
0.695489	2842
0.698837	2842
0.701711	2860
0.701711	2860
0.705059	2860
0.711281	2860
0.711281	2860
0.714629	2860
0.717503	2860
0.717503	2860
0.720851	2860
0.723725	2860
0.723725	2860
0.727073	2860
0.732821	2870
0.732821	2870
0.736169	2870
0.739043	2870
0.739043	2870
0.745739	2870
0.751487	2870
0.751487	2870
0.754835	2870
0.757709	2870
0.757709	2870
0.764405	2870
0.767279	2870
0.767279	2870
0.773501	2870
0.779723	2870
0.779723	2870
0.783071	2870
0.785945	2870
0.785945	2870
0.795515	2870
0.798389	2870
0.798389	2870
0.804611	2870
0.807485	2870
0.807485	2870
0.814181	2870
0.817055	2870
0.817055	2870
0.823277	2870
0.829499	2870
0.829499	2870
0.832847	2870
0.835721	2870
0.835721	2870
0.845291	2870
0.848165	2870
0.848165	2870
0.857735	2870
0.860609	2870
0.860609	2870
0.866831	2870
0.873053	2870
0.873053	2870
0.876401	2870
0.885497	2870
0.885497	2870
0.888845	2870
0.897941	2870
0.897941	2870
0.901289	2870
0.907037	2870
0.907037	2870
0.913733	2870
0.916607	2870
0.916607	2870
0.919955	2870
0.926562	2870
0.929532	2870
0.929532	2870
0.933262	2870
0.936232	2870
0.94198	2870
0.94198	2870
0.948676	2870
0.95155	2870
0.95155	2870
0.958246	2870
0.96112	2870
0.96112	2870
0.967729	2870
0.968729	2870
0.970701	2870
0.976453	2870
0.976453	2870
0.979809	2870
0.980809	2870
0.983063	2870
0.986035	2870
0.992259	2870
0.995513	2870
0.998489	2870
0.999869	2870
1.00087	2870
1.00223	2870
1.00323	2870
1.00323	2870
1.0052	2870
1.01095	2870
1.01133	2870
1.0143	2870
1.01718	2870
1.0209	2870
1.02388	2870
1.02675	2870
1.03001	2870
1.03298	2870
1.03336	2870
1.03633	2870
1.03633	2870
1.03921	2870
1.04591	2870
1.04629	2870
1.04629	2870
1.04927	2870
1.05214	2870
1.05214	2870
1.05837	2870
1.06124	2870
1.06124	2870
1.0646	2870
1.06747	2870
1.06747	2870
1.07082	2870
1.07705	2870
1.07705	2870
1.0804	2870
1.08615	2870
1.08615	2870
1.0895	2870
1.09573	2870
1.09573	2870
1.09908	2870
1.10483	2870
1.10483	2870
1.10818	2870
1.1144	2870
1.1144	2870
1.12063	2870
1.12351	2870
1.12351	2870
1.13021	2870
1.13596	2870
1.13596	2870
1.13931	2870
1.14553	2870
1.14553	2870
1.14888	2870
1.15463	2870
1.15463	2870
1.16133	2870
1.16708	2870
1.16708	2870
1.17044	2870
1.17331	2870
1.17331	2870
1.18289	2870
1.18576	2870
1.18576	2870
1.19534	2870
1.19821	2870
1.19821	2870
1.20491	2870
1.21066	2870
1.21066	2870
1.21401	2870
1.22024	2870
1.22024	2870
1.22599	2870
1.22934	2870
1.22934	2870
1.23557	2870
1.24132	2870
1.2417	2870
1.24467	2870
1.25089	2870
1.25415	2870
1.25712	2870
1.26	2870
1.26038	2870
1.26335	2870
1.27245	2870
1.27533	2870
1.27821	2870
1.28193	2870
1.28491	2870
1.29066	2870
1.29104	2870
1.29204	2870
1.30397	2870
1.30497	2870
1.30597	2870
1.30982	2870
1.31082	2870
1.3127	2870
1.31308	2870
1.31308	2870
1.31653	2870
1.31748	2870
1.32036	2870
1.32036	2870
1.32658	2870
1.32993	2870
1.32993	2870
1.33616	2870
1.34286	2870
1.34286	2870
1.34574	2870
1.34613	2870
1.3491	2870
1.3491	2870
1.35198	2870
1.35236	2870
1.35533	2870
1.35533	2870
1.36156	2870
1.36779	2870
1.36879	2870
1.36879	2870
1.37402	2870
1.3769	2870
1.3769	2870
1.38025	2870
1.38312	2870
1.38312	2870
1.38648	2870
1.39223	2870
1.39223	2870
1.39845	2870
1.40133	2870
1.40133	2870
1.40803	2870
1.4109	2870
1.4109	2870
1.41426	2870
1.41713	2870
1.41713	2870
1.42383	2870
1.42671	2870
1.42671	2870
1.43293	2870
1.43868	2870
1.43868	2870
1.44251	2870
1.44539	2870
1.44539	2870
1.45449	2870
1.45784	2870
1.45784	2870
1.46406	2870
1.46981	2870
1.46981	2870
1.47651	2870
1.47939	2870
1.47939	2870
1.48897	2870
1.48935	2870
1.49232	2870
1.49232	2870
1.49854	2870
1.50477	2870
1.50477	2870
1.51052	2870
1.51387	2870
1.51387	2870
1.51722	2870
1.52632	2870
1.52632	2870
1.5292	2870
1.5359	2870
1.5359	2870
1.54165	2870
1.54835	2870
1.54835	2870
1.55122	2870
1.55745	2870
1.55745	2870
1.5608	2870
1.56702	2870
1.56702	2870
1.57277	2870
1.57947	2870
1.57947	2870
1.58235	2870
1.58858	2870
1.58858	2870
1.5948	2870
1.59768	2870
1.59768	2870
1.60438	2870
1.60726	2870
1.60726	2870
1.61014	2870
1.61877	2870
1.62165	2870
1.62203	2870
1.62303	2870
1.62501	2870
1.62601	2870
1.62789	2870
1.62874	2870
1.63985	2870
1.65178	2870
1.65278	2870
1.66472	2870
1.67545	2870
1.68692	2870
1.69824	2870
1.70945	2870
1.72019	2870
1.73285	2870
1.74305	2870
1.75488	2870
1.75685	2870
1.76708	2870
1.77954	2870
1.78029	2870
1.79275	2870
1.80333	2870
1.8052	2870
1.81643	2870
1.82714	2870
1.82914	2870
1.8407	2870
1.8518	2870
1.85306	2870
1.86413	2870
1.87609	2870
1.87706	2870
1.88904	2870
1.90063	2870
1.9025	2870
1.91311	2870
1.92497	2619
1.92594	2619
1.92981	2619
1.93481	2619
1.93481	2619
1.93993	2619
1.94369	2619
1.94469	2619
1.94857	2619
1.95233	2619
1.95333	2619
1.9572	2619
1.96134	2619
1.96234	2619
1.96634	2619
1.97107	2619
1.97107	2619
1.97631	2619
1.98018	2619
1.98018	2619
1.98542	2619
1.98929	2619
1.99029	2619
1.99453	2619
1.99853	2619
1.99953	2619
2.00328	2619
2.00851	2619
2.00851	2619
2.01251	2619
2.01762	2619
2.01762	2619
2.02232	2619
2.02632	2619
2.02732	2619
2.03132	2619
2.03568	2619
2.03668	2619
2.04068	2619
2.044	2619
2.045	2619
2.04976	2619
2.05436	2619
2.05436	2619
2.05921	2619
2.06394	2619
2.06494	2619
2.06892	2619
2.07205	2619
2.07305	2619
2.07702	2619
2.08102	2619
2.08263	2619
2.0866	2619
2.09121	2619
2.09121	2619
2.09621	2619
2.10093	2619
2.10093	2619
2.10519	2619
2.10916	2619
2.11051	2619
2.11477	2619
2.11874	2619
2.11974	2619
2.12387	2619
2.12884	2619
2.12884	2619
2.13245	2619
2.13742	2619
2.13742	2619
2.14218	2619
2.14688	2619
2.14788	2619
2.15176	2619
2.15501	2619
2.15698	2619
2.16034	2619
2.16459	2619
2.16556	2619
2.16956	2619
2.17467	2619
2.17467	2619
2.17967	2619
2.18328	2619
2.18425	2619
2.18825	2619
2.19286	2619
2.19383	2619
2.19783	2619
2.20158	2619
2.20258	2619
2.20681	2619
2.21116	2619
2.21116	2619
2.21639	2619
2.22039	2619
2.22114	2619
2.22549	2619
2.22949	2619
2.23049	2619
2.23407	2619
2.23807	2619
2.23907	2619
2.24356	2619
2.24853	2619
2.24853	2619
2.25366	2619
2.25763	2619
2.25763	2619
2.26224	2619
2.26621	2619
2.26721	2619
2.27134	2619
2.27532	2619
2.27632	2619
2.28032	2619
2.2858	2619
2.2858	2619
2.28965	2619
2.29438	2619
2.29438	2619
2.29923	2619
2.30348	2619
2.30448	2619
2.30833	2619
2.31206	2619
2.31306	2619
2.31704	2619
2.32117	2619
2.32217	2619
2.32614	2619
2.33175	2619
2.33175	2619
2.3366	2619
2.34047	2619
2.34147	2619
2.3452	2619
2.34905	2619
2.35005	2619
2.35431	2619
2.35828	2619
2.35963	2619
2.36389	2619
2.36886	2619
2.36886	2619
2.37399	2619
2.37744	2619
2.37744	2619
2.38219	2619
2.38642	2619
2.38742	2619
2.3913	2619
2.39503	2619
2.397	2619
2.40088	2619
2.4051	2619
2.4051	2619
2.4091	2619
2.41468	2619
2.41468	2619
2.41968	2619
2.42379	2619
2.42479	2619
2.42879	2619
2.4324	2619
2.4334	2619
2.43724	2619
2.44112	2619
2.44212	2619
2.44682	2619
2.4517	2619
2.4517	2619
2.45693	2619
2.46093	2619
2.46116	2619
2.46551	2619
2.46951	2619
2.47026	2619
2.47409	2619
2.47809	2619
2.47909	2619
2.48322	2619
2.48807	2619
2.48807	2619
2.49368	2619
2.49765	2619
2.49852	2619
2.50278	2619
2.50675	2619
2.50775	2619
2.51136	2619
2.51533	2619
2.51633	2619
2.52008	2619
2.52544	2619
2.52544	2619
2.53066	2619
2.53492	2619
2.53492	2619
2.53977	2619
2.5435	2619
2.5445	2619
2.54835	2619
2.5526	2619
2.5536	2619
2.55758	2619
2.56218	2619
2.56218	2619
2.56616	2619
2.57129	2619
2.57129	2619
2.57626	2619
2.58049	2619
2.58149	2619
2.58572	2619
2.58959	2619
2.59059	2619
2.59432	2619
2.5983	2619
2.5993	2619
2.60343	2619
2.6084	2619
2.6084	2619
2.61301	2619
2.61798	2619
2.61898	2619
2.62259	2619
2.62656	2619
2.62756	2619
2.63131	2619
2.63554	2619
2.63654	2619
2.64042	2619
2.64512	2619
2.64512	2619
2.651	2619
2.65423	2619
2.65423	2619
2.65923	2619
2.66381	2619
2.66481	2619
2.66881	2619
2.67241	2619
2.67341	2619
2.67726	2619
2.68214	2619
2.68214	2619
2.68637	2619
2.69124	2619
2.69124	2619
2.69695	2619
2.70082	2619
2.70108	2619
2.70505	2619
2.70905	2619
2.71005	2619
2.71463	2619
2.71863	2619
2.71938	2619
2.72324	2619
2.72809	2619
2.72809	2619
2.73322	2619
2.73719	2619
2.73807	2619
2.7428	2619
2.74677	2619
2.74765	2619
2.7519	2619
2.75587	2619
2.75687	2619
2.7601	2619
2.76548	2619
2.76548	2619
2.77021	2619
2.77494	2619
2.77494	2619
2.77979	2619
2.78304	2619
2.78404	2619
2.78889	2619
2.79262	2619
2.79362	2619
2.79759	2619
2.80273	2619
2.80273	2619
2.8067	2619
2.81131	2619
2.81131	2619
2.81615	2619
2.82089	2619
2.82189	2619
2.82573	2619
2.82961	2619
2.83061	2619
2.83484	2619
2.83819	2619
2.83919	2619
2.84345	2619
2.84842	2619
2.84842	2619
2.85352	2619
2.85752	2619
2.85852	2619
2.86213	2619
2.86698	2619
2.86798	2619
2.87185	2619
2.87556	2619
2.87656	2619
2.88043	2619
2.88566	2619
2.88566	2619
2.89001	2619
2.89424	2619
2.89524	2619
2.89924	2619
2.90335	2619
2.90435	2619
2.90835	2619
2.91293	2619
2.91393	2619
2.91793	2619
2.92241	2619
2.92241	2619
2.92738	2619
2.93126	2619
2.93126	2619
2.93649	2619
2.94049	2619
2.94109	2619
2.94507	2619
2.94907	2619
2.9502	2619
2.95417	2619
2.95917	2619
2.95917	2619
2.96365	2619
2.9685	2619
2.9685	2619
2.97323	2619
2.97721	2619
2.97808	2619
2.98234	2619
2.98631	2619
2.98731	2619
2.99192	2619
2.99589	2619
2.99689	2619
3.00002	2619
3.00599	2619
3.00599	2619
3.0106	2619
3.01457	2619
3.01557	2619
3.01933	2619
3.02306	2619
3.02406	2619
3.02891	2619
3.03216	2619
3.03316	2619
3.03713	2619
3.04274	2619
3.04274	2619
3.04771	2619
3.05185	2619
3.05185	2619
3.05682	2619
3.06005	2619
3.06105	2619
3.06527	2619
3.06915	2619
3.07015	2619
3.07485	2619
3.07973	2619
3.07973	2619
3.08396	2619
3.08896	2619
3.08896	2619
3.09354	2619
3.09754	2619
3.09854	2619
3.10267	2619
3.10612	2619
3.10712	2619
3.11187	2619
3.1151	2619
3.1161	2619
3.12097	2619
3.12568	2619
3.12568	2619
3.13055	2619
3.13478	2619
3.13578	2619
3.13978	2619
3.14336	2619
3.14436	2619
3.14836	2619
3.15294	2619
3.15394	2619
3.15794	2619
3.16207	2619
3.16207	2619
3.1678	2619
3.17153	2619
3.17253	2619
3.1765	2619
3.18038	2619
3.18163	2619
3.18561	2619
3.18961	2619
3.19021	2619
3.19419	2619
3.19932	2619
3.19932	2619
3.20477	2619
3.20852	2619
3.20852	2619
3.21377	2619
3.21762	2619
3.21862	2619
3.22235	2619
3.22633	2619
3.2272	2619
3.23146	2619
3.23643	2619
3.23643	2619
3.24004	2619
3.24501	2619
3.24501	2619
3.25014	2619
3.25459	2619
3.25559	2619
3.25934	2619
3.2636	2619
3.26457	2619
3.26845	2619
3.27218	2619
3.27318	2619
3.27715	2619
3.28228	2619
3.28228	2619
3.28725	2619
3.29186	2619
3.29283	2619
3.29683	2619
3.30059	2619
3.30159	2619
3.30529	2619
3.30917	2619
3.31017	2619
3.31439	2619
3.31975	2619
3.31975	2619
3.32497	2619
3.32885	2619
3.32885	2619
3.33308	2619
3.33708	2619
3.33808	2619
3.34266	2619
3.34666	2619
3.34766	2619
3.35141	2619
3.35611	2619
3.35611	2619
3.36099	2619
3.36522	2619
3.36522	2619
3.37057	2619
3.3748	2619
3.3758	2619
3.37967	2619
3.3839	2619
3.3849	2619
3.38913	2619
3.39348	2619
3.39348	2619
3.39823	2619
3.40494	2619
3.40494	2619
3.40881	2619
3.41404	2619
3.41404	2619
3.41839	2619
3.42362	2619
3.42362	2619
3.42937	2619
3.43373	2619
3.43373	2619
3.43895	2619
3.44231	2619
3.44331	2619
3.44806	2619
3.45476	2619
3.45476	2619
3.45864	2619
3.46387	2619
3.46387	2619
3.46874	2619
3.47345	2619
3.47345	2619
3.4792	2619
3.48355	2619
3.48355	2619
3.48878	2619
3.49501	2619
3.49501	2619
3.49974	2619
3.50459	2619
3.50459	2619
3.50946	2619
3.51369	2619
3.51469	2619
3.51857	2619
3.52327	2619
3.52327	2619
3.52902	2619
3.53385	2619
3.53385	2619
3.5386	2619
3.54483	2619
3.54483	2619
3.54856	2619
3.55441	2619
3.55441	2619
3.55829	2619
3.56351	2619
3.56351	2619
3.56974	2619
3.57309	2619
3.57309	2619
3.57885	2619
3.5822	2619
3.5832	2619
3.58843	2619
3.59465	2619
3.59465	2619
3.59853	2619
3.60423	2619
3.60423	2619
3.60811	2619
3.61334	2619
3.61334	2619
3.61869	2619
3.62292	2619
3.62392	2619
3.62867	2619
3.6325	2619
3.6325	2619
3.63825	2619
3.64448	2619
3.64448	2619
3.64835	2619
3.65406	2619
3.65406	2619
3.65981	2619
3.66316	2619
3.66316	2619
3.66939	2619
3.67562	2619
3.67562	2619
3.67949	2619
3.6852	2619
3.6852	2619
3.69095	2619
3.6943	2619
3.6943	2619
3.70053	2619
3.70676	2619
3.70676	2619
3.71063	2619
3.71634	2619
3.71634	2619
3.72021	2619
3.72544	2619
3.72544	2619
3.73167	2619
3.73502	2619
3.73502	2619
3.74077	2619
3.74748	2619
3.74748	2619
3.75135	2619
3.75658	2619
3.75658	2619
3.76281	2619
3.76616	2619
3.76616	2619
3.77191	2619
3.77574	2619
3.77674	2619
3.78149	2619
3.78772	2619
3.78772	2619
3.79395	2619
3.7973	2619
3.7973	2619
3.80305	2619
3.80976	2619
3.80976	2619
3.81363	2619
3.81886	2619
3.81886	2619
3.82509	2619
3.82944	2619
3.82944	2619
3.83419	2619
3.83855	2619
3.83955	2619
3.84377	2619
3.85	2619
3.85	2619
3.85435	2619
3.85958	2619
3.85958	2619
3.86533	2619
3.86969	2619
3.86969	2619
3.87491	2619
3.88114	2619
3.88114	2619
3.88502	2619
3.89072	2619
3.89072	2619
3.89647	2619
3.90083	2619
3.90083	2619
3.90605	2619
3.91228	2619
3.91228	2619
3.91616	2619
3.92186	2619
3.92186	2619
3.92761	2619
3.93144	2619
3.93144	2619
3.93719	2619
3.94342	2619
3.94342	2619
3.94777	2619
3.953	2619
3.953	2619
3.95875	2619
3.96258	2619
3.96258	2619
3.96833	2619
3.97456	2619
3.97456	2619
3.97844	2619
3.98414	2619
3.98414	2619
3.98989	2619
3.99325	2619
3.99325	2619
3.99947	2619
4.0057	2619
4.0057	2619
4.00958	2619
4.01528	2619
4.01528	2619
4.02103	2619
4.02539	2619
4.02539	2619
4.03061	2619
4.03684	2619
4.03684	2619
4.04072	2619
4.04642	2619
4.04642	2619
4.05217	2619
4.05653	2619
4.05653	2619
4.06175	2619
4.06798	2619
4.06798	2619
4.07133	2619
4.10247	2619
4.10247	2619
4.1087	2619
4.11445	2619
4.11445	2619
4.11828	2619
4.12403	2619
4.12403	2619
4.13026	2619
4.13461	2619
4.13461	2619
4.13984	2619
4.14559	2619
4.14559	2619
4.1523	2619
4.15617	2619
4.15617	2619
4.1614	2619
4.16575	2619
4.16675	2619
4.17098	2619
4.17673	2619
4.17673	2619
4.18344	2619
4.18731	2619
4.18731	2619
4.19254	2619
4.19877	2619
4.19877	2619
4.205	2619
4.20873	2619
4.20873	2619
4.21458	2619
4.21845	2619
4.21845	2619
4.22368	2619
4.22991	2619
4.22991	2619
4.23614	2619
4.24001	2619
4.24001	2619
4.24572	2619
4.25147	2619
4.25147	2619
4.25582	2619
4.26105	2619
4.26105	2619
4.26728	2619
4.27115	2619
4.27115	2619
4.27686	2619
4.28261	2619
4.28261	2619
4.28696	2619
4.29219	2619
4.29219	2619
4.29842	2619
4.30229	2619
4.30229	2619
4.308	2619
4.31375	2619
4.31375	2619
4.3171	2619
4.32333	2619
4.32333	2619
4.32956	2619
4.33343	2619
4.33343	2619
4.34824	2619
4.35447	2619
4.35447	2619
4.3607	2619
4.36457	2619
4.36457	2619
4.37028	2619
4.37603	2619
4.37603	2619
4.38086	2619
4.38561	2619
4.38561	2619
4.39184	2619
4.39807	2619
4.39807	2619
4.40242	2619
4.40717	2619
4.40717	2619
4.41387	2619
4.41775	2619
4.41775	2619
4.42298	2619
4.42921	2619
4.42921	2619
4.43356	2619
4.43831	2619
4.43831	2619
4.44501	2619
4.45077	2619
4.45077	2619
4.45412	2619
4.46035	2619
4.46035	2619
4.4647	2619
4.46945	2619
4.46945	2619
4.47615	2619
4.48191	2619
4.48191	2619
4.48526	2619
4.49149	2619
4.49149	2619
4.49771	2619
4.50159	2619
4.50159	2619
4.50729	2619
4.51305	2619
4.51305	2619
4.5174	2619
4.52263	2619
4.52263	2619
4.52885	2619
4.53273	2619
4.53273	2619
4.53843	2619
4.54419	2870
4.54419	2870
4.54801	2870
4.55201	2870
4.55301	2870
4.55677	2870
4.56099	2870
4.56199	2870
4.56587	2870
4.56957	2870
4.56957	2870
4.57357	2870
4.57718	2870
4.57818	2870
4.58215	2870
4.58615	2870
4.58615	2870
4.59078	2870
4.59449	2870
4.59549	2870
4.59949	2870
4.60224	2870
4.60324	2870
4.60794	2870
4.61182	2870
4.61182	2870
4.61605	2870
4.62227	2870
4.62227	2870
4.62663	2870
4.63138	2870
4.63138	2870
4.63808	2870
4.64383	2870
4.64383	2870
4.64719	2870
4.65341	2870
4.65341	2870
4.65964	2870
4.66252	2870
4.66352	2870
4.66922	2870
4.67497	2870
4.67497	2870
4.6788	2870
4.68455	2870
4.68455	2870
4.69078	2870
4.69413	2870
4.69413	2870
4.70036	2870
4.70611	2870
4.70611	2870
4.71282	2870
4.71569	2870
4.71669	2870
4.72192	2870
4.72815	2870
4.72815	2870
4.7325	2870
4.73725	2870
4.73725	2870
4.74396	2870
4.74971	2870
4.74971	2870
4.75306	2870
4.75929	2870
4.75929	2870
4.76552	2870
4.76887	2870
4.76987	2870
4.7751	2870
4.78085	2870
4.78085	2870
4.78468	2870
4.79043	2870
4.79043	2870
4.79666	2870
4.79953	2870
4.79953	2870
4.80624	2870
4.80911	2870
4.80911	2870
4.81534	2870
4.82157	2870
4.82157	2870
4.8278	2870
4.83067	2870
4.83067	2870
4.83738	2870
4.84313	2870
4.84313	2870
4.84648	2870
4.85271	2870
4.85271	2870
4.85894	2870
4.86181	2870
4.86181	2870
4.86852	2870
4.87427	2870
4.87427	2870
4.88097	2870
4.88385	2870
4.88385	2870
4.89008	2870
4.89631	2870
4.89631	2870
4.90253	2870
4.90876	2870
4.90876	2870
4.91499	2870
4.92122	2870
4.92122	2870
4.92745	2870
4.93367	2870
4.93367	2870
4.9399	2870
4.94278	2870
4.94278	2870
4.94948	2870
4.95523	2870
4.95523	2870
4.96194	2870
4.96769	2870
4.96769	2870
4.97439	2870
4.98015	2870
4.98015	2870
4.98685	2870
4.98973	2870
4.98973	2870
4.99643	2870
5.00218	2870
5.00218	2870
5.00841	2870
5.01464	2870
5.01464	2870
5.02087	2870
5.02374	2870
5.02374	2870
5.03045	2870
5.0362	2870
5.0362	2870
5.03955	2870
5.04578	2870
5.04578	2870
5.05201	2870
5.05588	2870
5.05588	2870
5.06159	2870
5.06734	2870
5.06734	2870
5.07369	2870
5.0783	2870
5.0793	2870
5.08427	2870
5.08902	2870
5.09075	2870
5.09573	2870
5.10086	2870
5.10183	2870
5.10683	2870
5.11106	2870
5.11231	2870
5.11716	2870
5.12351	2870
5.12351	2870
5.12912	2870
5.13497	2870
5.13597	2870
5.1402	2870
5.1452	2870
5.14681	2870
5.15178	2870
5.15691	2870
5.15788	2632
5.16411	2632
5.17034	2632
5.17034	2632
5.17421	2632
5.17992	2632
5.17992	2632
5.18479	2632
5.18902	2632
5.18902	2632
5.19525	2632
5.1996	2632
5.1996	2632
5.20435	2632
5.20871	2632
5.20971	2632
5.21393	2632
5.22016	2632
5.22016	2632
5.22404	2632
5.22974	2632
5.22974	2632
5.23549	2632
5.23985	2632
5.23985	2632
5.2442	2632
5.24843	2632
5.24943	2632
5.25418	2632
5.26088	2632
5.26088	2632
5.26663	2632
5.27099	2632
5.27099	2632
5.27621	2632
5.28244	2632
5.28244	2632
5.28867	2632
5.29202	2632
5.29202	2632
5.29777	2632
5.30448	2632
5.30448	2632
5.31023	2632
5.31406	2632
5.31406	2632
5.31981	2632
5.32604	2632
5.32604	2632
5.33227	2632
5.33849	2632
5.33849	2632
5.34237	2632
5.34807	2632
5.34807	2632
5.35383	2632
5.36053	2632
5.36053	2632
5.36441	2632
5.36963	2632
5.36963	2632
5.37586	2632
5.38209	2632
5.38209	2632
5.38644	2632
5.39455	2632
5.39455	2632
5.39842	2632
5.40413	2632
5.40413	2632
5.40988	2632
5.41658	2632
5.41658	2632
5.42046	2632
5.42569	2632
5.42569	2632
5.43191	2632
5.43527	2632
5.43527	2632
5.44102	2632
5.44772	2632
5.44772	2632
5.45347	2632
5.45783	2632
5.45783	2632
5.46305	2632
5.46928	2632
5.46928	2632
5.47316	2632
5.47886	2632
5.47886	2632
5.48461	2632
5.48844	2632
5.48844	2632
5.49419	2632
5.50042	2632
5.50042	2632
5.50665	2632
5.51	2632
5.51	2632
5.51575	2632
5.52246	2632
5.52246	2632
5.52821	2632
5.53204	2632
5.53204	2632
5.53779	2632
5.54402	2632
5.54402	2632
5.55025	2632
5.55647	2632
5.55647	2632
5.56035	2632
5.56605	2632
5.56605	2632
5.57181	2632
5.57851	2632
5.57851	2632
5.58239	2632
5.58761	2632
5.58761	2632
5.59384	2632
5.60007	2632
5.60007	2632
5.60442	2632
5.60965	2632
5.60965	2632
5.6154	2632
5.62211	2632
5.62211	2632
5.62786	2632
5.63121	2632
5.63121	2632
5.63744	2632
5.64367	2632
5.64367	2632
5.64989	2632
5.65325	2632
5.65325	2632
5.659	2632
5.6657	2632
5.6657	2632
5.67145	2632
5.67528	2632
5.67528	2632
5.68103	2632
5.68726	2632
5.68726	2632
5.69349	2632
5.69972	2632
5.69972	2632
5.70307	2632
5.7093	2632
5.7093	2632
5.71505	2632
5.72175	2632
5.72175	2632
5.72563	2632
5.73086	2632
5.73086	2632
5.73709	2632
5.74144	2632
5.74144	2632
5.74619	2632
5.75289	2632
5.75289	2632
5.75865	2632
5.763	2632
5.763	2632
5.76823	2632
5.77445	2632
5.77445	2632
5.78068	2632
5.78403	2632
5.78403	2632
5.78979	2632
5.79649	2632
5.79649	2632
5.80224	2632
5.80895	2632
5.80895	2632
5.81282	2632
5.81805	2632
5.81805	2632
5.82428	2632
5.83051	2632
5.83051	2632
5.83438	2632
5.84009	2632
5.84009	2632
5.84584	2632
5.85254	2632
5.85254	2632
5.85642	2632
5.86165	2632
5.86165	2632
5.86787	2632
5.8741	2632
5.8741	2632
5.88033	2632
5.88468	2632
5.88468	2632
5.88943	2632
5.89614	2632
5.89614	2632
5.90189	2632
5.90524	2632
5.90524	2632
5.91147	2632
5.9177	2632
5.9177	2632
5.92393	2632
5.92728	2632
5.92728	2632
5.93303	2632
5.93973	2632
5.93973	2632
5.94549	2632
5.95219	2632
5.95219	2632
5.95607	2632
5.96129	2632
5.96129	2632
5.96752	2632
5.97375	2632
5.97375	2632
5.97763	2632
5.98333	2632
5.98333	2632
5.98908	2632
5.99579	2632
5.99579	2632
5.99966	2632
6.00489	2632
6.00489	2632
6.01112	2632
6.01735	2632
6.01735	2632
6.0217	2632
6.02693	2632
6.02693	2632
6.03268	2632
6.03938	2632
6.03938	2632
6.04513	2632
6.04949	2632
6.04949	2632
6.05471	2632
6.06094	2632
6.06094	2632
6.06717	2632
6.07152	2632
6.07152	2632
6.07627	2632
6.08298	2632
6.08298	2632
6.08873	2632
6.09256	2632
6.09256	2632
6.09831	2632
6.10454	2632
6.10454	2632
6.11077	2632
6.11699	2632
6.11699	2632
6.12035	2632
6.12657	2632
6.12657	2632
6.13233	2632
6.13903	2632
6.13903	2632
6.14478	2632
6.14861	2632
6.14861	2632
6.15436	2632
6.16059	2632
6.16059	2632
6.16494	2632
6.17017	2632
6.17017	2632
6.17592	2632
6.18263	2632
6.18263	2632
6.18838	2632
6.19221	2632
6.19221	2632
6.19796	2632
6.20419	2632
6.20419	2632
6.21041	2632
6.21664	2632
6.21664	2632
6.22099	2632
6.22622	2632
6.22622	2632
6.23197	2632
6.23868	2632
6.23868	2632
6.24255	2632
6.24778	2632
6.24778	2632
6.25401	2632
6.26024	2632
6.26024	2632
6.26459	2632
6.26982	2632
6.26982	2632
6.27557	2632
6.28227	2632
6.28227	2632
6.28803	2632
6.29285	2632
6.29285	2632
6.29761	2632
6.30383	2632
6.30383	2632
6.30719	2632
6.31629	2632
6.31629	2632
6.32017	2632
6.32587	2632
6.32587	2632
6.33162	2632
6.33833	2632
6.33833	2632
6.3422	2632
6.34743	2632
6.34743	2632
6.35366	2632
6.35989	2632
6.35989	2632
6.36324	2632
6.36947	2632
6.36947	2632
6.37522	2632
6.38192	2632
6.38192	2632
6.38767	2632
6.3915	2632
6.3915	2632
6.39725	2632
6.40348	2632
6.40348	2632
6.40971	2632
6.41594	2632
6.41594	2632
6.41981	2632
6.42552	2632
6.42552	2632
6.43127	2632
6.43797	2632
6.43797	2632
6.44185	2632
6.44708	2632
6.44708	2632
6.45331	2632
6.45953	2632
6.45953	2632
6.46576	2632
6.47199	2632
6.47199	2632
6.47587	2632
6.48157	2632
6.48157	2632
6.48732	2632
6.49403	2632
6.49403	2632
6.4989	2632
6.50313	2632
6.50313	2632
6.50936	2632
6.51559	2632
6.51559	2632
6.51946	2632
6.52517	2632
6.52517	2632
6.53092	2632
6.53762	2632
6.53762	2632
6.54337	2632
6.54773	2632
6.54773	2632
6.55295	2632
6.55918	2632
6.55918	2632
6.56306	2632
6.57164	2632
6.57164	2632
6.57551	2632
6.58122	2632
6.58122	2632
6.58697	2632
6.59367	2632
6.59367	2632
6.59755	2632
6.60278	2632
6.60278	2632
6.60901	2632
6.61523	2632
6.61523	2632
6.61911	2632
6.62481	2632
6.62481	2632
6.63057	2632
6.63727	2632
6.63727	2632
6.64302	2632
6.64737	2632
6.64737	2632
6.6526	2632
6.65883	2632
6.65883	2632
6.66506	2632
6.67129	2632
6.67129	2632
6.67516	2632
6.68087	2632
6.68087	2632
6.68662	2632
6.69332	2632
6.69332	2632
6.69907	2632
6.70343	2632
6.70343	2632
6.70865	2632
6.71488	2632
6.71488	2632
6.72111	2632
6.72734	2632
6.72734	2632
6.73121	2632
6.73692	2632
6.73692	2632
6.74267	2632
6.74937	2632
6.74937	2632
6.75513	2632
6.75948	2632
6.75948	2632
6.76471	2632
6.77093	2632
6.77093	2632
6.77716	2632
6.78151	2632
6.78151	2632
6.78627	2632
6.79297	2632
6.79297	2632
6.79872	2632
6.80543	2632
6.80543	2632
6.8093	2632
6.81453	2632
6.81453	2632
6.82076	2632
6.82699	2632
6.82699	2632
6.83034	2632
6.83657	2632
6.83657	2632
6.84232	2632
6.84902	2632
6.84902	2632
6.85477	2632
6.85813	2632
6.85813	2632
6.86435	2632
6.87058	2632
6.87058	2632
6.87681	2632
6.88016	2632
6.88016	2632
6.88591	2632
6.89262	2632
6.89262	2632
6.89837	2632
6.90507	2632
6.90507	2632
6.90995	2632
6.91418	2632
6.91418	2632
6.92041	2632
6.92663	2632
6.92663	2632
6.93286	2632
6.93621	2632
6.93621	2632
6.94197	2632
6.94867	2632
6.94867	2632
6.95442	2632
6.96113	2632
6.96113	2632
6.965	2632
6.97023	2632
6.97023	2632
6.97646	2632
6.98269	2632
6.98269	2632
6.98604	2632
6.99227	2632
6.99227	2632
6.99802	2632
7.00472	2632
7.00472	2632
7.01047	2632
7.01718	2632
7.01718	2632
7.02105	2632
7.02628	2632
7.02628	2632
7.03251	2632
7.03874	2632
7.03874	2632
7.04209	2632
7.04832	2632
7.04832	2632
7.05407	2632
7.06077	2632
7.06077	2632
7.06653	2632
7.07035	2632
7.07035	2632
7.07611	2632
7.08233	2632
7.08233	2632
7.08856	2632
7.09291	2632
7.09291	2632
7.09814	2632
7.10437	2632
7.10437	2632
7.11012	2632
7.11683	2632
7.11683	2632
7.1207	2632
7.12641	2632
7.12641	2632
7.13216	2632
7.13839	2632
7.13839	2632
7.14461	2632
7.14897	2632
7.14897	2632
7.15372	2632
7.16042	2632
7.16042	2632
7.16617	2632
7.17288	2632
7.17288	2632
7.17675	2632
7.18246	2632
7.18246	2632
7.18821	2632
7.19444	2632
7.19444	2632
7.20067	2632
7.20402	2632
7.20402	2632
7.20977	2632
7.21647	2632
7.21647	2632
7.22223	2632
7.22893	2632
7.22893	2632
7.23281	2632
7.23851	2632
7.23851	2632
7.24426	2632
7.25049	2632
7.25049	2632
7.25672	2632
7.26295	2632
7.26295	2632
7.26682	2632
7.27253	2632
7.27253	2632
7.27828	2632
7.28498	2632
7.28498	2632
7.29073	2632
7.29456	2632
7.29456	2632
7.30031	2632
7.30654	2632
7.30654	2632
7.31277	2632
7.319	2632
7.319	2632
7.32287	2632
7.32858	2632
7.32858	2632
7.33433	2632
7.34103	2632
7.34103	2632
7.34679	2632
7.35014	2632
7.35014	2632
7.35637	2632
7.36259	2632
7.36259	2632
7.36882	2632
7.37505	2632
7.37505	2632
7.37993	2632
7.38463	2632
7.38463	2632
7.39038	2632
7.39709	2632
7.39709	2632
7.40284	2632
7.40619	2632
7.40619	2632
7.41242	2632
7.41865	2632
7.41865	2632
7.42487	2632
7.4311	2632
7.4311	2632
7.43598	2632
7.44068	2632
7.44068	2632
7.44643	2632
7.45314	2632
7.45314	2632
7.45889	2632
7.46224	2632
7.46224	2632
7.46847	2632
7.4747	2632
7.4747	2632
7.48093	2632
7.48715	2632
7.48715	2632
7.49103	2632
7.49673	2632
7.49673	2632
7.50249	2632
7.50919	2632
7.50919	2632
7.51494	2632
7.52165	2632
7.52165	2632
7.52552	2632
7.53075	2632
7.53075	2632
7.53698	2632
7.54321	2632
7.54321	2632
7.54943	2632
7.55379	2632
7.55379	2632
7.55854	2632
7.56524	2632
7.56524	2632
7.57099	2632
7.5777	2632
7.5777	2632
7.58157	2632
7.5868	2632
7.5868	2632
7.59303	2632
7.59926	2632
7.59926	2632
7.60549	2632
7.60984	2632
7.60984	2632
7.61459	2632
7.62129	2632
7.62129	2632
7.62705	2632
7.63375	2632
7.63375	2632
7.6395	2632
7.64385	2632
7.64385	2632
7.64908	2632
7.65531	2632
7.65531	2632
7.66154	2632
7.66589	2632
7.66589	2632
7.67064	2632
7.67735	2632
7.67735	2632
7.6831	2632
7.6898	2632
7.6898	2632
7.69555	2632
7.69991	2632
7.69991	2632
7.70513	2632
7.71136	2632
7.71136	2632
7.71759	2632
7.72382	2632
7.72382	2632
7.73005	2632
7.73627	2632
7.73627	2632
7.7425	2632
7.74873	2632
7.74873	2632
7.75496	2632
7.76119	2632
7.76119	2632
7.76406	2632
7.77077	2632
7.77077	2632
7.77652	2632
7.78322	2632
7.78322	2632
7.78897	2632
7.7928	2632
7.7928	2632
7.79855	2632
7.80478	2632
7.80478	2632
7.81101	2632
7.81724	2632
7.81724	2632
7.82347	2632
7.82682	2632
7.82682	2632
7.83257	2632
7.83927	2632
7.83927	2632
7.84503	2632
7.85173	2632
7.85173	2632
7.85461	2632
7.86083	2632
7.86083	2632
7.86706	2632
7.87329	2632
7.87329	2632
7.87952	2632
7.88287	2632
7.88287	2632
7.88862	2632
7.89533	2632
7.89533	2632
7.90108	2632
7.90778	2632
7.90778	2632
7.91353	2632
7.92024	2632
7.92024	2632
7.92599	2632
7.92982	2632
7.92982	2632
7.93557	2632
7.9418	2632
7.9418	2632
7.94515	2632
7.95425	2632
7.95425	2632
7.95761	2632
7.96383	2632
7.96383	2632
7.96959	2632
7.97629	2632
7.97629	2632
7.98204	2632
7.98875	2632
7.98875	2632
7.9945	2632
7.99833	2632
7.99833	2632
8.00408	2632
8.01031	2632
8.01653	2632
8.02179	2632
8.02764	2632
8.02864	2632
8.03334	2632
8.03947	2632
8.04047	2632
8.04645	2632
8.05103	2632
8.05203	2632
8.05863	2632
8.06461	2632
8.06561	2632
8.07061	2632
8.07694	2632
8.07794	2632
8.08217	2632
8.0883	2632
8.0893	2632
8.09527	2632
8.1005	2632
8.10175	2632
8.1076	2632
8.12864	2267
8.12864	2267
8.13199	2267
8.13599	2267
8.13699	2267
8.14112	2267
8.14657	2267
8.14732	2267
8.15258	2267
8.15755	2267
8.15855	2267
8.16303	2267
8.16701	2267
8.16801	2267
8.17361	2267
8.17859	2267
8.17959	2267
8.18434	2267
8.18904	2267
8.19004	2267
8.19592	2267
8.2005	2267
8.2005	2267
8.20537	2267
8.2106	2267
8.2116	2267
8.21683	2267
8.22206	2267
8.22206	2267
8.22829	2267
8.23451	2267
8.23451	2267
8.24074	2267
8.24409	2267
8.24509	2267
8.25085	2267
8.25943	2267
8.25943	2267
8.26565	2267
8.27188	2267
8.27188	2267
8.27623	2267
8.28434	2267
8.28434	2267
8.29057	2267
8.29492	2267
8.29592	2267
8.30067	2267
8.30637	2267
8.30637	2267
8.31213	2267
8.31883	2267
8.31883	2267
8.32458	2267
8.33129	2267
8.33129	2267
8.33704	2267
8.34374	2267
8.34374	2267
8.34949	2267
8.36243	2267
8.36243	2267
8.3673	2267
8.37253	2267
8.37353	2267
8.37876	2267
8.38399	2267
8.38499	2267
8.38986	2267
8.39457	2267
8.39457	2267
8.39932	2267
8.40602	2267
8.40602	2267
8.4119	2267
8.4166	2267
8.4176	2267
8.42235	2267
8.42758	2267
8.42858	2267
8.43381	2267
8.43816	2267
8.43816	2267
8.44391	2267
8.44962	2267
8.44962	2267
8.45537	2267
8.46207	2267
8.46207	2267
8.46783	2267
8.47453	2267
8.47453	2267
8.48028	2267
8.48463	2267
8.48563	2267
8.49086	2267
8.49609	2267
8.49609	2267
8.50232	2267
8.50855	2267
8.50855	2267
8.51477	2267
8.521	2267
8.521	2267
8.52723	2267
8.53346	2267
8.53346	2267
8.53833	2267
8.54304	2267
8.54404	2267
8.54979	2267
8.55549	2267
8.55549	2267
8.56125	2267
8.56795	2267
8.56795	2267
8.5737	2267
8.58041	2267
8.58041	2267
8.58616	2267
8.59574	2267
8.59574	2267
8.60061	2267
8.60532	2267
8.60632	2267
8.61107	2267
8.61777	2267
8.61777	2267
8.62353	2267
8.62788	2267
8.62888	2267
8.63311	2267
8.63933	2267
8.63933	2267
8.64556	2267
8.65179	2267
8.65179	2267
8.65802	2267
8.66425	2267
8.66425	2267
8.66912	2267
8.67483	2267
8.67583	2267
8.68058	2267
8.68628	2267
8.68628	2267
8.69203	2267
8.69686	2267
8.69786	2267
8.70261	2267
8.70784	2267
8.70884	2267
8.71407	2267
8.7203	2267
8.7203	2267
8.72653	2267
8.73275	2267
8.73275	2267
8.73898	2267
8.74521	2267
8.74521	2267
8.75144	2267
8.75579	2267
8.75679	2267
8.76154	2267
8.76725	2267
8.76725	2267
8.773	2267
8.7797	2267
8.7797	2267
8.78545	2267
8.79216	2267
8.79216	2267
8.79791	2267
8.80461	2267
8.80461	2267
8.81037	2267
8.81419	2267
8.81519	2267
8.82095	2267
8.82953	2267
8.82953	2267
8.83528	2267
8.83963	2267
8.84063	2267
8.84586	2267
8.85109	2267
8.85109	2267
8.85731	2267
8.86354	2267
8.86354	2267
8.86889	2267
8.87312	2267
8.87412	2267
8.87987	2267
8.88558	2267
8.88558	2267
8.89133	2267
8.89803	2267
8.89803	2267
8.90379	2267
8.91049	2267
8.91049	2267
8.91624	2267
8.92295	2267
8.92295	2267
8.92782	2267
8.93205	2267
8.93305	2267
8.93828	2267
8.94451	2267
8.94451	2267
8.95073	2267
8.95696	2267
8.95696	2267
8.96319	2267
8.96942	2267
8.96942	2267
8.97565	2267
8.98187	2267
8.98187	2267
8.9881	2267
8.99245	2267
8.99345	2267
8.99821	2267
9.00391	2267
9.00491	2267
9.00966	2267
9.01637	2267
9.01637	2267
9.02212	2267
9.02882	2267
9.02882	2267
9.03457	2267
9.0384	2267
9.0394	2267
9.04703	2267
9.05138	2267
9.05238	2267
9.05761	2267
9.06284	2267
9.06384	2267
9.06907	2267
9.07529	2267
9.07529	2267
9.08152	2267
9.08775	2267
9.08775	2267
9.09398	2267
9.10021	2267
9.10021	2267
9.10556	2267
9.11079	2267
9.11179	2267
9.11654	2267
9.12224	2267
9.12224	2267
9.12799	2267
9.1347	2267
9.1347	2267
9.14045	2267
9.14715	2267
9.14715	2267
9.15291	2267
9.15961	2267
9.15961	2267
9.16449	2267
9.16971	2267
9.17071	2267
9.17594	2267
9.18117	2267
9.18117	2267
9.1874	2267
9.19363	2267
9.19363	2267
9.19985	2267
9.20608	2267
9.20608	2267
9.21231	2267
9.21854	2267
9.21854	2267
9.22389	2267
9.22812	2267
9.22912	2267
9.23487	2267
9.24057	2267
9.24057	2267
9.24633	2267
9.25303	2267
9.25303	2267
9.25878	2267
9.26549	2267
9.26549	2267
9.27124	2267
9.27559	2267
9.27659	2267
9.28369	2267
9.28752	2267
9.28852	2267
9.29327	2267
9.2995	2267
9.2995	2267
9.30573	2267
9.31196	2267
9.31196	2267
9.31819	2267
9.32441	2267
9.32441	2267
9.33064	2267
9.33687	2267
9.33687	2267
9.3431	2267
9.34933	2267
9.34933	2267
9.3542	2267
9.35991	2267
9.36091	2267
9.36566	2267
9.37136	2267
9.37136	2267
9.37711	2267
9.38382	2267
9.38382	2267
9.38957	2267
9.39627	2267
9.39627	2267
9.40203	2267
9.40873	2267
9.40873	2267
9.41361	2267
9.41883	2267
9.41983	2267
9.42406	2267
9.43029	2267
9.43029	2267
9.43652	2267
9.44275	2267
9.44275	2267
9.44897	2267
9.4552	2267
9.4552	2267
9.46143	2267
9.46578	2267
9.46678	2267
9.47153	2267
9.47724	2267
9.47724	2267
9.48299	2267
9.48969	2267
9.48969	2267
9.49545	2267
9.50215	2267
9.50215	2267
9.5079	2267
9.51461	2267
9.51461	2267
9.52036	2267
9.52706	2267
9.52706	2267
9.53294	2267
9.53764	2267
9.53864	2267
9.54339	2267
9.54862	2267
9.54962	2267
9.55485	2267
9.56108	2267
9.56108	2267
9.56731	2267
9.57353	2267
9.57353	2267
9.57976	2267
9.58599	2267
9.58599	2267
9.59222	2267
9.59845	2267
9.59845	2267
9.6038	2267
9.60803	2267
9.60903	2267
9.61478	2267
9.62048	2267
9.62048	2267
9.62623	2267
9.63294	2267
9.63294	2267
9.63869	2267
9.64539	2267
9.64539	2267
9.65115	2267
9.65785	2267
9.65785	2267
9.6636	2267
9.67031	2267
9.67031	2267
9.67606	2267
9.68276	2267
9.68276	2267
9.68851	2267
9.69234	2267
9.69334	2267
9.70097	2267
9.70432	2267
9.70532	2267
9.71055	2267
9.71678	2267
9.71678	2267
9.72301	2267
9.72923	2267
9.72923	2267
9.73546	2267
9.74169	2267
9.74169	2267
9.74792	2267
9.75415	2267
9.75415	2267
9.76037	2267
9.7666	2267
9.7666	2267
9.77283	2267
9.77618	2267
9.77718	2267
9.78293	2267
9.78864	2267
9.78864	2267
9.79439	2267
9.80109	2267
9.80109	2267
9.80685	2267
9.81355	2267
9.81355	2267
9.8193	2267
9.82601	2267
9.82601	2267
9.83176	2267
9.83846	2267
9.83846	2267
9.84421	2267
9.84857	2267
9.84957	2267
9.85479	2267
9.86002	2267
9.86002	2267
9.86625	2267
9.87248	2267
9.87248	2267
9.87871	2267
9.88493	2267
9.88493	2267
9.89116	2267
9.89739	2267
9.89739	2267
9.90362	2267
9.90985	2267
9.90985	2267
9.91607	2267
9.9223	2267
9.9223	2267
9.92853	2267
9.93288	2267
9.93388	2267
9.94099	2267
9.94434	2267
9.94534	2267
9.95009	2267
9.95679	2267
9.95679	2267
9.96255	2267
9.96925	2267
9.96925	2267
9.975	2267
9.98171	2267
9.98171	2267
9.98746	2267
9.99416	2267
9.99416	2267
9.99991	2267
10.0066	2267
10.0066	2267
10.0124	2267
10.0167	2267
10.0177	2267
10.0229	2267
10.0282	2267
10.0282	2267
10.0344	2267
10.0406	2267
10.0406	2267
10.0469	2267
10.0531	2267
10.0531	2267
10.0593	2267
10.0655	2267
10.0655	2267
10.0718	2267
10.078	2267
10.078	2267
10.0842	2267
10.0905	2267
10.0905	2267
10.0958	2267
10.1	2267
10.101	2267
10.1068	2267
10.1125	2267
10.1125	2267
10.1182	2267
10.1249	2267
10.1249	2267
10.1307	2267
10.1374	2267
10.1374	2267
10.1432	2267
10.1499	2267
10.1499	2267
10.1556	2267
10.1623	2267
10.1623	2267
10.1681	2267
10.1748	2267
10.1748	2267
10.1805	2267
10.1872	2267
10.1872	2267
10.1921	2267
10.1978	2267
10.1988	2267
10.2036	2267
10.2088	2267
10.2098	2267
10.215	2267
10.2217	2267
10.2217	2267
10.2275	2267
10.2337	2267
10.2337	2267
10.2399	2267
10.2462	2267
10.2462	2267
10.2524	2267
10.2586	2267
10.2586	2267
10.2648	2267
10.2711	2267
10.2711	2267
10.2773	2267
10.2835	2267
10.2835	2267
10.2898	2267
10.296	2267
10.296	2267
10.3022	2267
10.3066	2267
10.3076	2267
10.3147	2267
10.3209	2267
10.3209	2267
10.3271	2267
10.3333	2267
10.3333	2267
10.3425	2267
10.3492	2267
10.3492	2267
10.3549	2267
10.3616	2267
10.3616	2267
10.3674	2267
10.3741	2267
10.3741	2267
10.3803	2267
10.3894	2267
10.3894	2267
10.3956	2267
10.4019	2267
10.4019	2267
10.4081	2267
10.4148	2267
10.4148	2267
10.4234	2267
10.4301	2267
10.4301	2267
10.4359	2267
10.4426	2267
10.4426	2267
10.4475	2267
10.4522	2267
10.4532	2267
10.4589	2267
10.4646	2267
10.4646	2267
10.4704	2267
10.4766	2267
10.4766	2267
10.4828	2267
10.489	2267
10.489	2267
10.4953	2267
10.5015	2267
10.5015	2267
10.5077	2267
10.514	2267
10.514	2267
10.5202	2267
10.5264	2267
10.5264	2267
10.5326	2267
10.5389	2267
10.5389	2267
10.5451	2267
10.5513	2267
10.5513	2267
10.5576	2267
10.5619	2267
10.5629	2267
10.57	2267
10.5762	2267
10.5762	2267
10.5825	2267
10.5887	2267
10.5887	2267
10.5949	2267
10.6012	2267
10.6012	2267
10.606	2267
10.6117	2267
10.6127	2267
10.6175	2267
10.6232	2267
10.6232	2267
10.6281	2267
10.6338	2267
10.6348	2267
10.6395	2267
10.6447	2267
10.6458	2267
10.651	2267
10.6572	2267
10.6572	2267
10.6634	2267
10.6678	2267
10.6688	2267
10.6735	2267
10.6792	2267
10.6792	2267
10.685	2267
10.6893	2267
10.6903	2267
10.696	2267
10.7009	2267
10.7019	2267
10.7067	2267
10.7114	2267
10.7114	2267
10.7161	2267
10.72	2267
10.721	2267
10.7257	2267
10.7291	2267
10.7291	2267
10.7333	2267
10.7373	2267
10.7382	2267
10.7425	2267
10.7468	2267
10.7468	2267
10.7506	2267
10.755	2267
10.756	2267
10.7592	2267
10.7631	2267
10.7631	2267
10.7674	2267
10.7717	2267
10.7727	2267
10.7769	2267
10.7809	2267
10.7809	2267
10.7849	2267
10.7881	2267
10.7894	2267
10.7933	2267
10.7971	2267
10.7971	2267
10.8018	2267
10.8058	2267
10.8068	2267
10.8106	2267
10.8143	2267
10.8143	2267
10.8183	2267
10.822	2267
10.8239	2267
10.8278	2267
10.8316	2267
10.8316	2267
10.8358	2267
10.8398	2267
10.8408	2267
10.844	2267
10.8484	2267
10.8494	2267
10.8531	2267
10.8561	2267
10.8579	2267
10.8619	2267
10.8656	2267
10.8666	2267
10.8703	2267
10.8743	2267
10.8743	2267
10.8781	2267
10.8824	2267
10.8834	2267
10.8873	2267
10.892	2267
10.893	2267
10.8981	2267
10.9051	2267
10.9061	2267
10.9127	2267
10.9198	2267
10.9208	2267
10.9274	2267
10.9334	2267
10.9341	2267
10.9418	2267
10.9489	2313
10.9489	2313
10.9552	2366
10.9614	2366
10.9624	2366
10.9696	2481
10.9758	2491
10.9768	2491
10.9821	2572
10.9873	2601
10.9883	2601
11.0558	2735
11.0591	2735
11.0591	2735
11.0649	2735
11.0716	2735
11.0716	2735
11.0774	2735
11.0817	2735
11.0817	2735
11.0869	2735
11.0936	2735
11.0936	2735
11.1023	2735
11.109	2735
11.109	2735
11.1147	2735
11.1214	2735
11.1214	2735
11.1277	2735
11.1368	2735
11.1368	2735
11.143	2735
11.1492	2735
11.1492	2735
11.1554	2735
11.1617	2735
11.1617	2735
11.1679	2735
11.1741	2735
11.1741	2735
11.224	2735
11.2302	2735
11.2302	2735
11.2364	2735
11.2426	2735
11.2426	2735
11.2489	2735
11.2551	2735
11.2551	2735
11.2613	2735
11.2656	2735
11.2656	2735
11.2695	2735
11.2736	2735
11.2748	2735
11.278	2735
11.282	2735
11.283	2735
11.2872	2735
11.2912	2735
11.2922	2735
11.2968	2735
11.3008	2735
11.3016	2735
11.3053	2735
11.3093	2735
11.3093	2735
11.314	2735
11.3188	2735
11.3188	2735
11.3227	2735
11.3275	2735
11.3275	2735
11.3312	2735
11.3352	2735
11.3362	2735
11.3402	2735
11.3442	2735
11.3452	2735
11.3492	2735
11.3532	2735
11.3542	2735
11.3582	2735
11.363	2735
11.363	2735
11.3672	2735
11.3712	2735
11.3712	2735
11.3752	2735
11.3801	2735
11.3801	2735
11.3841	2735
11.3881	2735
11.3898	2735
11.3935	2735
11.3975	2735
11.3985	2735
11.4021	2735
11.406	2735
11.407	2735
11.4118	2735
11.415	2735
11.416	2735
11.42	2735
11.4246	2735
11.4246	2735
11.4286	2735
11.4334	2735
11.4334	2735
11.4371	2735
11.4411	2735
11.4421	2735
11.4462	2735
11.4502	2735
11.4512	2735
11.4554	2735
11.4596	2735
11.4606	2735
11.4646	2735
11.4682	2735
11.4692	2735
11.4732	2735
11.478	2735
11.478	2735
11.4827	2735
11.4867	2735
11.4867	2735
11.4908	2735
11.4958	2735
11.4958	2735
11.5	2735
11.5032	2735
11.5042	2735
11.5082	2735
11.5128	2735
11.5138	2735
11.5177	2735
11.5215	2735
11.5225	2735
11.5262	2735
11.5302	2735
11.5302	2735
11.5354	2735
11.5394	2735
11.5394	2735
11.5436	2735
11.5488	2735
11.5488	2735
11.5522	2735
11.5564	2735
11.5574	2735
11.5614	2735
11.5651	2735
11.5661	2735
11.5708	2735
11.5748	2735
11.5756	2735
11.5794	2735
11.5834	2735
11.5844	2735
11.5882	2735
11.5924	2735
11.5924	2735
11.5964	2735
11.6019	2735
11.6019	2735
11.6059	2735
11.6097	2735
11.6105	2735
11.6144	2735
11.6184	2735
11.6192	2735
11.6235	2735
11.6275	2735
11.6285	2735
11.632	2735
11.636	2735
11.637	2735
11.641	2735
11.6456	2735
11.6456	2735
11.6503	2735
11.6541	2735
11.6541	2735
11.658	2735
11.6636	2735
11.6636	2735
11.6676	2735
11.6716	2735
11.6724	2735
11.6766	2735
11.6806	2735
11.6816	2735
11.6858	2735
11.6891	2735
11.6901	2735
11.6949	2735
11.6987	2735
11.6987	2735
11.7036	2735
11.7078	2735
11.7078	2735
11.7118	2735
11.717	2735
11.717	2735
11.7202	2735
11.7242	2735
11.7252	2735
11.7298	2735
11.7338	2735
11.7348	2735
11.738	2735
11.7423	2735
11.7433	2735
11.7472	2735
11.752	2735
11.753	2735
11.7567	2735
11.7606	2735
11.7606	2735
11.7648	2735
11.7698	2735
11.7698	2735
11.7734	2735
11.7774	2735
11.7782	2735
11.7826	2735
11.7869	2735
11.7878	2735
11.7918	2735
11.7956	2735
11.7966	2735
11.8003	2735
11.8042	2735
11.8052	2735
11.8094	2735
11.8134	2735
11.8134	2735
11.8186	2735
11.8228	2735
11.8228	2735
11.8262	2735
11.8314	2735
11.8314	2735
11.8354	2735
11.8392	2735
11.8402	2735
11.8449	2735
11.8489	2735
11.8496	2735
11.853	2735
11.8575	2735
11.8585	2735
11.8622	2735
11.8664	2735
11.8664	2735
11.8714	2735
11.875	2735
11.875	2735
11.879	2735
11.8845	2735
11.8845	2735
11.8885	2735
11.8925	2735
11.8932	2735
11.8976	2735
11.9016	2735
11.9026	2735
11.9061	2735
11.91	2735
11.911	2735
11.915	2735
11.9195	2735
11.9205	2735
11.9244	2735
11.9281	2735
11.9281	2735
11.9321	2735
11.9377	2735
11.9377	2735
11.9416	2735
11.9457	2735
11.9464	2735
11.9507	2735
11.9546	2735
11.9556	2735
11.9599	2735
11.9631	2735
11.9641	2735
11.969	2735
11.9727	2735
11.9737	2735
11.9777	2735
11.9813	2735
11.9813	2735
11.9863	2735
11.991	2735
11.991	2735
11.9943	2735
11.9992	2735
11.9992	2735
12.0035	2735
12.0077	2735
12.0087	2735
12.0127	2735
12.0163	2735
12.0173	2735
12.0213	2735
12.025	2735
12.026	2735
12.0307	2735
12.0346	2735
12.0346	2735
12.0398	2735
12.0433	2735
12.0433	2735
12.047	2735
12.0523	2735
12.0523	2735
12.0563	2735
12.0609	2735
12.0619	2735
12.0657	2735
12.0696	2735
12.0706	2735
12.0743	2735
12.0783	2735
12.0793	2735
12.0839	2735
12.0879	2735
12.0889	2735
12.0926	2735
12.0969	2735
12.0969	2735
12.1002	2735
12.1055	2735
12.1055	2735
12.1095	2735
12.1132	2735
12.1142	2735
12.1189	2735
12.1229	2735
12.1237	2735
12.1275	2735
12.1314	2735
12.1324	2735
12.1362	2735
12.1405	2735
12.1415	2735
12.1455	2735
12.15	2735
12.15	2735
12.1549	2735
12.1583	2735
12.1583	2735
12.1625	2735
12.1673	2735
12.1673	2735
12.172	2735
12.176	2735
12.1768	2735
12.1801	2735
12.1841	2735
12.1851	2735
12.1891	2735
12.1935	2735
12.1945	2735
12.1984	2735
12.2021	2735
12.2021	2735
12.2071	2735
12.2119	2735
12.2119	2735
12.2156	2735
12.2206	2735
12.2206	2735
12.2247	2735
12.2287	2735
12.2297	2735
12.2339	2735
12.2371	2735
12.2381	2735
12.2421	2735
12.2467	2735
12.2477	2735
12.2517	2735
12.2554	2735
12.2564	2735
12.2602	2735
12.2642	2735
12.2669	2735
12.2703	2735
12.2747	2735
12.2765	2735
12.2807	2735
12.2847	2735
12.2889	2735
12.2923	2735
12.2962	2735
12.3009	2735
12.3009	2735
12.3056	2735
12.3096	2735
12.3136	2735
12.3136	2735
12.3186	2735
12.3226	2735
12.3226	2735
12.3747	2235
12.3814	2235
12.3867	2235
12.3911	2235
12.3969	2235
12.3969	2235
12.4016	2235
12.4068	2235
12.4117	2235
12.4127	2235
12.4174	2235
12.4226	2235
12.4236	2235
12.4286	2235
12.4331	2235
12.4341	2235
12.4398	2235
12.4447	2235
12.4457	2235
12.4504	2235
12.4551	2235
12.4601	2235
12.4611	2235
12.4668	2235
12.4711	2235
12.4711	2235
12.4761	2235
12.4817	2235
12.4874	2235
12.4921	2235
12.4921	2235
12.4975	2235
12.5021	2235
12.507	2235
12.508	2235
12.5137	2235
12.5185	2235
12.5232	2235
12.5242	2235
12.5291	2235
12.5348	2235
12.5358	2235
12.54	2235
12.545	2235
12.5506	2235
12.5516	2235
12.5563	2235
12.5613	2235
12.5668	2235
12.5678	2235
12.572	2235
12.577	2235
12.5826	2235
12.5826	2235
12.5876	2235
12.5938	2235
12.5938	2235
12.5985	2235
12.6033	2235
12.6043	2235
12.6093	2235
12.6149	2235
12.6196	2235
12.6206	2235
12.6253	2235
12.63	2235
12.636	2235
12.637	2235
12.642	2235
12.647	2235
12.648	2235
12.653	2235
12.658	2235
12.658	2235
12.6627	2279
12.6677	2279
12.6687	2279
12.6733	2279
12.678	2279
12.679	2279
12.6847	2279
12.6896	2279
12.6896	2279
12.6944	2279
12.6991	2279
12.7001	2279
12.7058	2279
12.7106	2279
12.7116	2279
12.7168	2279
12.7208	2279
12.7218	2279
12.7261	2279
12.7313	2279
12.7323	2279
12.7375	2279
12.7427	2279
12.7427	2279
12.7477	2279
12.753	2279
12.7537	2279
12.7581	2279
12.764	2279
12.765	2279
12.7691	2279
12.7741	2279
12.7741	2279
12.7793	2279
12.784	2279
12.785	2279
12.7903	2279
12.7955	2279
12.7965	2279
12.8003	2279
12.805	2279
12.806	2279
12.8117	2279
12.8167	2279
12.8175	2279
12.8225	2279
12.828	2279
12.828	2279
12.8329	2279
12.8375	2279
12.8385	2279
12.8434	2279
12.8487	2279
12.8497	2279
12.8545	2279
12.8582	2279
12.8592	2279
12.865	2279
12.8697	2279
12.8707	2279
12.8754	2279
12.8804	2279
12.8804	2279
12.8852	2279
12.8909	2279
12.8917	2279
12.8975	2279
12.9018	2279
12.9067	2279
12.9077	2279
12.9123	2279
12.9177	2279
12.9227	2279
12.9237	2279
12.9287	2279
12.933	2279
12.933	2279
12.9389	2279
12.943	2279
12.945	2279
12.95	2279
12.9545	2279
12.9555	2279
12.9595	2279
12.9647	2279
12.9657	2279
12.9709	2279
13.0063	1985
13.0115	1985
13.0125	1985
13.0187	1985
13.0236	1985
13.0246	1985
13.0303	1985
13.0361	1985
13.0361	1985
13.0428	1985
13.0489	1985
13.0499	1985
13.0549	1985
13.0604	1985
13.0614	1985
13.0662	1985
13.0729	1985
13.0739	1985
13.0795	1985
13.0844	1985
13.0854	1985
13.0915	1985
13.0965	1985
13.0975	1985
13.104	1985
13.1099	1985
13.1109	1985
13.1155	1985
13.1213	1985
13.1223	1985
13.127	1985
13.1337	1985
13.1341	1985
13.1406	1985
13.1453	1985
13.1463	1985
13.1525	1985
13.1571	1985
13.1581	1985
13.1641	1985
13.1706	1985
13.1706	1985
13.1766	1985
13.1821	1985
13.1831	1985
13.1889	1985
13.1941	1985
13.1951	1985
13.2004	1985
13.207	1985
13.208	1985
13.2139	1985
13.2186	1985
13.2196	1985
13.2252	1985
13.2311	1985
13.2311	1985
13.2376	1985
13.2436	1985
13.2446	1985
13.2491	1985
13.2551	1985
13.2561	1985
13.2615	1985
13.2674	1985
13.2684	1985
13.2741	1985
13.28	1985
13.281	1985
13.287	1985
13.292	1985
13.293	1985
13.299	1985
13.3044	2274
13.3096	2274
13.3096	2274
13.3149	2274
13.3191	2274
13.3201	2274
13.3251	2274
13.3306	2274
13.3316	2274
13.3366	2274
13.3418	2274
13.3418	2274
13.346	2274
13.351	2274
13.3522	2274
13.3575	2274
13.3625	2274
13.3635	2274
13.368	2274
13.3729	2274
13.3739	2274
13.3782	2274
13.3839	2274
13.3849	2274
13.3899	2274
13.3949	2274
13.3949	2274
13.3993	2274
13.4041	2274
13.4051	2274
13.4106	2274
13.4155	2274
13.4165	2274
13.4211	2274
13.4261	2274
13.4261	2274
13.4319	2274
13.4366	2274
13.4376	2274
13.4423	2274
13.447	2274
13.448	2274
13.453	2274
13.4585	2274
13.4585	2274
13.4635	2274
13.4682	2274
13.4692	2274
13.4749	2274
13.4797	2274
13.4807	2274
13.4844	2274
13.4894	2274
13.4904	2274
13.4959	2274
13.5008	2274
13.5018	2274
13.5066	2274
13.5113	2274
13.5113	2274
13.5162	2274
13.5218	2274
13.5228	2274
13.5276	2274
13.5329	2274
13.5339	2274
13.5381	2274
13.5431	2274
13.5431	2274
13.5486	2274
13.5535	2274
13.5545	2274
13.5598	2274
13.565	2274
13.566	2274
13.5702	2274
13.5742	2274
13.5752	2274
13.5808	2274
13.5857	2274
13.5867	2274
13.5913	2274
13.5963	2274
13.5963	2274
13.6017	2274
13.6067	2274
13.6077	2274
13.6129	2274
13.6176	2274
13.6186	2274
13.6235	2274
13.6281	2274
13.6281	2274
13.6331	2274
13.6383	2274
13.6391	2274
13.644	2274
13.6498	2274
13.6515	2274
13.6555	2274
13.6604	2274
13.6611	2274
13.667	2274
13.6717	2274
13.6767	2274
13.6777	2274
13.6823	2274
13.6872	2274
13.6928	2274
13.6978	2274
13.6978	2274
13.702	2274
13.7079	2274
13.7086	2274
13.713	2274
13.7183	2274
13.7193	2274
13.7241	2274
13.7288	2274
13.7298	2274
13.7344	2274
13.7394	2274
13.7403	2274
13.7453	2274
13.7532	2274
13.7574	2274
13.7584	2274
13.7634	2274
13.768	2274
13.774	2274
13.775	2274
13.7791	2274
13.7841	2274
13.7841	2274
13.7895	2274
13.7944	2274
13.7997	2274
13.8007	2274
13.806	2274
13.8102	2274
13.8112	2274
13.8162	2274
13.8217	2274
13.8217	2274
13.8264	2274
13.8314	2274
13.8361	2274
13.8371	2274
13.8428	2274
13.8476	2274
13.8486	2274
13.8523	2274
13.8573	2274
13.8583	2274
13.8639	2274
13.8689	2274
13.8696	2274
13.8743	2274
13.8793	2274
13.8793	2274
13.8846	2274
13.8898	2274
13.894	2274
13.895	2274
13.9	2274
13.9055	2274
13.9065	2274
13.9113	2274
13.9161	2274
13.9161	2274
13.921	2274
13.9511	2003
13.9514	2003
13.9573	2003
13.9635	2003
13.9635	2003
13.9693	2003
13.975	2003
13.975	2003
13.9813	2003
13.9872	2003
13.9881	2003
13.9939	2003
13.9995	2003
14.0005	2003
14.0052	2003
14.0115	2003
14.0125	2003
14.0178	2003
14.023	2003
14.024	2003
14.0298	2003
14.035	2003
14.0369	2003
14.0416	2003
14.0476	2003
14.0484	2003
14.0541	2003
14.0595	2003
14.0604	2003
14.0662	2003
14.0719	2003
14.0728	2003
14.0786	2003
14.0838	2003
14.0848	2003
14.0906	2003
14.0956	2003
14.0966	2003
14.102	2003
14.107	2003
14.108	2003
14.1145	2003
14.1205	2003
14.1205	2003
14.127	2003
14.1329	2003
14.1329	2003
14.1386	2003
14.1443	2003
14.1453	2003
14.15	2003
14.1563	2003
14.1573	2003
14.1625	2003
14.1687	2003
14.1697	2003
14.1749	2003
14.1802	2735
14.1812	2735
14.1852	2735
14.1898	2735
14.1938	2735
14.1938	2735
14.1989	2735
14.2022	2735
14.2022	2735
14.2067	2735
14.2114	2735
14.2114	2735
14.2157	2735
14.219	2735
14.22	2735
14.2242	2735
14.2281	2735
14.2291	2735
14.2339	2735
14.2379	2735
14.2389	2735
14.2429	2735
14.2462	2735
14.2472	2735
14.2512	2735
14.2559	2735
14.2559	2735
14.2599	2735
14.2645	2735
14.2645	2735
14.2689	2735
14.2729	2735
14.2738	2735
14.278	2735
14.282	2735
14.283	2735
14.2862	2735
14.2904	2735
14.2914	2735
14.2952	2735
14.2999	2735
14.3009	2735
14.3049	2735
14.3086	2735
14.3086	2735
14.3134	2735
14.3173	2735
14.3173	2735
14.3211	2735
14.3268	2735
14.3268	2735
14.3308	2735
14.3345	2735
14.3355	2735
14.3392	2735
14.3432	2735
14.3442	2735
14.3487	2735
14.3527	2735
14.3537	2735
14.3574	2735
14.3612	2735
14.3612	2735
14.3662	2735
14.3702	2735
14.3702	2735
14.3744	2735
14.3795	2735
14.3795	2735
14.3835	2735
14.3877	2735
14.3887	2735
14.3929	2735
14.3969	2735
14.3979	2735
14.4012	2735
14.4054	2735
14.4064	2735
14.4104	2735
14.4149	2735
14.4159	2735
14.4199	2735
14.4231	2735
14.4231	2735
14.4273	2735
14.4323	2735
14.4323	2735
14.4369	2735
14.4409	2735
14.4418	2735
14.4451	2735
14.4494	2735
14.4504	2735
14.4542	2735
14.4586	2735
14.4596	2735
14.4638	2735
14.4678	2735
14.4688	2735
14.4726	2735
14.4763	2735
14.4763	2735
14.4813	2735
14.485	2735
14.4857	2735
14.4897	2735
14.4926	2735
14.4973	2735
14.5011	2735
14.504	2735
14.5098	2735
14.5122	2735
14.5151	2735
14.5165	2735
14.5198	2735
14.5227	2735
14.5256	2735
14.5293	2735
14.5352	2735
14.5386	2735
14.5386	2735
14.542	2735
14.5451	2735
14.5451	2735
14.5491	2735
14.5539	2735
14.5576	2735
14.6114	2735
14.6163	2735
14.6225	2735
14.6272	2735
14.6282	2735
14.6338	2735
14.6396	2735
14.6406	2735
14.6459	2735
14.6516	2735
14.6516	2735
14.6574	2735
14.6622	2735
14.6632	2735
14.6693	2735
14.6743	2735
14.6756	2735
14.6808	2735
14.6866	2735
14.6875	2735
14.6925	2735
14.6981	2735
14.6991	2735
14.7049	2735
14.7081	2735
14.7091	2735
14.7138	2735
14.7178	2735
14.7188	2735
14.7224	2735
14.7264	2735
14.7264	2735
14.7311	2735
14.7355	2735
14.7355	2735
14.7395	2735
14.7441	2735
14.7488	2735
14.7488	2735
14.7528	2735
14.7565	2735
14.7579	2735
14.7619	2735
14.7659	2735
14.7661	2735
14.7705	2735
14.7742	2735
14.7782	2735
14.7792	2735
14.7838	2735
14.7877	2735
14.7887	2735
14.7929	2735
14.7969	2735
14.7979	2735
14.8011	2735
14.8055	2735
14.8055	2735
14.8103	2735
14.8149	2735
14.8149	2735
14.8189	2735
14.8236	2735
14.8236	2735
14.8274	2735
14.8317	2735
14.8352	2735
14.8409	2735
14.8409	2735
14.8447	2735
14.8485	2735
14.8495	2735
14.8534	2735
14.8576	2735
14.8613	2735
14.8623	2735
14.8663	2735
14.8703	2735
14.8713	2735
14.8753	2735
14.8793	2735
14.8803	2735
14.8945	2552
14.9003	2552
14.9003	2552
14.9065	2552
14.9127	2552
14.9127	2552
14.9185	2552
14.9252	2552
14.9252	2552
14.931	2552
14.9343	2552
14.9353	2552
14.9434	2552
14.9478	2552
14.9488	2552
14.953	2552
14.9621	2552
14.9621	2552
14.9679	2552
14.9741	2552
14.9741	2552
14.9794	2552
14.9866	2552
14.9866	2552
14.9923	2552
14.9985	2552
14.9985	2552
15.0034	2552
15.0081	2552
15.0081	2552
15.0139	2552
15.0172	2552
15.0182	2552
15.023	2552
15.0292	2552
15.0292	2552
15.0354	2552
15.0393	2552
15.0403	2552
15.0445	2552
15.0508	2552
15.0508	2552
15.057	2552
15.0619	2552
15.0629	2552
15.0661	2552
15.0719	2552
15.0719	2552
15.0768	2552
15.0815	2552
15.0815	2552
15.0872	2552
15.0939	2552
15.0939	2552
15.0997	2552
15.103	2552
15.104	2552
15.1088	2552
15.1155	2552
15.1155	2552
15.1204	2552
15.1246	2552
15.1256	2552
15.1312	2552
15.1352	2552
15.139	2552
15.14	2552
15.1448	2552
15.1494	2552
15.1534	2552
15.1544	2552
15.1586	2552
15.1636	2552
15.1636	2552
15.1681	2552
15.1721	2552
15.1731	2552
15.1771	2552
15.1826	2552
15.1826	2552
15.1873	2552
15.1912	2552
15.1922	2552
15.1962	2552
15.2147	2250
15.2147	2250
15.2209	2250
15.2253	2250
15.2253	2250
15.2334	2250
15.2396	2250
15.2396	2250
15.2449	2250
15.252	2250
15.252	2250
15.2583	2250
15.2632	2250
15.2632	2250
15.2707	2250
15.2751	2250
15.2751	2250
15.2803	2250
15.2861	2250
15.2861	2250
15.2928	2250
15.2985	2250
15.2985	2250
15.3052	2250
15.311	2250
15.311	2250
15.3158	2250
15.3206	2250
15.3216	2250
15.3268	2250
15.333	2250
15.333	2250
15.3392	2250
15.3446	2250
15.3446	2250
15.3498	2250
15.3546	2250
15.3556	2250
15.3613	2250
15.367	2250
15.367	2250
15.3737	2250
15.3786	2250
15.3786	2250
15.3838	2250
15.3894	2250
15.3944	2250
15.3944	2250
15.399	2250
15.405	2250
15.406	2250
15.4108	2250
15.4155	2250
15.4165	2250
15.4216	2250
15.4266	2250
15.4266	2250
15.4312	2250
15.437	2250
15.437	2250
15.4429	2250
15.4471	2250
15.4481	2250
15.4533	2250
15.4586	2250
15.4596	2250
15.4648	2250
15.4697	2250
15.4697	2250
15.4744	2250
15.4793	2250
15.4805	2250
15.4855	2250
15.4901	2250
15.4951	2250
15.4964	2250
15.5017	2250
15.5067	2250
15.5074	2250
15.5124	2250
15.5179	2188
15.5189	2188
15.5239	2188
15.528	2188
15.53	2188
15.535	2188
15.5391	2188
15.5401	2188
15.5453	2188
15.5502	2188
15.5519	2188
15.5569	2188
15.5616	2188
15.5626	2188
15.5674	2188
15.5721	2188
15.5731	2188
15.5788	2188
15.5838	2188
15.5846	2188
15.5893	2188
15.5943	2188
15.5953	2188
15.6008	2188
15.6058	2188
15.6066	2188
15.6119	2188
15.6168	2188
15.6178	2188
15.6221	2188
15.6273	2188
15.6283	2188
15.6335	2188
15.6387	2188
15.6397	2188
15.645	2188
15.6492	2188
15.6502	2188
15.6552	2188
15.6608	2188
15.6618	2188
15.6665	2188
15.6713	2188
15.6722	2188
15.6772	2188
15.6837	2188
15.6837	2188
15.6887	2188
15.6944	2188
15.6967	2188
15.7019	2188
15.7068	2188
15.7078	2188
15.7125	2188
15.7174	2188
15.7182	2188
15.724	2188
15.7289	2188
15.7307	2188
15.7354	2188
15.7404	2188
15.7411	2188
15.7461	2188
15.7518	2188
15.7561	2188
15.7571	2188
15.7621	2188
15.7676	2188
15.7685	2188
15.7735	2188
15.778	2188
15.779	2188
15.7843	2188
15.7897	2188
15.7906	2188
15.7954	2188
15.8007	2188
15.8017	2188
15.8069	2188
15.8119	2188
15.8121	2188
15.8174	2188
15.8279	2132
15.8328	2132
15.8341	2132
15.8391	2132
15.8443	2132
15.8465	2132
15.8515	2132
15.8567	2132
15.859	2132
15.864	2132
15.8682	2132
15.8696	2132
15.8744	2132
15.8792	2132
15.8801	2132
15.8851	2132
15.8916	2132
15.8926	2132
15.8976	2132
15.9023	2132
15.9031	2132
15.908	2132
15.9132	2132
15.9142	2132
15.9196	2132
15.9256	2132
15.9266	2132
15.9311	2132
15.9368	2132
15.9371	2132
15.942	2132
15.9477	2132
15.9536	2132
15.9559	2132
15.9602	2132
15.9653	2132
15.9663	2132
15.9712	2132
15.976	2132
15.977	2132
15.9828	2132
15.988	2132
15.989	2132
15.9942	2132
15.9995	2132
16.0005	2132
16.0055	2132
16.0101	2132
16.0111	2132
16.0168	2132
16.0225	2132
16.0235	2132
16.0282	2132
16.034	2132
16.035	2132
16.0397	2132
16.0445	2132
16.0455	2132
16.0513	2132
16.056	2132
16.057	2132
16.0627	2132
16.0675	2132
16.0689	2132
16.0733	2132
16.0781	2132
16.0791	2132
16.0853	2132
16.0905	2132
16.0915	2132
16.0968	2132
16.1018	2132
16.103	2132
16.1072	2132
16.1131	2132
16.1131	2132
16.1198	2132
16.1245	2132
16.1255	2132
16.1305	2132
16.135	2178
16.136	2178
16.1418	2178
16.1465	2178
16.1475	2178
16.1525	2178
16.1572	2178
16.1589	2178
16.1639	2178
16.1697	2178
16.1697	2178
16.1744	2178
16.1805	2178
16.1805	2178
16.187	2178
16.1917	2178
16.1917	2178
16.1979	2178
16.2022	2178
16.2032	2178
16.2084	2178
16.2134	2178
16.215	2178
16.2198	2178
16.2242	2178
16.2252	2178
16.2304	2178
16.2352	2178
16.2362	2178
16.2414	2178
16.2464	2178
16.2474	2178
16.2526	2178
16.2572	2178
16.2582	2178
16.2631	2178
16.2687	2178
16.2697	2178
16.2746	2178
16.2807	2178
16.2807	2178
16.2857	2178
16.2911	2178
16.2911	2178
16.2971	2178
16.3023	2178
16.3023	2178
16.3086	2178
16.3132	2178
16.3142	2178
16.3191	2178
16.3249	2178
16.3256	2178
16.3306	2178
16.3354	2178
16.3364	2178
16.3411	2178
16.3461	2178
16.3472	2178
16.3526	2178
16.3576	2178
16.3593	2178
16.3646	2178
16.3699	2178
16.3708	2178
16.3751	2178
16.3806	2178
16.3813	2178
16.3866	2178
16.3915	2178
16.3938	2178
16.398	2178
16.4035	2178
16.4062	2178
16.4115	2178
16.4164	2178
16.4191	2178
16.424	2178
16.4293	2178
16.4345	2178
16.4355	2178
16.4405	2178
16.4469	2157
16.4469	2157
16.4513	2157
16.4575	2157
16.4575	2157
16.4638	2157
16.469	2157
16.47	2157
16.4752	2157
16.4814	2157
16.4814	2157
16.488	2157
16.493	2157
16.4982	2157
16.4992	2157
16.5045	2157
16.5097	2157
16.5107	2157
16.5193	2157
16.5245	2157
16.5295	2157
16.5305	2157
16.535	2157
16.5405	2157
16.5457	2157
16.5467	2157
16.5516	2157
16.5578	2157
16.5578	2157
16.5633	2157
16.5633	2157
16.5692	2157
16.575	2157
16.5757	2157
16.5807	2157
16.5855	2157
16.5865	2157
16.5912	2157
16.5962	2157
16.5979	2157
16.6026	2157
16.6075	2157
16.6085	2157
16.6132	2157
16.6199	2157
16.6199	2157
16.6256	2157
16.6306	2157
16.6314	2157
16.6362	2157
16.642	2157
16.643	2157
16.6477	2157
16.6527	2157
16.6534	2157
16.6587	2157
16.6645	2157
16.6645	2157
16.6702	2735
16.6742	2735
16.6742	2735
16.6787	2735
16.6827	2735
16.6837	2735
16.6875	2735
16.6912	2735
16.6922	2735
16.6962	2735
16.7	2735
16.7047	2735
16.7057	2735
16.7095	2735
16.7132	2735
16.7142	2735
16.7182	2735
16.7228	2735
16.7238	2735
16.7278	2735
16.7317	2735
16.7317	2735
16.7369	2735
16.7408	2735
16.7408	2735
16.7445	2735
16.7483	2735
16.7493	2735
16.7533	2735
16.7579	2735
16.7619	2735
16.7629	2735
16.7662	2735
16.7704	2735
16.7714	2735
16.7751	2735
16.7799	2735
16.7809	2735
16.7847	2735
16.7887	2735
16.7897	2735
16.7933	2735
16.7973	2735
16.7973	2735
16.8025	2735
16.8068	2735
16.8068	2735
16.8101	2735
16.8151	2735
16.8151	2735
16.8196	2735
16.8236	2735
16.8246	2735
16.8286	2735
16.8328	2735
16.8338	2735
16.8375	2735
16.8412	2735
16.8422	2735
16.8466	2735
16.8506	2735
16.8506	2735
16.8551	2735
16.8591	2735
16.8638	2735
16.8638	2735
16.8685	2735
16.8725	2735
16.8725	2735
16.8763	2735
16.8811	2735
16.8811	2735
16.8858	2735
16.8895	2735
16.8905	2735
16.8945	2735
16.8984	2735
16.8994	2735
16.904	2735
16.9078	2735
16.9088	2735
16.9126	2735
16.9165	2735
16.9175	2735
16.9213	2735
16.9299	2735
16.9299	2735
16.9337	2735
16.9395	2735
16.9395	2735
16.9452	2735
16.9519	2735
16.9519	2735
16.9552	2735
16.9591	2735
16.9601	2735
16.9644	2735
16.9686	2735
16.9696	2735
16.9726	2735
16.9758	2735
16.9768	2735
16.9797	2735
16.9821	2735
16.983	2735
16.9869	2735
16.9899	2735
16.9909	2735
16.9937	2735
16.9969	2735
16.9979	2735
17.0008	2735
17.0045	2735
17.0045	2735
17.0075	2735
17.0134	2735
17.0146	2735
17.0196	2735
17.0252	2735
17.0252	2735
17.0312	2735
17.0368	2735
17.0378	2735
17.0439	2735
17.0488	2735
17.0498	2735
17.0546	2735
17.0602	2735
17.0612	2735
17.0663	2735
17.0722	2735
17.0732	2735
17.0781	2735
17.0847	2735
17.0847	2735
17.0909	2735
17.0958	2735
17.0968	2735
17.103	2735
17.1076	2735
17.1086	2735
17.1136	2735
17.1197	2735
17.1207	2735
17.1253	2735
17.1317	2735
17.1327	2735
17.1375	2735
17.1709	2552
17.1742	2552
17.18	2552
17.1844	2552
17.1884	2552
17.1894	2552
17.1935	2552
17.1983	2552
17.2026	2552
17.2036	2552
17.208	2552
17.2122	2552
17.2169	2552
17.2218	2552
17.2218	2552
17.226	2552
17.23	2552
17.231	2552
17.2358	2552
17.2405	2552
17.2405	2552
17.2452	2552
17.2495	2552
17.2505	2552
17.2545	2552
17.2582	2552
17.2592	2552
17.2649	2552
17.2682	2552
17.2722	2552
17.2732	2552
17.2779	2552
17.2822	2552
17.2822	2552
17.2831	2552
17.2884	2552
17.2921	2552
17.2965	2552
17.3014	2552
17.305	2552
17.306	2552
17.3101	2552
17.3156	2552
17.3196	2528
17.3248	2528
17.3248	2528
17.3298	2528
17.3334	2528
17.3344	2528
17.3384	2528
17.3439	2528
17.3439	2528
17.3489	2528
17.3521	2528
17.3531	2528
17.3574	2528
17.3623	2528
17.3633	2528
17.3676	2528
17.3718	2528
17.3728	2528
17.3774	2528
17.3814	2528
17.3824	2528
17.3862	2528
17.3915	2528
17.3915	2528
17.3967	2528
17.401	2528
17.4019	2528
17.4058	2528
17.4105	2528
17.4105	2528
17.4155	2528
17.4193	2528
17.4203	2528
17.425	2528
17.4298	2528
17.4298	2528
17.4341	2528
17.4381	2528
17.4391	2528
17.4433	2528
17.4551	2528
17.4551	2528
17.4609	2528
17.4647	2528
17.4657	2528
17.4704	2528
17.4762	2528
17.4762	2528
17.4811	2528
17.4858	2528
17.4868	2528
17.4906	2528
17.4954	2528
17.5006	2528
17.5049	2528
17.5089	2528
17.5097	2528
17.5149	2528
17.5189	2528
17.5227	2528
17.5264	2528
17.5304	2528
17.5351	2528
17.5395	2528
17.5435	2528
17.5447	2528
17.55	2528
17.5539	2528
17.5567	2528
17.5606	2528
17.5643	2528
17.5663	2528
17.572	2528
17.5764	2528
17.5774	2528
17.5812	2528
17.587	2528
17.5878	2528
17.5941	2528
17.5998	2528
17.5998	2528
17.6042	2528
17.6094	2528
17.6094	2528
17.6152	2528
17.6214	2528
17.6214	2528
17.6267	2528
17.6305	2528
17.6319	2528
17.6367	2528
17.6406	2528
17.6416	2528
17.6463	2528
17.6521	2528
17.6521	2528
17.6588	2528
17.6626	2528
17.6636	2528
17.6679	2528
17.6741	2528
17.6741	2528
17.6803	2528
17.6861	2528
17.6861	2528
17.6914	2528
17.6957	2528
17.6967	2528
17.7007	2528
17.7053	2528
17.7053	2528
17.7101	2528
17.7147	2528
17.7157	2528
17.7197	2528
17.7248	2528
17.7248	2528
17.7297	2528
17.7334	2528
17.7344	2528
17.7384	2528
17.7435	2528
17.7445	2528
17.7485	2528
17.7527	2528
17.7537	2528
17.7584	2528
17.7642	2528
17.7642	2528
17.7704	2528
17.7766	2528
17.7766	2528
17.782	2528
17.7857	2528
17.7867	2528
17.7924	2528
17.7982	2528
17.7982	2528
17.8049	2528
17.8106	2528
17.8106	2528
17.816	2528
17.8202	2528
17.8202	2528
17.8264	2528
17.8327	2528
17.8327	2528
17.8389	2528
17.8423	2528
17.8433	2528
17.8485	2528
17.8542	2528
17.8542	2528
17.8609	2528
17.8648	2528
17.8658	2528
17.8705	2528
17.8763	2528
17.8763	2528
17.8825	2528
17.8869	2528
17.8879	2528
17.8921	2528
17.8978	2528
17.8978	2528
17.9045	2528
17.9103	2528
17.9103	2528
17.917	2528
17.9209	2528
17.9219	2528
17.9261	2528
17.9323	2528
17.9323	2528
17.9386	2528
17.9429	2528
17.9439	2528
17.9481	2528
17.9539	2528
17.9539	2528
17.9606	2528
17.9663	2528
17.9663	2528
17.9717	2528
17.9759	2528
17.9769	2528
17.9821	2528
17.9884	2528
17.9884	2528
17.9937	2528
17.9975	2528
17.9985	2528
18.0042	2528
18.0081	2528
18.0091	2528
18.0133	2528
18.0195	2528
18.0195	2528
18.0257	2528
18.0296	2528
18.0306	2528
18.0353	2528
18.0411	2528
18.0411	2528
18.0464	2528
18.0502	2528
18.0511	2528
18.0551	2528
18.0602	2528
18.0602	2528
18.0652	2528
18.0695	2528
18.0707	2528
18.0747	2528
18.0793	2528
18.0793	2528
18.0843	2528
18.088	2528
18.0894	2528
18.0934	2528
18.0986	2528
18.0996	2528
18.1038	2528
18.1101	2528
18.1101	2528
18.1163	2528
18.1206	2528
18.1216	2528
18.1259	2528
18.1316	2528
18.1316	2528
18.1383	2528
18.1441	2528
18.1441	2528
18.1499	2528
18.1537	2528
18.1547	2528
18.1599	2528
18.1661	2528
18.1661	2528
18.1723	2528
18.1762	2528
18.1772	2528
18.1819	2528
18.1877	2528
18.1877	2528
18.1944	2528
18.1983	2528
18.1993	2528
18.2035	2528
18.2097	2528
18.2097	2528
18.2159	2528
18.2222	2528
18.2222	2528
18.2284	2528
18.2323	2528
18.2333	2528
18.238	2528
18.2437	2528
18.2437	2528
18.2504	2528
18.2543	2528
18.2553	2528
18.2595	2528
18.2658	2528
18.2658	2528
18.272	2528
18.2782	2528
18.2782	2528
18.2836	2528
18.2873	2528
18.2883	2528
18.294	2528
18.2998	2528
18.2998	2528
18.3065	2528
18.3104	2528
18.3114	2528
18.3156	2528
18.3218	2528
18.3218	2528
18.3262	2528
18.3309	2528
18.3319	2528
18.3376	2528
18.3434	2528
18.3434	2528
18.3482	2528
18.353	2528
18.354	2528
18.3592	2528
18.3631	2528
18.3641	2528
18.3688	2528
18.3745	2528
18.3745	2528
18.3799	2528
18.3841	2528
18.3841	2528
18.3903	2528
18.3946	2528
18.3956	2528
18.3994	2528
18.4047	2528
18.4047	2528
18.4097	2528
18.4139	2528
18.4149	2528
18.4181	2528
18.4243	2528
18.4243	2528
18.4297	2528
18.4334	2528
18.4344	2528
18.4402	2528
18.4459	2528
18.4459	2528
18.4526	2528
18.4584	2528
18.4584	2528
18.4637	2528
18.4679	2528
18.4689	2528
18.4742	2528
18.4804	2528
18.4804	2528
18.4857	2528
18.4895	2528
18.4905	2528
18.4962	2528
18.502	2528
18.502	2528
18.5068	2528
18.5115	2528
18.5115	2528
18.5178	2528
18.524	2528
18.524	2528
18.5302	2528
18.5364	2528
18.5364	2528
18.5427	2528
18.5466	2528
18.5476	2528
18.5523	2528
18.558	2528
18.558	2528
18.5638	2528
18.5676	2528
18.5686	2528
18.5738	2528
18.58	2528
18.58	2528
18.5863	2528
18.5906	2528
18.5916	2528
18.5959	2528
18.6016	2528
18.6016	2528
18.6083	2528
18.6141	2528
18.6141	2528
18.6199	2528
18.6236	2528
18.6246	2528
18.6299	2528
18.6361	2528
18.6361	2528
18.6423	2528
18.6462	2528
18.6472	2528
18.6519	2528
18.6577	2528
18.6577	2528
18.6644	2528
18.6682	2528
18.6692	2528
18.6735	2528
18.6797	2528
18.6797	2528
18.684	2528
18.6888	2528
18.6898	2528
18.6955	2528
18.7013	2528
18.7013	2528
18.7066	2528
18.7108	2528
18.7112	2528
18.7152	2528
18.7201	2528
18.7201	2528
18.7258	2528
18.7296	2528
18.7309	2528
18.7349	2528
18.7391	2528
18.7391	2528
18.7444	2528
18.7487	2528
18.7497	2528
18.7537	2528
18.7582	2528
18.7592	2528
18.7631	2528
18.7677	2528
18.7687	2528
18.7737	2528
18.7775	2528
18.7785	2528
18.7827	2528
18.7889	2528
18.7889	2528
18.7933	2528
18.798	2528
18.798	2528
18.8047	2528
18.8105	2528
18.8105	2528
18.8158	2528
18.8201	2528
18.8201	2528
18.8263	2528
18.8325	2528
18.8325	2528
18.8387	2528
18.8421	2528
18.8431	2528
18.8483	2528
18.8541	2528
18.8541	2528
18.8608	2528
18.8647	2528
18.8657	2528
18.8699	2528
18.8761	2528
18.8761	2528
18.8823	2528
18.8862	2528
18.8872	2528
18.8919	2528
18.8977	2528
18.8977	2528
18.9025	2528
18.9073	2528
18.9073	2528
18.9135	2528
18.9197	2528
18.9197	2528
18.9259	2528
18.9298	2528
18.9308	2528
18.9355	2528
18.9413	2528
18.9413	2528
18.948	2528
18.9518	2528
18.9528	2528
18.9571	2528
18.9633	2528
18.9633	2528
18.9695	2528
18.9734	2528
18.9744	2528
18.9791	2528
18.9849	2528
18.9849	2528
18.9916	2528
18.9954	2528
18.9964	2528
19.0007	2528
19.0069	2528
19.0069	2528
19.0131	2528
19.017	2528
19.018	2528
19.0227	2528
19.0276	2528
19.0276	2528
19.0328	2528
19.038	2528
19.038	2528
19.0434	2528
19.0471	2528
19.049	2528
19.0538	2528
19.0577	2528
19.0587	2528
19.063	2528
19.0687	2528
19.0687	2528
19.0735	2528
19.0783	2528
19.0783	2528
19.0845	2528
19.0884	2528
19.0894	2528
19.0941	2528
19.0998	2528
19.0998	2528
19.1042	2528
19.1094	2528
19.1094	2528
19.1157	2528
19.1219	2528
19.1219	2528
19.1262	2528
19.1343	2528
19.1343	2528
19.1406	2528
19.1449	2528
19.1459	2528
19.1502	2528
19.1559	2528
19.1559	2528
19.1626	2528
19.1684	2528
19.1684	2528
19.1751	2528
19.1808	2528
19.1808	2528
19.1875	2528
19.1933	2528
19.1933	2528
19.1981	2528
19.203	2528
19.2032	2528
19.2072	2528
19.2124	2528
19.2124	2528
19.2187	2528
19.2249	2528
19.2249	2528
19.2311	2528
19.2373	2528
19.2373	2528
19.2441	2528
19.2481	2528
19.2532	2528
19.2532	2528
19.2594	2528
19.2637	2528
19.2647	2528
19.2686	2528
19.2733	2528
19.2733	2528
19.2781	2528
19.2848	2528
19.2848	2528
19.2905	2528
19.2972	2528
19.2972	2528
19.303	2528
19.3097	2528
19.3134	2528
19.3144	2528
19.3184	2528
19.3231	2528
19.3231	2528
19.3284	2528
19.3346	2528
19.3346	2528
19.3442	2528
19.3484	2528
19.3524	2528
19.3534	2528
19.3581	2528
19.3621	2528
19.3666	2528
19.3676	2528
19.3725	2528
19.3762	2528
19.3802	2528
19.3812	2528
19.3863	2528
19.3903	2528
19.3913	2528
19.3959	2528
19.4009	2528
19.4009	2528
19.4051	2528
19.4093	2528
19.4103	2528
19.414	2528
19.419	2528
19.419	2528
19.4242	2528
19.4282	2528
19.4294	2528
19.4333	2528
19.4382	2528
19.4418	2528
19.4458	2528
19.4492	2528
19.4514	2528
19.4554	2528
19.4764	2243
19.4764	2243
19.4826	2243
19.4951	2552
19.4998	2552
19.5008	2552
19.5048	2552
19.5089	2552
19.5099	2552
19.5134	2552
19.5185	2552
19.5195	2552
19.5235	2552
19.5277	2552
19.5287	2552
19.533	2552
19.5378	2552
19.5378	2552
19.5425	2552
19.5465	2552
19.5475	2552
19.5511	2552
19.5564	2552
19.5564	2552
19.5614	2552
19.566	2552
19.567	2552
19.5708	2552
19.5756	2552
19.5756	2552
19.5805	2552
19.5843	2552
19.5853	2552
19.5895	2552
19.5945	2552
19.5945	2552
19.599	2552
19.6039	2552
19.6049	2552
19.6089	2552
19.6134	2552
19.6134	2552
19.6187	2552
19.6225	2552
19.6239	2552
19.6279	2552
19.6327	2552
19.6327	2552
19.6374	2552
19.6418	2552
19.6428	2552
19.6468	2552
19.6519	2552
19.6519	2552
19.6561	2552
19.6601	2552
19.6611	2552
19.6652	2552
19.6695	2552
19.6705	2552
19.6757	2552
19.6797	2552
19.6805	2552
19.6849	2552
19.6881	2552
19.6891	2552
19.6934	2552
19.6983	2552
19.6993	2552
19.7039	2552
19.7079	2552
19.7088	2552
19.7121	2552
19.7171	2552
19.7171	2552
19.7223	2552
19.7265	2552
19.7275	2552
19.7315	2552
19.7362	2552
19.7362	2552
19.7412	2552
19.7457	2552
19.7467	2552
19.7507	2552
19.7559	2552
19.7559	2552
19.7609	2552
19.7643	2552
19.7653	2552
19.7683	2552
19.7723	2552
19.7723	2552
19.776	2552
19.7797	2552
19.7807	2552
19.7837	2552
19.7878	2552
19.7878	2552
19.7913	2552
19.795	2552
19.795	2552
19.7993	2552
19.8023	2552
19.8033	2552
19.8063	2552
19.8105	2552
19.8105	2552
19.8147	2552
19.8176	2552
19.8186	2552
19.8213	2552
19.8253	2552
19.8253	2552
19.8291	2552
19.8353	2552
19.8353	2552
19.8392	2552
19.8444	2552
19.8444	2552
19.8506	2552
19.8569	2552
19.8569	2552
19.8602	2552
19.8664	2552
19.8664	2552
19.8722	2552
19.8789	2552
19.8789	2552
19.8828	2552
19.888	2552
19.888	2552
19.8942	2552
19.9005	2552
19.9005	2552
19.9043	2552
19.91	2552
19.91	2552
19.9158	2552
19.9191	2552
19.9191	2552
19.9254	2552
19.9316	2552
19.9316	2552
19.9378	2552
19.9441	2552
19.9441	2552
19.9489	2552
19.9536	2552
19.9536	2552
19.9594	2552
19.9627	2552
19.9637	2552
19.969	2552
19.9752	2552
19.9752	2552
19.9814	2552
19.9848	2552
19.9858	2552
19.9905	2552
19.9972	2552
19.9972	2552
