462 0.571429
563 14.7327
664 20.6733
765 20.198
866 19.2475
968 10.4706
1069 11.4059
1175 6
1276 7.36634
1378 2.94118
1481 4.54369
1582 5.70297
1683 9.86139
1784 2.85149
1885 4.87129
1987 11.8824
2088 8.91089
2189 7.24752
2290 9.38614
2391 13.0693
2492 13.4257
2593 12.1188
2694 15.9208
2823 9.67442
2925 10.5882
3026 12.7129
3127 12.1188
3236 5.17431
3337 14.7327
3438 22.8119
3539 23.0495
3640 21.1485
3741 17.9406
3842 9.14851
3946 18.4615
4048 2.94118
4149 3.32673
4250 10.6931
4358 10
4459 12.7129
4560 20.7921
4661 23.1683
4762 20.9109
4863 15.2079
4964 24.1188
5065 22.6931
5166 16.6337
5269 18.7573
5370 20.7921
5481 17.4054
5582 15.9208
5683 21.0297
5784 21.9802
5885 17.4653
5986 22.5743
6087 24.2376
6188 21.2673
6289 18.297
6390 19.4851
6491 20.4356
6592 22.4554
6693 24.9505
6795 15.4118
6896 5.46535
6998 1.64706
7099 5.70297
7200 4.51485
7301 8.31683
7405 8.19231
7510 9.37143
7611 20.0792
7735 3.67742
7837 8.82353
7942 15.6571
8043 7.84158
8144 9.14851
8248 5.30769
8362 10.9474
8463 9.38614
8564 17.5842
8667 16.4272
8768 7.60396
8874 9.16981
8975 16.8713
9076 15.6832
9177 21.3861
9279 18.8235
9380 16.5149
9512 7.63636
9616 6.46154
9717 2.85149
9822 4.45714
9924 4
10025 11.4059
10127 11.7647
10233 10.3019
10334 7.60396
10435 19.604
10536 21.505
10637 7.12871
10738 13.5446
10840 11.8824
10941 17.1089
11042 16.8713
11177 7.82222
11278 9.0297
11379 17.3465
11480 6.41584
11581 13.4257
11682 19.7228
11783 16.9901
11884 13.901
11985 20.9109
12086 19.4851
12187 15.9208
12288 16.9901
12389 16.396
12490 13.0693
12591 18.7723
12692 17.5842
12793 17.703
12894 21.1485
12995 24.5941
13096 21.9802
13197 22.5743
13298 23.7624
13399 17.3465
13500 19.2475
13601 20.3168
13702 20.5545
13803 24.3564
13904 25.3069
14005 22.4554
14106 21.8614
14207 25.7822
14308 23.1683
14409 23.2871
14510 23.0495
14611 25.901
14712 26.1386
14813 26.495
14914 25.7822
15015 26.2574
15116 26.3762
15217 25.901
15318 26.495
15419 26.3762
15520 15.3267
15621 17.3465
15722 14.0198
15823 25.6634
15924 26.0198
16025 25.5446
16126 24.5941
16227 20.6733
16357 11.5385
16469 2.25
16571 2
16672 4.39604
16773 13.4257
16874 20.198
16975 10.3366
17077 2
17178 9.50495
17279 15.2079
17380 11.8812
17482 18.5882
17589 13.4579
17690 8.43564
17791 6.17822
17892 10.099
17993 9.38614
18094 22.4554
18195 10.3366
18296 10.6931
18397 17.3465
18498 17.703
18599 25.6634
18700 26.1386
18801 26.3762
18902 25.901
19003 14.1386
19170 11.3533
19271 15.6832
19372 8.43564
19473 16.1584
19580 7.96262
19684 6.80769
19785 13.5446
19886 6.89109
19988 21.0588
20089 18.4158
20190 19.604
20291 19.3663
20392 22.099
20493 23.7624
20594 15.5644
20695 22.5743
20796 25.4257
20897 14.2574
20998 25.7822
21105 18.6168
21211 7.81132
21312 8.67327
21413 15.9208
21514 24.2376
21615 25.4257
21716 25.901
21817 25.6634
21918 26.2574
22019 26.1386
22120 26.0198
22221 26.6139
22322 25.7822
22423 26.0198
22524 26.0198
22625 18.0594
22726 20.5545
22827 23.6436
22928 21.7426
23029 21.7426
23130 24.8317
23231 26.1386
23332 26.1386
23433 26.2574
23534 25.5446
23635 25.901
23736 16.0396
23837 14.7327
23939 11.7647
24040 15.802
24144 23.7692
24248 17.1923
24349 4.0396
24450 23.7624
24551 25.1881
24652 26.6139
24753 26.495
24854 22.9307
24955 24.4752
25056 26.3762
25157 25.7822
25258 24.8317
25359 20.3168
25460 26.6139
25561 25.6634
25662 25.901
25763 26.1386
25864 25.7822
25965 25.901
26066 26.0198
26167 24.3564
26268 24.7129
26369 26.2574
26470 25.1881
26571 26.0198
26672 26.2574
26773 25.5446
26874 25.7822
26975 26.1386
27076 25.901
27177 26.2574
27278 26.0198
27379 25.4257
27480 24
27581 25.3069
27682 25.5446
27783 26.6139
27884 26.1386
27985 25.5446
28086 26.2574
28187 25.7822
28288 24.7129
28389 26.2574
28490 21.9802
28591 22.9307
28692 22.3366
28794 21.8824
28895 22.9307
28996 22.6931
29097 23.0495
29198 22.099
29299 22.6931
29400 24.3564
29501 25.5446
29602 26.6139
29703 24.3564
29804 25.4257
29905 26.1386
30006 26.3762
30107 26.495
30208 27.5644
30309 25.6634
30410 25.5446
30511 25.5446
30612 25.6634
30713 25.5446
30814 26.1386
30915 25.4257
31016 25.6634
31117 26.2574
31218 25.5446
31319 26.2574
31420 26.1386
31521 25.3069
31622 24.9505
31723 21.8614
31824 21.505
31925 23.2871
32026 24
32127 20.9109
32228 20.198
32329 22.5743
32430 22.4554
32531 22.8119
32632 22.2178
32733 22.099
32834 22.3366
32935 22.3366
33036 22.6931
33137 22.3366
33238 22.6931
33339 23.8812
33440 21.3861
33541 22.099
33642 22.8119
33743 22.4554
33845 22.3529
33946 22.5743
34047 22.6931
34148 21.1485
34249 21.8614
34350 22.6931
34451 22.4554
34552 22.099
34653 22.099
34754 23.8812
34855 21.7426
34956 21.8614
35057 22.8119
35158 22.6931
35259 21.505
35360 23.0495
35461 23.2871
35562 21.505
35663 23.1683
35764 22.6931
35865 21.9802
35966 21.505
36067 24.1188
36168 23.8812
36269 22.8119
36370 21.6238
36471 23.1683
36572 17.4653
36673 22.5743
36774 20.9109
36875 17.8218
36976 23.0495
37077 22.5743
37178 23.0495
37279 22.2178
37380 22.099
37481 22.8119
37582 22.3366
37683 22.2178
37784 22.8119
37885 22.3366
37986 22.8119
38087 22.5743
38188 22.9307
38289 22.6931
38390 21.8614
38491 23.2871
38592 21.6238
38694 22.2353
38795 21.7426
38896 23.4059
38997 21.6238
39099 22.4706
39200 23.0495
39301 22.2178
39402 23.5248
39505 22.9515
39606 24.2376
39708 21.4118
39809 22.9307
39910 23.0495
40011 26.0198
40112 26.6139
40213 26.6139
40314 25.4257
40415 25.6634
40516 21.6238
40617 19.8416
40718 23.4059
40819 25.901
40920 25.901
41021 26.2574
41122 25.7822
41223 23.4059
41324 26.2574
41425 25.7822
41526 25.7822
41627 25.7822
41728 25.6634
41829 26.495
41930 26.3762
42031 25.3069
42132 26.2574
42233 26.0198
42334 25.6634
42435 26.1386
42536 25.0693
42637 26.1386
42738 22.8119
42839 21.8614
42941 22.7059
43042 25.4257
43143 24.2376
43244 25.0693
43345 23.8812
43446 17.4653
43547 20.6733
43648 22.9307
43749 18.4158
43850 20.4356
43951 22.8119
44052 21.9802
44153 16.2772
44254 22.099
44355 22.8119
44456 16.2772
44557 21.9802
44658 22.4554
44759 23.6436
44860 23.1683
44961 20.7921
45062 24.9505
45163 27.802
45264 22.3366
45365 16.0396
45466 21.3861
45567 22.099
45668 22.6931
45769 22.3366
45870 23.1683
45971 21.9802
46072 21.0297
46173 25.0693
46274 20.7921
46375 22.5743
46476 22.9307
46577 22.099
46678 22.9307
46779 23.0495
46880 22.2178
46981 22.2178
47082 22.6931
47183 22.6931
47284 22.6931
47385 22.9307
47489 22.9615
47590 21.6238
47691 23.5248
47792 21.8614
47893 21.505
47994 22.5743
48095 23.6436
48196 22.4554
48298 22.2353
48399 22.8119
48500 21.7426
48601 26.2574
48702 26.8515
48803 26.0198
48904 26.2574
49005 20.9109
49106 22.099
49207 24.1188
49308 21.2673
49409 20.5545
49510 22.2178
49611 23.0495
49712 22.5743
49813 22.8119
49914 22.3366
50015 22.9307
50116 22.3366
50217 22.9307
50318 22.3366
50419 22.5743
50520 22.3366
50621 22.4554
50722 22.9307
50823 22.4554
50924 23.1683
51025 22.2178
51126 22.8119
51227 22.8119
51329 17.6471
51430 22.6931
51531 22.4554
51632 16.8713
51733 22.2178
51834 21.6238
51935 16.9901
52036 21.3861
52137 20.9109
52238 25.0693
52339 25.7822
52440 26.0198
52541 25.5446
52642 25.7822
52743 26.0198
52844 25.5446
52945 26.3762
53047 24.3529
53149 21.5294
53250 22.4554
53351 22.6931
53452 22.5743
53553 21.9802
53654 22.9307
53755 22.2178
53856 22.2178
53957 22.6931
54059 22
54160 23.8812
54261 21.9802
54362 22.2178
54463 21.8614
54565 21.7647
54666 22.8119
54767 21.9802
54868 22.099
54969 24.1188
55070 21.0297
55171 23.6436
55272 22.5743
55373 24
55474 23.0495
55575 22.2178
55676 17.3465
55777 21.9802
55878 21.6238
55979 18.5347
56080 20.7921
56181 19.8416
56282 22.6931
56383 16.5149
56484 22.3366
56585 21.3861
56686 15.9208
56787 25.3069
56888 26.0198
56989 26.0198
57090 26.1386
57191 26.3762
57292 25.4257
57393 26.495
57494 22.8119
57595 21.505
57696 25.7822
57797 26.2574
57898 25.7822
57999 26.6139
58100 26.1386
58201 25.7822
58302 24.7129
58403 25.7822
58504 25.4257
58605 26.1386
58706 25.901
58807 26.1386
58908 21.505
59009 18.6535
59110 21.7426
59211 24
59312 25.6634
59413 26.2574
59514 25.7822
59615 25.6634
59716 26.495
59817 26.0198
59918 25.1881
60019 26.1386
60120 26.0198
60221 26.0198
60322 26.0198
60423 25.7822
60524 25.3069
60625 25.901
60726 25.901
60827 23.0495
60928 22.9307
61029 20.7921
61130 21.7426
61231 25.3069
61332 25.6634
61433 26.2574
61534 21.1485
61635 19.8416
61736 20.7921
61837 25.6634
61938 25.5446
62039 25.4257
62140 26.0198
62241 21.9802
62342 21.9802
62443 23.4059
62544 25.0693
62645 26.0198
62746 25.7822
62847 25.6634
62948 26.1386
63049 25.4257
63150 23.5248
63251 20.5545
63352 20.5545
63453 18.8911
63554 24.3564
63655 24.9505
63756 25.1881
63857 25.5446
63958 24.8317
64059 25.7822
64160 26.495
64261 26.495
64362 26.3762
64463 26.7327
64564 25.7822
64665 26.2574
64766 26.3762
64867 26.0198
64968 26.6139
65069 26.495
65170 25.901
65271 26.495
65372 26.2574
65473 25.5446
65574 25.901
65675 25.5446
65776 25.901
65877 26.2574
65978 26.6139
66079 25.5446
66180 26.3762
66281 26.495
66382 25.3069
66483 25.7822
66584 26.1386
66685 26.0198
66786 22.2178
66887 21.8614
66988 20.0792
67089 23.1683
67190 20.6733
67291 18.6535
67392 21.7426
67493 22.5743
67594 16.8713
67695 21.2673
67796 22.8119
67897 22.2178
67998 19.8416
68099 22.6931
68200 20.4356
68301 18.1782
68402 21.7426
68503 22.4554
68604 16.6337
68709 18.8571
68810 15.4455
68913 6.05825
69014 8.07921
69115 18.297
69216 21.9802
69317 25.3069
69418 21.9802
69519 22.6931
69620 22.6931
69722 15.0588
69823 13.901
69924 15.2079
70025 18.5347
70126 18.1782
70231 13.3714
70332 13.901
70436 11.6538
70537 6.65347
70639 6.70588
70740 10.3366
70841 10.6931
70942 11.5248
71046 5.42308
71148 5.88235
71293 2.15172
71394 9.0297
71495 10.4554
71598 10.835
71700 11.7647
71801 9.50495
71902 14.495
72003 14.9703
72104 10.9307
72207 13.9806
72308 13.6634
72409 9.62376
72510 10.9307
72613 11.8835
72718 13.1429
72820 11.2941
72921 10.2178
73022 11.8812
73124 10.8235
73226 5.88235
73327 5.94059
73430 4.42718
73531 5.58416
73632 6.05941
73736 6.11538
73845 5.06422
73948 3.96117
74056 2.88889
74198 1.69014
74299 9.38614
74400 7.24752
74503 6.99029
74604 4.63366
74705 10.4554
74806 9.62376
74909 9.08738
75010 7.24752
75113 8.62136
75214 9.38614
75315 9.62376
75423 15.3333
75524 10.8119
75625 8.07921
75727 4.58824
75828 2.73267
75931 6.17476
76032 4.87129
76138 3.84906
76239 2.9703
76341 3.41176
76444 3.61165
76545 10.3366
76646 12.8317
76748 8.82353
76850 6
76951 7.9604
77052 9.26733
77153 15.6832
77254 12.2376
77355 13.901
77459 12.9231
77560 21.9802
77661 27.5644
77762 26.6139
77863 26.8515
77964 26.495
78065 25.901
78166 22.8119
78267 21.9802
78368 21.0297
78469 22.8119
78570 22.5743
78671 21.1485
78772 22.5743
78873 21.2673
78974 25.0693
79075 26.3762
79176 18.0594
79277 22.6931
79378 26.6139
79479 25.1881
79580 20.198
79681 25.7822
79782 27.0891
79883 27.0891
79984 27.6832
80085 26.7327
80186 27.2079
80287 22.3366
80388 21.9802
80490 11.6471
80591 21.1485
80692 26.3762
80793 20.6733
80894 19.2475
80995 27.5644
81096 20.0792
81197 21.9802
81298 23.5248
81399 21.9802
81500 27.4455
81601 26.495
81702 27.5644
81803 27.4455
81909 23.434
82010 8.91089
82112 9.17647
82213 9.9802
82314 11.0495
82415 12.8317
82516 22.3366
82617 14.6139
82718 23.5248
82819 23.4059
82921 18.3529
83022 16.396
83123 20.7921
83224 22.3366
83325 22.6931
83426 24.2376
83528 16.9412
83629 19.8416
83731 11.8824
83832 9.9802
83933 8.79208
84034 9.9802
84136 7.41176
84240 17.1923
84342 14.5882
84446 10.7308
84547 11.7624
84648 12.2376
84749 22.2178
84850 18.5347
84951 18.5347
85052 18.0594
85153 16.9901
85257 11.7692
85360 9.78641
85461 15.4455
85562 13.1881
85664 9.41176
85765 8.19802
85880 4.48696
85981 6.17822
86090 2.97248
86193 3.37864
86362 0.568047
86469 1.1215
86578 1.87156
86680 2.47059
86785 2.74286
86887 3.76471
86991 5.76923
87093 3.52941
87196 5.00971
87298 4.94118
87410 7.92857
87512 5.17647
87615 7.33981
87716 13.6634
87817 18.7723
87918 24.1188
88019 12
88122 12
88223 12.3564
88324 16.1584
88427 9.43689
88530 7.80583
88633 6.75728
88735 9.41176
88836 15.3267
88938 10.4706
89042 8.65385
89143 9.62376
89244 24.9505
89345 25.1881
89446 26.1386
89547 15.5644
89650 6.87379
89751 7.84158
89852 16.1584
89953 17.2277
90054 26.8515
90156 14.9412
90257 16.5149
90358 20.198
90459 21.9802
90560 16.5149
90661 10.8119
90762 4.9901
90863 7.9604
90964 17.8218
91065 18.5347
91166 15.3267
91289 4.39024
91391 10.2353
91498 8.29907
91599 12
91704 9.25714
91808 8.76923
91909 4.75248
92024 3.13043
92126 5.88235
92229 4.54369
92335 4.07547
92440 4.45714
92541 5.22772
92643 4.23529
92747 3.92308
92849 3.76471
92953 5.88462
93056 6.29126
93165 4.51376
93267 5.52941
93370 3.61165
93474 5.19231
93575 4.9901
93676 5.70297
93778 1.64706
93880 1.64706
93988 2
94092 1.5
94195 1.86408
94299 1.84615
94409 1.52727
94514 2.62857
94623 2.09174
94726 0.582524
94829 1.51456
94940 1.2973
95044 1.15385
95150 0.679245
95254 1.15385
95359 0.914286
95481 0.688525
95617 0.264706
95812 0.492308
95913 14.2574
96014 9.9802
96115 14.7327
96216 20.6733
96317 19.3663
96421 13.8462
96529 4.22222
96632 3.84466
96733 13.1881
96834 14.1386
96935 17.9406
97036 19.4851
97137 17.3465
97238 19.3663
97339 21.2673
97440 13.5446
97541 9.14851
97642 17.1089
97743 21.2673
97844 21.2673
97945 22.3366
98046 22.2178
98147 23.0495
98248 22.099
98349 26.0198
98450 26.495
98551 25.6634
98652 26.1386
98753 25.901
98854 25.3069
98958 22.0385
99059 16.396
99160 19.9604
99261 16.9901
99362 19.0099
99463 16.1584
99564 18.7723
99665 21.1485
99766 16.396
99867 23.1683
99968 25.901
100069 26.2574
100170 26.0198
100271 26.3762
100372 26.2574
100473 26.3762
100575 8.70588
100688 8.49558
100792 1.84615
100898 1.69811
101004 1.35849
101105 5.70297
101211 5.43396
101313 7.41176
101414 13.4257
101515 13.1881
101616 9.26733
101717 5.82178
101818 12.5941
101919 16.0396
102024 6.97143
102127 4.31068
102228 10.3366
102329 20.7921
102430 22.3366
102531 22.6931
102632 22.8119
102733 12.9505
102838 12.2286
102939 17.703
103040 21.8614
103141 21.3861
103244 17.9417
103345 18.8911
103448 18.4078
103549 17.8218
103650 15.5644
103753 11.534
103854 7.60396
103955 16.2772
104056 19.8416
104157 21.1485
104258 21.9802
104359 25.4257
104460 26.0198
104561 19.4851
104662 18.7723
104763 10.5743
104864 20.7921
104965 18.0594
105066 22.5743
105167 16.7525
105268 23.0495
105369 25.5446
105470 26.2574
105571 25.6634
105672 26.1386
105773 26.0198
105874 24.7129
105975 25.901
106076 26.495
106177 25.901
106278 26.8515
106379 26.1386
106480 25.7822
106581 25.901
106682 26.2574
106783 26.0198
106884 26.3762
106985 26.495
107086 26.0198
107187 26.8515
107288 25.901
107389 25.5446
107490 25.901
107591 22.8119
107692 22.8119
107793 16.396
107894 22.4554
107995 17.5842
108096 16.2772
108200 12.1154
108301 15.0891
108402 15.6832
108503 14.1386
108606 13.9806
108708 11.7647
108814 11.3208
108918 15
109019 14.7327
109120 18.7723
109221 22.3366
109322 21.6238
109428 17.5472
109531 10.835
109632 17.8218
109733 10.2178
109834 19.7228
109935 25.3069
110036 22.6931
110137 22.8119
110238 22.5743
110339 16.0396
110440 20.5545
110541 22.099
110642 25.6634
110743 26.0198
110844 26.3762
110947 20.8544
111055 3.33333
111205 2.8
111306 12.7129
111407 7.60396
111508 16.8713
111611 15.6117
111714 14.2136
111815 21.6238
111916 25.6634
112017 26.495
112119 24.4706
112220 21.8614
112321 18.6535
112422 13.3069
112524 13.2941
112628 10.7308
112731 9.6699
112832 14.9703
112933 13.5446
113034 20.6733
113135 19.9604
113237 20.9412
113338 22.3366
113439 21.7426
113540 21.2673
113641 23.1683
113742 23.2871
113843 22.8119
113944 23.5248
114045 18.7723
114146 8.67327
114248 8.47059
114351 9.08738
114458 8.85981
114559 7.72277
114661 8.58824
114762 6.41584
114906 4.16667
115017 8.43243
115120 0.582524
115306 0.387097
115407 16.8713
115508 24.4752
115609 26.1386
115710 7.36634
115811 24.5941
115913 8.70588
116014 6.77228
116116 5.29412
116354 1.86555
116455 16.396
116556 24.9505
116657 15.4455
116758 26.495
116859 26.495
116960 14.7327
117061 16.396
117162 23.8812
117263 26.1386
117364 26.495
117465 25.4257
117566 25.6634
117667 26.1386
117768 25.7822
117869 26.3762
117970 26.3762
118071 25.901
118172 26.495
118273 25.0693
118374 26.0198
118475 26.0198
118576 25.1881
118677 26.1386
118778 26.6139
118879 26.0198
118980 26.495
119081 23.0495
119182 20.0792
119283 25.6634
119384 26.495
119485 26.6139
119586 26.0198
119687 26.0198
119788 26.6139
119889 26.0198
119990 26.0198
120091 26.3762
120192 26.7327
120293 25.901
120394 26.2574
120495 26.3762
120596 25.6634
120697 26.7327
120798 26.7327
120901 17.2427
121008 2.01869
121277 0.713755
121378 23.5248
121479 18.6535
121580 24.5941
121683 24.932
121784 17.5842
121885 11.8812
121987 4.94118
122155 2.35714
122256 21.2673
122357 29.5842
122458 33.9802
122559 14.495
122660 21.0297
122761 22.6931
122862 24.8317
122963 16.5149
123064 23.1683
123165 22.8119
123266 22.5743
123367 24.4752
123468 20.0792
123569 21.8614
123670 23.2871
123771 21.7426
123872 22.6931
123973 22.4554
124074 22.5743
124175 23.0495
124276 22.2178
124377 26.0198
124478 25.901
124579 23.6436
124680 24.9505
124781 20.4356
124882 18.8911
124983 22.5743
125084 24
125185 25.901
125286 19.9604
125387 15.802
125488 22.5743
125589 22.4554
125690 22.9307
125791 24.7129
125892 20.198
125993 17.703
126094 23.7624
126195 26.3762
126296 26.0198
126397 26.2574
126498 25.7822
126599 24.8317
126700 26.3762
126801 22.2178
126902 17.5842
127003 21.2673
127104 22.5743
127205 18.7723
127306 19.604
127407 22.6931
127508 18.7723
127609 25.6634
127710 26.3762
127811 25.1881
127912 22.4554
128013 22.6931
128114 22.5743
128215 22.8119
128316 24.5941
128417 25.6634
128518 25.901
128619 26.1386
128720 25.7822
128821 25.901
128922 26.0198
129023 25.901
129124 25.901
129225 25.3069
129326 24.5941
129427 26.0198
129528 25.4257
129629 25.901
129730 26.3762
129831 26.6139
129932 26.3762
130033 26.6139
130134 25.7822
130235 33.9802
130336 50.2574
130437 20.3168
130538 24.5941
130639 26.0198
130740 25.901
130841 25.3069
130942 25.7822
131043 26.3762
131144 25.0693
131245 21.1485
131346 21.8614
131447 22.4554
131548 21.9802
131649 21.9802
131750 23.5248
131851 22.8119
131952 25.901
132053 26.7327
132154 26.2574
132255 26.8515
132356 26.3762
132457 26.9703
132558 25.901
132667 17.2844
132768 5.58416
132871 7.2233
133020 1.85235
133133 0.424779
133238 1.48571
133343 1.14286
133456 2.86726
133571 0.626087
133678 1.1215
133780 1.88235
133935 1.08387
134105 3.10588
134213 6.22222
134314 8.43564
134417 10.9515
134521 4.96154
134622 17.9406
134723 12.7129
134824 14.8515
134926 13.7647
135027 12.7129
135128 9.50495
135230 11.7647
135331 11.4059
135435 15.5769
135536 19.9604
135637 18.0594
135738 22.2178
135841 22.4854
135942 16.5149
136043 12.7129
136146 15.7282
136247 9.38614
136348 9.62376
136449 8.91089
136550 4.63366
136651 3.32673
136753 2.47059
136854 6.89109
136956 3.64706
137066 5.23636
137170 3.80769
137273 2.56311
137376 1.51456
137479 5.24272
137580 3.08911
137681 4.51485
137787 2.49057
138013 0.637168
138114 18.7723
138216 19.8824
138322 9.73585
138427 11.0857
138528 14.3762
138632 7.5
138733 11.1683
138835 3.52941
138973 10.2609
139077 2.65385
139213 0.176471
139319 4.64151
139427 5
139528 5.34653
139629 5.82178
139730 20.9109
139831 25.7822
139932 17.1089
140034 21.0588
140135 12.7129
140236 41.8218
140337 16.0396
140438 25.3069
140539 23.7624
140640 16.7525
140741 21.1485
140842 22.099
140943 18.0594
141044 20.3168
141145 22.9307
141246 21.2673
141347 19.7228
141448 23.0495
141549 23.4059
141650 16.7525
141751 20.6733
141852 26.3762
141953 21.6238
142054 23.7624
142155 23.7624
142256 23.7624
142357 21.9802
142458 22.8119
142559 25.5446
142660 26.3762
142761 26.2574
142862 26.8515
142963 26.2574
143064 25.901
143165 20.5545
143266 21.7426
143369 15.3786
143475 12.6792
143576 19.3663
143677 24.2376
143778 23.1683
143880 17.8824
143985 20.2286
144087 5.17647
144188 4.39604
144289 7.48515
144532 2.12346
144633 15.5644
144734 25.7822
144869 4.53333
144970 9.14851
145072 20.1176
145173 21.7426
145274 14.3762
145381 7.85047
145484 5.70874
145586 8.94118
145687 13.901
145788 13.6634
145889 14.495
145992 11.6505
146093 8.19802
146194 10.5743
146298 1.96154
146423 2.304
146526 1.39806
146635 4.29358
146762 2.92913
146863 23.2871
146964 26.9703
147065 19.2475
147166 23.1683
147267 22.9307
147368 22.9307
147469 17.8218
147570 21.0297
147671 24.8317
147772 27.0891
147873 26.9703
147974 24
148075 26.3762
148176 26.3762
148277 25.4257
148378 24.1188
148479 26.1386
148580 26.1386
148681 26.1386
148782 24.5941
148883 23.0495
148984 21.3861
149085 18.6535
149186 22.2178
149287 22.2178
149388 22.6931
149489 22.3366
149590 22.099
149691 22.2178
149792 17.1089
149893 21.8614
149994 21.9802
150095 27.0891
150196 27.5644
150323 17.1969
150424 25.901
150525 26.495
150626 23.8812
150727 25.4257
150828 26.495
150929 26.7327
151030 26.8515
151131 26.2574
151232 26.9703
151333 27.2079
151434 26.7327
151535 18.1782
151636 23.5248
151737 25.5446
151838 26.9703
151939 24.3564
152040 17.9406
152141 22.4554
152242 25.1881
152343 23.6436
152444 24.1188
152545 24.5941
152646 27.802
152747 26.8515
152848 24.7129
152951 21.9029
153053 16.9412
153154 24.1188
153255 26.1386
153356 25.5446
153457 25.901
153558 25.3069
153659 26.1386
153760 21.505
153868 13.3333
153974 10.9811
154082 8.22222
154186 7.84615
154287 8.67327
154555 2.37313
154656 6.41584
154757 21.505
154858 22.5743
154968 6.21818
155072 14.0769
155173 16.6337
155274 15.3267
155376 18
155482 13.9245
155591 9.57798
155692 10.4554
155793 7.12871
155894 9.74257
156015 4.95868
156119 2.53846
156221 6.82353
156322 9.50495
156423 4.63366
156540 1.33333
156736 0.857143
156838 10.4706
156939 15.5644
157042 12.1165
157143 12.5941
157245 12.3529
157346 9.0297
157450 8.19231
157552 10.5882
157653 13.5446
157756 10.0194
157859 7.45631
157960 12.2376
158061 10.8119
158164 10.9515
158266 4.70588
158375 8.25688
158476 7.12871
158579 6.64078
158680 4.63366
158781 4.39604
158887 3.28302
158992 0.914286
159094 3.29412
159195 5.10891
159297 2.35294
159399 2.94118
159500 3.68317
159601 3.68317
159704 5.59223
159808 3.11538
159910 2.82353
160011 4.27723
160112 10.3366
160235 8.87805
160336 4.15842
160437 8.07921
160538 6.29703
160639 6.53465
160741 9.17647
160842 9.26733
160944 7.88235
161045 5.82178
161146 6.77228
161247 6.29703
161348 12.2376
161450 12.3529
161552 6.94118
161653 3.20792
161755 5.52941
161857 6.82353
161958 8.55446
162061 1.39806
162162 4.75248
162270 2
162371 4.87129
162472 4.0396
162591 1.41176
162699 1.66667
162824 4.032
162925 5.82178
163045 2.2
163153 2.55556
163258 4.34286
163377 1.41176
163486 2.31193
163589 3.26214
163692 1.28155
163793 2.13861
163897 2.76923
164001 3.34615
164125 2.12903
164238 3.18584
164340 3.88235
164455 3.75652
164558 3.96117
164661 4.8932
164768 1.1215
164869 3.68317
164972 2.91262
165076 2.30769
165177 4.0396
165281 2.42308
165385 4.15385
165487 2.35294
165595 1.77778
165696 2.61386
165817 1.4876
165937 0.5
166050 0.955752
166155 0.685714
166258 0.932039
166362 0.807692
166465 0.699029
166573 1
166679 1.01887
166801 0.885246
166905 1.15385
167045 1.11429
167147 0.941176
167252 2.05714
167353 0.356436
167496 0.41958
167598 1.76471
167720 1.57377
167830 3.16364
167933 1.16505
168049 1.03448
168172 1.7561
168296 0.580645
168427 0.549618
168528 0.712871
168652 0.677419
168771 0.605042
168915 0.333333
169052 0.613139
169185 0.180451
169298 0.318584
169400 0.470588
169585 0.12973
169697 0.214286
169831 0.358209
169952 0.297521
170057 0.571429
170179 0.393443
170328 0.322148
170442 0.842105
170583 0.255319
170714 0.641221
170818 0.923077
